train_jpeg/ff0ccd30da3865d7d52bdab6863106b9 0 0 0 0 0 1
train_jpeg/5dcc50d9eb1c4959a2a0dbdf2845ffc3 0 0 0 0 0 1
train_jpeg/b911c2fdb0b80d9c7214a859aced0a8a 0 0 0 0 0 1
train_jpeg/60cc046cf313c5943d45adce6c79a236 0 0 0 0 0 1
train_jpeg/0bdb1109dfa8f6f0f3a8c4fad249506c 0 0 0 0 0 1
train_jpeg/117c218c2534e3d40a6ca0b3d724eb24 0 0 0 0 0 0
train_jpeg/aa20e108316a361edbb9e78ad50f2a8e 0 0 0 0 0 1
train_jpeg/7c6bf9b40c9b53c6b49b00c0fa1e61e5 0 0 0 0 0 0
train_jpeg/e76c69a0601a1f3f059a762b7fb0614e 0 0 0 0 0 0
train_jpeg/8580fcdc52d9484496469f85973767f9 0 0 0 0 0 1
train_jpeg/ed4efe30ae54fe3f57904eb7d738fd99 0 0 0 0 0 0
train_jpeg/e981c8d1cdec803cbf210b0fea369704 0 0 0 0 0 1
train_jpeg/05ee3741c4523f2265a0dc3c1b69d529 0 0 0 0 0 1
train_jpeg/915e7fbda46ac956e163de4485710390 0 0 0 0 0 1
train_jpeg/9341bf20527e1792a69a8a47e714c9db 0 0 0 0 0 1
train_jpeg/5e3b7956f2c75e38ab3ecb3812589a68 0 0 0 0 0 1
train_jpeg/c1a9eb5705553300d855c275769b45a7 0 0 0 0 0 1
train_jpeg/21f596b4f75fd3d0ff54f55ad760272b 1 0 0 0 1 0
train_jpeg/57f2a1834a03f38792b4c118af510804 0 0 0 0 0 1
train_jpeg/f0dac9f8581ef45abcd6bd909696846c 0 0 0 0 0 1
train_jpeg/a4f53850cb70bbfa9f3ea93f0117a9c1 0 0 0 0 0 1
train_jpeg/afe99e8177106afe77243e8ecf51cc87 0 0 0 0 0 1
train_jpeg/c1827af71217e9e543d3fe31e92da292 0 0 0 0 0 1
train_jpeg/c8623f6f7222da4f76be1d6ab830f7fb 0 0 0 0 0 1
train_jpeg/2b4350b0495a67a2381af182f77b8465 0 0 0 0 0 1
train_jpeg/58c5949654c7b37ed3c373ae8ff10d52 0 0 0 0 0 1
train_jpeg/e2e1ad4cef08200f95ed4d4b0bf712e0 0 0 0 0 0 1
train_jpeg/5bd9abee030f681a8fa24e35837270c5 0 0 0 0 0 1
train_jpeg/b916395666119e47b1bbd35c56235e3f 0 0 0 0 0 1
train_jpeg/a5fa78262506164ef6e8e4125aa1be5f 0 0 0 0 0 1
train_jpeg/e65244f755c20b6c3925fb3669c24b0b 0 0 0 0 0 1
train_jpeg/810491951571933b11959743e41a704b 0 0 0 0 0 0
train_jpeg/4d26c4716e6f33d0fccb37c8dd6c551d 0 0 0 0 0 1
train_jpeg/9b1dc381c4d751e0fdeff85fbf311276 0 0 0 0 0 1
train_jpeg/a84c5a7adea6bbde88dc2ac6747ca443 0 0 0 0 0 0
train_jpeg/dc363bc90641559fa4452b2e20ab41b1 0 0 0 0 0 1
train_jpeg/aef156a41ae971bfabc47f28d1c81dc9 0 0 0 0 0 0
train_jpeg/4af2fb064cc821e4a7631fccdcf86c3e 0 0 0 0 0 1
train_jpeg/e5d63ef8a922c6775c51ce9b511235b9 0 0 0 0 0 0
train_jpeg/c7e98748e4f569bf9eb456a8b01c9b9a 0 0 0 0 0 1
train_jpeg/9a1a909b3cc2641976339609258c1b04 0 0 0 0 0 0
train_jpeg/67b1b913840db444f4e11f4d1acd65d0 0 0 0 0 0 1
train_jpeg/c989d46402b855ed7f825b7e6e4c17b2 0 0 0 1 0 0
train_jpeg/a3ca1ceec50e701e7f1a5d09a7827ee4 0 0 0 0 0 0
train_jpeg/160e7d89d5cb048ad15947eee4e8c54d 0 0 0 0 0 1
train_jpeg/a0e08352d5127c4654a6f563899fd901 0 0 0 1 0 0
train_jpeg/a4c71296aa5ce5ac4f5d4b244dfd0a11 0 0 0 0 0 0
train_jpeg/400c4a56fafceb23d378e2a0c531bf1d 0 0 0 0 0 1
train_jpeg/26d9a51c0e889911fadbfd7219c6540a 1 0 0 0 0 0
train_jpeg/ee5c789882b4ee2061224b9e39195f55 0 0 0 0 0 1
train_jpeg/3a328d66387d59be8793ee8b4f4bdc1b 0 0 0 0 0 0
train_jpeg/c5a45ede0cbd270bf54e8a5e7fd27813 1 0 0 0 0 0
train_jpeg/16226b1bff454f0621dc499b0bf05fcc 0 0 0 0 0 1
train_jpeg/253d35b7096d0957bd79cfb4b1c954e1 0 0 0 0 0 1
train_jpeg/bc48e0aff19d075c1fa1c30cfc95999a 0 0 0 0 0 1
train_jpeg/524f09c24a034a2daae14151142ff9be 0 0 0 0 0 1
train_jpeg/6889a840d82b81c8de902c601a075b8c 0 0 0 0 0 1
train_jpeg/48e258ce61a71b27f93233e021024be8 0 0 0 0 0 0
train_jpeg/a9519d3f4ff000976deae0b62bcdddad 0 0 0 0 0 1
train_jpeg/03a6078c0c12fb076b50ae017e590e19 0 0 0 0 0 0
train_jpeg/7d6b2982de91c0a900396745c79f3c39 0 0 0 0 1 0
train_jpeg/892e41c7ed24db564a46d384de10c99c 1 0 0 0 0 0
train_jpeg/cfbf4cf50bfdc65b49aa60353700a130 0 0 0 0 0 1
train_jpeg/6146a0f5d44ae4d624cd489a631b8bed 0 0 0 0 0 1
train_jpeg/89bab84561df6af7b88b6a7d05254725 0 0 0 0 0 0
train_jpeg/ccb985d9ce3e511785d15bc92dfb05b5 0 0 0 0 0 1
train_jpeg/33cffa5ef42f15c6dbab82fd4da1b348 0 0 0 0 0 1
train_jpeg/6d5acf3f8a973a26844d617fffe72998 1 0 1 0 1 0
train_jpeg/5933a74d7c042ba8801e604b79c64933 0 0 0 0 0 0
train_jpeg/1cd0875e0a37e347301306ae881b2a24 0 0 0 0 0 1
train_jpeg/620664ee95e4f58879e35869ae08c12a 0 0 0 0 0 1
train_jpeg/f92fd37674c703ad3d68aa4fd1a22dac 0 0 0 0 0 1
train_jpeg/0d6acec8422b6fb8e214f770a1ff7d2d 0 0 0 0 0 1
train_jpeg/fd3328ac67ebfde350f68a954c738c77 0 0 0 0 0 1
train_jpeg/b6f07c3256419d2afece328ae2f7ebc5 0 0 0 0 0 0
train_jpeg/cda2cf23ab958545151b26e9faffc049 0 0 0 0 0 1
train_jpeg/51c9555c13a2ce6554d4592c95b80a39 0 0 0 0 0 1
train_jpeg/e263e822f06dc13b9156b0776dbdbb8a 0 0 0 0 0 1
train_jpeg/833700d99ce535ab4642e0f3f8125483 0 0 0 0 0 1
train_jpeg/6b495865e970c5ccd5d4ad4214047918 0 0 0 0 0 1
train_jpeg/7253800842122c9e6e95878b46008f54 0 0 0 0 0 0
train_jpeg/1f184f86ab6c64017ae4f989df78558c 0 0 0 0 0 1
train_jpeg/65743bacba984c53af421328a19dfa77 0 0 0 0 0 1
train_jpeg/44340a3332c1364864dd4d9ae6fea977 0 0 0 0 0 1
train_jpeg/8d388ee2f8887595b353f3346187ad22 0 0 0 0 0 1
train_jpeg/8546e6700926e5c0d8c4466b71497a86 0 0 0 0 0 1
train_jpeg/98553a08561599e00ebcbc603e206557 0 0 0 0 0 0
train_jpeg/b348d2129375bd69901432f8f34edc9f 0 0 0 0 0 1
train_jpeg/b2761458a97457eb9702ea72dec1453a 0 0 0 0 0 1
train_jpeg/4492c069f7ada2a19b95a740e9af64e4 0 0 0 0 0 0
train_jpeg/9d7593d2ecec04359396db7bef01e710 0 0 0 0 0 1
train_jpeg/3126f384167edfe4650413888feb60f1 0 0 0 0 0 0
train_jpeg/c26185210303f6c638a4ac60e635df21 1 0 0 0 0 0
train_jpeg/a87dc1505bcdb64c00c84b096799bdab 0 0 0 0 0 0
train_jpeg/28b59f3955343ef5aa5e70e6e26a865a 0 0 0 0 0 1
train_jpeg/18e91ea53a6b6829c70ae2d762605c21 0 0 0 0 0 0
train_jpeg/f7fd31cb67b22bf95cc94d909b6dd2e3 0 0 0 0 0 0
train_jpeg/7bee8aa7c75305b6231950b2a22f4356 0 0 0 0 0 1
train_jpeg/3b464abb85ca7ca83a105e6057afab52 0 0 0 0 1 0
train_jpeg/e835b5a5a70aa50b95f2181f9aaa8201 0 0 0 0 0 1
train_jpeg/0b3f09a003f9cbc1e8c54f230be2ba2d 0 0 0 0 0 0
train_jpeg/78ea1df200023de69c0cf9d0c8a28658 0 0 0 0 0 1
train_jpeg/3e5e42dfac0028a8810d7420ec7885c2 0 0 0 0 0 1
train_jpeg/f0b84626f469ecb58024dc1ad62036c4 0 0 0 0 0 1
train_jpeg/d2dfdd37d222a2a258182bf0a32d44b2 0 0 0 0 0 1
train_jpeg/7d7ebec69dcf4ec6e88f58b8eaf4e4df 0 0 0 0 0 1
train_jpeg/bed92eb6f05d1e8a39ad62dee410a1b1 0 0 0 0 0 1
train_jpeg/728ab8bd828b09fc9ef588de31e88d4d 0 0 0 0 0 1
train_jpeg/6c2e955de0010853a3fe23c1d140fb54 0 0 0 0 0 1
train_jpeg/f4c75572b1b62a80c3b1d29bd01f3ce6 0 0 0 0 0 1
train_jpeg/b39766eebb3128e9d7614eeb12a8572d 0 0 0 0 0 1
train_jpeg/6b8d8bf1c37b01465d95eb84c88a6d88 0 0 0 0 0 1
train_jpeg/0d03df2e9ed557d0c9edcec777056c1f 1 1 0 0 0 0
train_jpeg/3fb03f39fb2232e19b6de537731aa5ad 0 0 0 0 0 1
train_jpeg/4a01b1f6c3863833bf9de0aac14ca27b 0 0 0 0 0 1
train_jpeg/c01fbdb847e05945098abd4f4ec75239 0 0 0 0 0 1
train_jpeg/46c55ae4fdb5c1c97554633e1d8f4501 0 0 0 0 0 1
train_jpeg/829d6b4c6299fe6ce434d23d2410427f 0 0 0 0 0 1
train_jpeg/6ecf4d9fc47523ed028206ab33244f8c 0 0 0 0 0 1
train_jpeg/a4606afe5fe398c62a18163214f921fe 0 0 0 0 0 1
train_jpeg/7e20b83bce6da017ebe4ce49535232d3 0 0 0 0 0 1
train_jpeg/f17ab5d2c1c0820f859587e13515841f 0 0 0 0 0 1
train_jpeg/dde109688e3f9deac4ab260b9b512ffd 0 0 0 0 0 1
train_jpeg/8c5650a5ef0045609115e88935ed5867 0 0 0 0 0 1
train_jpeg/01d74633de293c5790e191d6a544b130 0 0 0 0 0 1
train_jpeg/0cf9a5a8732ff379cff0ac1a1a54634b 0 0 0 0 0 1
train_jpeg/24bfefea72970330a9a8013298cf5f51 0 0 0 0 0 1
train_jpeg/036e52a7979b27826f67bde01b2bf725 0 0 0 0 0 1
train_jpeg/fecd425d8cb75dd3f38e3e8e14302fd7 0 0 0 0 0 1
train_jpeg/8eef9b4b8fb6ad366dbd00b813e90682 0 0 0 0 0 1
train_jpeg/6612d7f6119514cbeda6de56571d9f84 0 0 0 0 0 0
train_jpeg/8c7b05f3611bbc0dc260e022ae9e8a8e 0 0 0 0 0 1
train_jpeg/321f7e75a35ff3b3cb8a4cfb0ab266c2 0 0 0 0 0 1
train_jpeg/6e469682b53c4c558e23632c4c7e4fe5 0 0 1 1 0 0
train_jpeg/5895fa847d7ce6fbc0c1ad1ca998b613 1 0 1 0 0 0
train_jpeg/3ed4693bf10d9e6067d6f1ef88485bb7 0 0 0 0 0 0
train_jpeg/01892129d76aaa1f59d4b22df8a14c0b 0 0 0 0 0 1
train_jpeg/5b233461eab56cd2966544aa963474f8 0 0 0 0 0 1
train_jpeg/a188aa13e99ce710e0d32548deac6569 0 0 0 0 0 1
train_jpeg/2a7a75a118e112a3b655617f77a3009a 0 0 0 0 0 0
train_jpeg/4a4c4a897e607c7250be6cc6abbc9767 0 0 0 0 0 1
train_jpeg/b49ac548758f192cb3a0f0f69a2d7716 0 0 0 0 0 1
train_jpeg/082155fdae6472bf90d0e0a70f83c744 0 0 0 0 0 1
train_jpeg/ee58d3793efc6bf1c28ddcc58b01e158 0 0 0 0 0 1
train_jpeg/772c9e15d948c799261d4cd6350dc2e0 0 0 0 0 0 1
train_jpeg/9a3d018df521eaab6b4eec203a19970b 1 0 0 1 0 0
train_jpeg/5e34316faabf48a42c4c618a506626b9 0 0 0 0 0 1
train_jpeg/72e37a321e25a5082cbb0907b90047ae 0 0 0 0 0 1
train_jpeg/8333298ed00e375cd2ab46d1a57641bc 0 0 0 0 0 1
train_jpeg/600f30b4b9e4eab1d027065d4b0140fc 0 0 0 0 0 0
train_jpeg/da4cfaa6343960e89066e60b678bbbd7 0 0 0 0 0 0
train_jpeg/01807b02013b5eb9306ce74e5ecd6016 0 0 0 0 0 1
train_jpeg/ec87555191135994a80fa2804228b79a 0 0 0 0 0 1
train_jpeg/564a53cd8024bc37490355d2f36b3642 0 0 0 0 0 1
train_jpeg/f57a452f52edaaaf43d41c78f1f73181 0 0 0 0 0 0
train_jpeg/adc01b67d1d426c270e7d2f26bfa71ef 0 0 0 0 0 1
train_jpeg/54220e92c21a62705bf7a124f88f952b 0 0 0 0 0 0
train_jpeg/515b5247a057b966fa2d1bd50907fd79 0 0 0 0 0 1
train_jpeg/a8367ec0fb2ac950bb697cc1e2b0dd58 0 0 0 0 0 1
train_jpeg/3245cf02595ea859a8f9e40444563694 0 0 0 0 0 1
train_jpeg/651e3e80c37c3f1cd0c9fc5d267a99d4 0 0 0 0 0 1
train_jpeg/5c0e5d5565e95746f3760193c38a48bf 0 0 0 1 0 0
train_jpeg/87efb24a3a55ce5e825e4173e375c070 0 0 0 0 0 1
train_jpeg/f6689a5d04b19e0750f5128f629b5d39 0 0 0 0 0 0
train_jpeg/b8dbdb44b319385c420cad1d55ee573b 0 0 0 0 0 1
train_jpeg/513203e29fe43941076e37a945e58c36 0 1 0 0 0 0
train_jpeg/93b51b063f282d0b88e5dc9a7eb5c1b0 0 0 0 0 0 1
train_jpeg/789af7544ed67e96acfbe0bcf660eb2b 0 0 0 0 0 1
train_jpeg/9f2360f56f61751a254678ec0adbc77d 0 0 0 0 1 0
train_jpeg/d23bb0447470c62748051ef65bbf7698 0 0 0 0 0 1
train_jpeg/d7aa5e60ee80aaf14ca8ed980dca65c0 0 0 0 0 0 1
train_jpeg/9eba0d101f410f9cdfae46cb094ae2a6 1 0 0 0 0 0
train_jpeg/99e893102cae18f29f3a19e6bf335150 0 0 0 0 0 1
train_jpeg/5e1039f00f64d53d316c66fccb16ddd0 0 0 0 0 0 1
train_jpeg/71dc79a8d7a6d7c60e1199810f708213 0 0 0 0 0 1
train_jpeg/6dc207746578921c58e86d97b78534bd 0 0 0 1 0 0
train_jpeg/48273ebc8a590c8874f821ee05165353 0 0 0 0 0 1
train_jpeg/610d69d7787f995a196a5d8ea8ed1be5 1 1 0 1 0 0
train_jpeg/c1c713b330b2cca01963d73ccb294de9 0 0 0 0 0 1
train_jpeg/498ac0c4815a890629cf509446a47238 0 0 0 0 0 0
train_jpeg/a1c28c6577b846888f74e51aa2bf60b4 0 0 0 0 0 1
train_jpeg/4db39daa428ae70f35510d3f559d86c0 0 0 0 0 0 1
train_jpeg/f427a602bd5118f325550a3f00320551 0 0 0 0 0 1
train_jpeg/9ec9d98f23e318a7e843f47577b4ca54 0 0 0 0 0 1
train_jpeg/d947047dbcf04119ee04c1aef5030cc0 0 0 0 0 0 1
train_jpeg/b697b05804ad72848855b69781acf2eb 0 0 0 0 0 1
train_jpeg/bb39350ab564d44de74b77ad863a8ae6 0 0 0 0 0 0
train_jpeg/2dc722469cfd32be031103b80b8aaf47 0 0 0 0 0 1
train_jpeg/81495487f4c6efa87069e70c1aec0486 0 0 0 0 0 1
train_jpeg/61966d6f39bef799d5a19a7bc8215ab7 0 0 0 0 0 1
train_jpeg/1da6c21d441f9f4853662d9d038c7af3 0 0 0 0 0 1
train_jpeg/4025df6cfe224cd145c2ffac3d67fdba 0 0 0 0 0 1
train_jpeg/252208e9202f16824a9c738e564eea5b 0 0 0 0 0 1
train_jpeg/e65784ed3ae371e991d3362ab0eb8a35 0 0 0 0 0 0
train_jpeg/9637e54d9a4162ab8c4370d45eb3a069 0 0 0 0 0 1
train_jpeg/22bffc5899594f02be82d2eb16b8fceb 0 0 0 0 0 1
train_jpeg/a950a49156748cdd16882317f9b17d6c 0 0 0 0 0 1
train_jpeg/2e9caf35e4c86be7006e6588b6e56985 0 0 0 0 0 1
train_jpeg/2e968b23fc1bc1150bf1943e1b53b031 0 0 0 0 0 1
train_jpeg/fd3146535919d38dab274dfb747d8afb 0 0 0 0 0 1
train_jpeg/b8a7669b5debce390c877d087380722d 0 0 0 0 0 0
train_jpeg/67cbbbc94027667fe9fe8fe6ea07f9a2 0 0 0 0 0 0
train_jpeg/da4f74aa1442d910174204f6dfb0d074 0 0 0 0 0 0
train_jpeg/0032c6091dc8f1b1245fc2f5f45458fa 0 0 0 0 0 1
train_jpeg/89068be45da02828aa9841f9901c845f 0 0 0 0 0 1
train_jpeg/dba73ad098671788c3ed72fc9b07bdd3 0 0 0 0 0 0
train_jpeg/434ecbadfd73fb207ae9c51230367530 0 0 0 0 0 1
train_jpeg/665ba9b5664d7055c1d0ac1a44ea1ea9 0 0 1 0 0 0
train_jpeg/42a0e01edabc44f812173bb07fa5bb09 0 0 0 0 0 0
train_jpeg/2a4a459820226a8b7683df0df4adac6f 0 0 0 0 0 1
train_jpeg/2575c2c2b42a316dada58c33b80170e1 0 0 0 0 0 1
train_jpeg/a1ca117d127ab891cd933b42d91e746c 0 0 0 0 0 1
train_jpeg/2cb21c7b25708742a6eed6ba4a59e6eb 0 0 0 0 0 0
train_jpeg/ac752b0b8cc19def83152828e39ddc71 0 0 0 0 0 0
train_jpeg/8412d1e9905a2ae07ae49d95c51c0bcd 0 0 0 0 0 1
train_jpeg/72db011d874a7d2151f75b4f0ae679b2 1 0 0 0 0 0
train_jpeg/efd7ed72d3d6717f9fdb8c7556feb843 0 0 0 0 0 1
train_jpeg/5ac4a899ddce1ecac8ab3a498e033f36 0 0 0 0 0 1
train_jpeg/fef3e36fbec340a6ef785936fb8859c6 1 0 0 0 0 0
train_jpeg/d395c0b411e829fdea7ce9ce8130ee98 0 0 0 0 0 1
train_jpeg/7e8194e82f5907582d3e7c55547be903 0 0 0 0 0 1
train_jpeg/a9b85b3365170515e428d3e71a323bc0 0 0 0 0 0 1
train_jpeg/1d8f4d5daf11f2b01695b71a862aa813 0 0 0 0 0 0
train_jpeg/8565824b9fcef8da112174a0f064f1e3 0 0 0 0 0 1
train_jpeg/5430a52487fe104992c7c6addec843cb 0 0 0 0 0 1
train_jpeg/447b27e5b6c7719bc1a272ba5ab1473d 0 0 0 0 0 1
train_jpeg/0f80dbcaeb8424d1ade057857e621e04 0 0 0 0 0 1
train_jpeg/97812bf7d17fa951958dd751cee65ad2 0 0 0 0 0 1
train_jpeg/64bca10d3d3408f0842501ffed22429e 0 0 0 0 0 1
train_jpeg/0a2afec0536af1dde1f5468980cf4cbf 0 0 0 0 0 1
train_jpeg/d9c599b10c98143b8e2e282ea76c0fc2 0 0 0 0 0 1
train_jpeg/86984d1ecdd9e307ef38f06eada3e494 0 0 0 0 0 1
train_jpeg/bd1aeb3b9a96232d36037a08070a2149 0 0 0 0 0 1
train_jpeg/34cd20b9b98cd2817d460a6033e34b95 0 0 0 0 0 1
train_jpeg/74a6dc1a51dffd964baef5089fc4d1b6 0 1 0 0 0 0
train_jpeg/f7987e0db0dcf873c778b099ebd9bf1a 0 0 0 0 0 0
train_jpeg/9e90a23fb8d5ce13eb766d538afcafea 0 0 0 1 0 0
train_jpeg/e4cb3ec2dabafa7b640c747d31d55377 0 0 0 0 0 1
train_jpeg/2b97dbc4add3faa4bf1fd64878392c97 0 0 0 0 0 1
train_jpeg/a995b7251057480098c9c9d34b615b2a 1 0 0 0 0 0
train_jpeg/6bc1897634bbb80696b33e3ad978d381 0 0 0 0 0 1
train_jpeg/3cf63efda2877e82309ade6cccea737e 0 0 0 0 0 1
train_jpeg/1b8bb721f6adf077404509d5ba07033f 0 0 0 0 0 1
train_jpeg/b629fcc6f8fb6041407f7ed88b288515 0 0 0 0 0 1
train_jpeg/24e9b243d734e26d9de71aa3e08ef9b0 1 0 1 0 0 0
train_jpeg/b11960f23db725bb4ba6f6741586a5f7 0 0 0 0 0 0
train_jpeg/202c143d707ffb87599d64736b23dfa2 0 0 0 0 0 1
train_jpeg/6471a01a77bb083ac0f8722c7a028b96 0 0 0 0 0 1
train_jpeg/4912f3ce7ab758410fa94e979984e267 0 0 0 0 0 1
train_jpeg/94c7099c9236965c8caaa5606f9dad25 0 0 0 0 0 1
train_jpeg/9da65d59721d58bd125a4fc94b6ffec6 0 0 0 0 0 0
train_jpeg/67d9c7b038acb7d128552e08d9b94558 0 0 0 0 0 1
train_jpeg/c337c0c48cb14bcfac1ba739a785c2cb 0 0 0 0 0 0
train_jpeg/88932681cc425d08e5583baeafb9dd12 0 0 0 0 0 0
train_jpeg/fa73a312933b5f86fec7f44bd8cf94a5 0 0 0 0 0 1
train_jpeg/903d2fbf7c8b1790c310eaad79d61787 0 0 0 0 0 1
train_jpeg/b7e47d8f0bff6b61be75b7aa01c6b59c 0 0 0 0 0 1
train_jpeg/8e4fbd703dcadb5ea09f09bbc7108e11 0 0 0 0 0 1
train_jpeg/81926e991b8cfac176b5d10953675440 0 0 0 0 0 1
train_jpeg/7a1d72be9ef473df66d225c53e61f77e 0 0 0 0 0 0
train_jpeg/3cc514941cb66809afd5bc0cc15c22d5 0 0 0 0 0 1
train_jpeg/e92889b2a8f36ceb1d8602f4b05a49a3 0 0 0 0 0 1
train_jpeg/6e4391555899c8474c4d32f42b2ba21b 1 0 1 1 0 0
train_jpeg/9304e69006023a7d77c1bcc451bcc3c4 0 0 0 0 0 1
train_jpeg/2ad9cb1610c318b89b42912ae007040e 0 0 0 0 0 1
train_jpeg/d32509da6cdeed96643392245b6ab8e8 0 0 0 0 0 1
train_jpeg/8b4d5c40cadb0b8b8c10f01c0deadad9 0 0 0 0 0 1
train_jpeg/64f8ed3e008f88f66042f014d1242de9 0 0 0 0 0 1
train_jpeg/d300794127aff6981089b213a348b5d5 0 0 0 0 0 1
train_jpeg/a85e347c62a7b0f063727d4880e75fbb 0 0 0 0 0 1
train_jpeg/41fb428a3813d4efe0f1031d9bff16df 0 0 0 0 0 0
train_jpeg/335e60bc5c466210bd4f928d86c76e55 0 0 0 0 0 1
train_jpeg/d88889702d40b5b13d15fe27608816a2 0 0 0 0 0 1
train_jpeg/3dcf070650a2fa3b7a16fa122c1476ed 0 0 0 0 0 1
train_jpeg/27fffe0d97f2808e5744ca084ef602d9 0 0 0 0 0 1
train_jpeg/8fcbf4c0ba3178b938cc3c80df975fe3 0 0 1 0 0 0
train_jpeg/4d50404bd9b5f0a330835aecd681067c 0 0 0 0 0 1
train_jpeg/1c3e88d7eb1849e80d109ab2f059a2e1 0 0 0 0 0 1
train_jpeg/a30e54c94c56cf1448eb8f3921a40e15 0 0 0 0 0 0
train_jpeg/2fa7906cc0d122c8ef0a654409b5e1d2 0 0 0 0 0 0
train_jpeg/0740dd59179b3143d02c3a477aa65894 0 0 0 0 0 1
train_jpeg/26d753574ab2e8477d69d00b2a1459ed 0 0 0 0 0 1
train_jpeg/32fde91b99bae97d18e444d506e9ac45 0 0 0 0 0 1
train_jpeg/2c71d64c36258deed0de846014db0813 0 0 0 0 0 1
train_jpeg/ba3d73290e5752dd869823e17a7e4ad0 0 0 0 0 0 1
train_jpeg/0b5d222662dfa80d7ba8b101bb88e20c 0 0 0 0 0 1
train_jpeg/fd9e829db017bf7d3750a815b2f34e89 0 0 0 0 0 1
train_jpeg/4e0856fe29f4d2eecc45dcac43c39c1e 0 0 0 0 0 0
train_jpeg/53e38d7f3c422e9c1b62bb337b882735 0 0 0 0 0 1
train_jpeg/5f29751e018d2c3458d027c39a722316 0 0 0 0 0 1
train_jpeg/d06c8ceb9a059ac9d5cecafd846d3b96 0 0 0 0 0 1
train_jpeg/0fde596e9d333383384858c74e80b4ff 0 0 0 0 0 1
train_jpeg/0d5597f8b17330d498fc5e13893e3081 0 0 0 0 0 0
train_jpeg/da5d664bf252317b42f4242784291bea 0 0 0 0 0 1
train_jpeg/d3bc02cc13302e2f442d937a403b2fbe 0 0 0 0 0 1
train_jpeg/9ce4169ac820450d4a18f4d9d33d40f1 0 0 0 0 0 0
train_jpeg/e7a7039949a6418db2f3845203dde79e 0 0 0 0 0 1
train_jpeg/58531213db18b19dd940e11ed1350ca4 0 0 0 0 0 1
train_jpeg/2e400d384acd12f3569df70ad088af11 0 0 0 0 0 1
train_jpeg/cd870e76466ce35db5f5f169f5b8c5aa 0 0 0 0 0 1
train_jpeg/af201da8a5f8354c4c3291995d5cbafd 0 0 0 0 1 0
train_jpeg/0ae3eb69e2179773256718264fa199b4 0 0 0 0 0 1
train_jpeg/5f85b5e9e56f415879dd96808b606d02 0 0 0 0 0 1
train_jpeg/6644b267058ae9b1d8b10ff905879bca 0 0 0 0 0 1
train_jpeg/660ccc5fa073c0783969979ababd7e5e 0 0 0 0 0 1
train_jpeg/fb40ca51c74b4be05cc855629211b406 0 0 0 0 0 1
train_jpeg/932d244bca353f89e7b19a22d01372a9 0 0 0 0 0 1
train_jpeg/64a606fb75f1f77d998a73cd45d30422 0 0 0 0 0 1
train_jpeg/7f1d7f3172c881299c6055db6ae127c1 0 0 0 0 0 1
train_jpeg/62fad4135a04319bc5e499828b05ac70 0 0 0 0 0 0
train_jpeg/7a26d1202e7bb46ab2ced24e0adfb043 0 0 0 0 0 1
train_jpeg/7392ba639a64e84d8c38d1921e2d6108 0 0 0 0 0 1
train_jpeg/87222168e0c854adc8d38ecf9715361f 0 0 0 0 0 0
train_jpeg/7168076e56f8feaa7de68e441156b9e4 0 0 0 0 0 1
train_jpeg/238b1299945de447d94124e14734edab 1 0 1 0 0 0
train_jpeg/5628d3366a1626745f8b0726b9abd863 0 0 0 0 0 1
train_jpeg/d6f481aca86583398fe54c7bcbd6d836 0 0 0 0 0 1
train_jpeg/6d43d219db726158fff4612cbf843c4c 0 0 0 0 0 1
train_jpeg/fa8a619dcb85f74699af1582fdb5d80a 0 0 0 0 0 1
train_jpeg/ad2667570c5af6029b7fdd5686fcdea3 0 0 0 0 0 1
train_jpeg/cf32a2bc41deeb7436a36bcc4ff324fb 0 0 0 0 0 0
train_jpeg/92fae85ed91d9465eb06594a89cf2697 0 0 0 0 0 1
train_jpeg/1f9bc16c14437340bf28841980a117c5 0 0 0 0 0 1
train_jpeg/c6cc024999b7b310c25464723e615a46 0 0 0 0 0 1
train_jpeg/c5f612ff593f8d5568d3b5d5594d96d4 0 0 0 0 0 0
train_jpeg/d754c0b8f318f683355ec2b11954abb4 1 0 0 0 1 0
train_jpeg/d7a25ad16052c0403d8d7313c8af2223 0 0 0 0 0 1
train_jpeg/ec7bb483a75b599dcdc56d8d371e21ee 0 0 0 0 0 1
train_jpeg/fe9ea4cc5d0c98dfb4590931b5a0e672 0 0 0 0 0 1
train_jpeg/a737f9059963d3ce2f16b45287c39699 0 0 0 0 0 1
train_jpeg/36bbd459a965a8e317338dcc9d9e4185 0 0 0 0 0 1
train_jpeg/34fd6ab2fe34832857d4bc2d04eb0e3d 0 0 0 0 0 1
train_jpeg/cca5fa8df1efa35b42580fc781efadb7 0 0 0 0 0 0
train_jpeg/f715f41073c221efb6f0ffa2bed61629 0 0 0 0 0 1
train_jpeg/a0b375d701964950241058ea41153325 0 0 0 0 0 1
train_jpeg/77835724cdfcfeb3509584375709ea03 0 0 0 0 0 1
train_jpeg/0343e7f7e9e4cc1ac974ab130d46eafa 0 0 0 0 0 1
train_jpeg/39f57c83a1026f43f87ec02311874dc3 0 0 0 0 0 1
train_jpeg/05e560d65da399f4310a51c5bc7f44d8 0 0 0 0 0 1
train_jpeg/7e7413d3318ebe1228440563b5f570b8 0 0 0 0 0 1
train_jpeg/d790c8ade28cbc2ed3aa6c561b986bd2 0 0 0 0 0 1
train_jpeg/43d3137e74ebd344636228e786cb91b0 1 0 0 0 1 0
train_jpeg/628ab07625d7ac80f9c909b4380e75b3 0 0 0 1 0 0
train_jpeg/28bed0c1fbc9d000cb3dbb2a2b1b37de 0 0 0 0 0 1
train_jpeg/3c7400e326b4c475d22b21e84ac64b87 0 0 0 0 0 1
train_jpeg/4319296b1f1156bdf8f45f7599b168aa 0 0 0 0 0 1
train_jpeg/0282e15e8d8362733aebb2718f895919 0 0 0 0 0 1
train_jpeg/3c5e999bcc6ac19f375f201c27546de1 0 1 0 0 0 0
train_jpeg/aa7fd75c84c03f4eec5b9e0468043d68 1 0 0 0 0 0
train_jpeg/b15a93f329d08e18247d266fc89dc05a 0 0 0 0 0 1
train_jpeg/f68b31e44bfe5252ca65f6bc22152e61 0 0 0 0 1 0
train_jpeg/64f09bf84016428dd43f8984b2c303f7 0 0 0 0 0 1
train_jpeg/ee3b2a3399a40af7703ce312d43df635 0 0 0 0 0 0
train_jpeg/9d5c532ba08dbfcbb12e198a4b03cb4e 0 0 0 0 0 1
train_jpeg/c00897ef1056df83770ee0b461633524 0 0 0 0 0 1
train_jpeg/e1eb9553f694d0eba82535625d70186c 0 0 0 0 0 0
train_jpeg/18ebccea33583751bb70b9aed324b9f0 0 0 0 0 0 1
train_jpeg/4085e7c5e44d4bc75213131a8a6aee47 0 0 0 0 0 0
train_jpeg/f69544d8d9ec0d571302f4f534eb3a10 0 0 0 0 0 1
train_jpeg/dea14aee7ebd5d25d36ac440bad3e62d 0 0 0 0 0 1
train_jpeg/3925524220e998ce7bec943286f63e73 0 0 0 0 0 1
train_jpeg/9d64d7f0326c7c9bd9766b7ac4d654c1 0 0 0 0 0 1
train_jpeg/9af0c589acd7aaeb91faa73a655ee85d 0 0 0 0 0 1
train_jpeg/a67c67cb7d0016618765bcd7ca92d62a 0 0 0 0 0 1
train_jpeg/b76cd3abd7eaaf6c0e3ab9c09c616271 0 0 0 0 0 1
train_jpeg/e5f555e04bd705502f7ca5e36e9e845a 0 0 0 0 0 1
train_jpeg/d6fb22a067e4c9d6380ad86b5d99383f 0 0 0 0 0 1
train_jpeg/a9519d3f4ff000976deae0b62bcdddad 0 0 0 0 0 1
train_jpeg/4ecc578b2d1cdeec78a6fe14346cd148 0 0 0 0 0 1
train_jpeg/2033bbf90fa9b91519bac29eb334673a 0 0 0 0 0 1
train_jpeg/28b59f3955343ef5aa5e70e6e26a865a 0 0 0 0 0 1
train_jpeg/a655a71a3cddecea703e954e8e23cccc 0 0 0 0 0 1
train_jpeg/6aedf1ea4a43bfd9e6ba864a74421f30 0 0 0 0 0 1
train_jpeg/ce0b06b7b109d33a368542d63626c342 0 0 0 0 0 1
train_jpeg/a0fe70a9b3f7050837ac5bc5b99ea6f8 0 0 0 0 0 1
train_jpeg/1de1fb0878055fe44cd99abcbde7bfc4 0 0 0 0 0 0
train_jpeg/7bfc4b0f0f202c9ddfbdbd80e36cb2fe 0 0 0 0 0 1
train_jpeg/e51f4e56fc5e970b796959961c10ce26 0 0 0 0 0 1
train_jpeg/65e9c983b94490a5a11f07d404659585 0 0 0 0 0 1
train_jpeg/46bcaf8ed1a8e9c5437f6c80c0ff6eff 0 0 0 0 0 1
train_jpeg/53ab4b64b6f2ebb832ea3a36afd4f53e 0 0 0 0 0 1
train_jpeg/aca77acac2ff24bbc7d12f7ff63f597e 0 0 0 0 0 1
train_jpeg/4c4c01f3b10b1fe2389db44d250fc7ae 0 0 0 0 0 1
train_jpeg/1a600fc8eb0af603404353732ec7b43f 0 0 0 0 0 1
train_jpeg/f22a2db2e37ce697a0ea556606959d0e 0 0 0 0 0 1
train_jpeg/d951f42b7774acb7e7c5abdffe1a6940 0 0 0 0 0 1
train_jpeg/812977029e44cbba68049994122339bd 0 0 0 0 0 1
train_jpeg/eaa4b09922cfd1c4130787403173e93a 0 0 1 0 0 0
train_jpeg/7e2debe4301fb5848fe57fb2f8ada4d8 0 0 0 0 0 1
train_jpeg/850c81b1b363070e0f4908ad731a685b 0 0 0 0 0 1
train_jpeg/9b1a8453f115678339ce47032b395ddd 0 0 0 0 0 1
train_jpeg/9a65d343df43c00deb1838098495b672 0 0 0 0 0 0
train_jpeg/65ea8c1976e3b9d6da2bd3f377a89519 0 0 0 0 0 0
train_jpeg/7fea37717ab0bf53c7cfa2f10f24c6a0 0 0 0 0 0 0
train_jpeg/2e1a90ec09ee43cd8f066dfe887e4e80 0 0 0 0 0 1
train_jpeg/52d44d46feb0f3aa85e55476860b3ba7 0 0 0 0 1 0
train_jpeg/55e2aa39a7a2772cc85016ecd728b135 0 0 0 0 0 1
train_jpeg/782ba5304358131ecdb750cbe657e550 0 0 0 0 0 1
train_jpeg/e2f028ebcc3b9ef8f15712245dc9ba2d 0 0 0 0 0 1
train_jpeg/487f2f5252187b5953745452b324bb63 0 0 0 0 0 1
train_jpeg/f83881e1c123c169fe44b25644515b9e 0 0 0 0 0 1
train_jpeg/f3e2acc29575948204c9bf9df9289de4 0 0 0 0 0 1
train_jpeg/b90937f3927460f604bf5474b54a0ca5 0 0 0 0 0 1
train_jpeg/d7d7a197eb6dae4936fc641168a7abe8 0 0 0 0 0 0
train_jpeg/cce5b2bc76fedf929d2301f8b0b0a411 0 0 0 0 0 1
train_jpeg/f601b6cafd0bf714b32638324cd8ad82 0 0 0 0 0 1
train_jpeg/e4fe775718f2633a8989f20e06612f01 1 0 0 0 1 0
train_jpeg/31918525edeb35df2d1d8ee26af6b23e 0 0 0 0 0 1
train_jpeg/488c611601f22f461f859d5fcd681ebe 0 0 0 0 0 1
train_jpeg/6dc197d0503400617170a11ab7812d73 0 1 0 0 0 0
train_jpeg/dd73d7cf00dea954470641d84279693f 0 0 0 0 0 1
train_jpeg/1dedbc09c3c526fcbb77aee6d8f587ad 0 0 0 0 0 1
train_jpeg/7fa31ce0f6768ace9e8b25d1240feda0 1 0 1 0 0 0
train_jpeg/842c800f04ee16fa5984f22c151f2645 0 0 0 0 0 1
train_jpeg/9fe9aeb925c5187479ca1bf325040a65 0 0 0 0 0 1
train_jpeg/2ba5ad966840cccefedf8898d71935a6 0 0 0 0 0 1
train_jpeg/baa18ca2f61cde91c24ed2c9dd305011 0 0 0 0 0 1
train_jpeg/4c02da7cd2dc7415b226103114e5aaf0 0 0 0 1 0 0
train_jpeg/7366d59e58387db1fa9d1bd9880ced13 0 0 0 0 0 1
train_jpeg/904ef1ed19b812d07c74532ce1ea80d9 0 0 0 0 0 1
train_jpeg/f23603293e7a6bb7166cd493d2da2f77 0 0 0 0 1 0
train_jpeg/5bc8debe9dbceb6ed9510ca4c0af5718 0 0 0 0 0 1
train_jpeg/006e2726c6aa72f042a08b1406c39d52 0 0 0 0 0 1
train_jpeg/0aa9ffc4b4bbe561e983be219497240b 0 0 0 0 0 1
train_jpeg/bd543583184dde42424b46fdbfff2684 0 0 0 0 0 1
train_jpeg/3ff6d58f4598eb7d1dc08ad35bf0a7d9 0 0 0 0 0 1
train_jpeg/ea21c8aba30e5357ba8b7bd388651d56 0 0 0 0 0 1
train_jpeg/651e3e80c37c3f1cd0c9fc5d267a99d4 0 0 0 0 0 1
train_jpeg/35b16ece367c122526fba693096b367c 0 0 0 0 0 1
train_jpeg/de8c78afea91064bd977bb7092b99a63 0 0 0 0 0 1
train_jpeg/a3ca1ceec50e701e7f1a5d09a7827ee4 0 0 0 0 0 0
train_jpeg/c8f5a0b9ed2f25e3a220c7b3d97f29f3 0 0 0 0 0 1
train_jpeg/68b5f77492d2618154c8c3a14f340e0d 0 0 0 0 0 1
train_jpeg/70bc0e8c0b8a06f2865950106bd4e9e1 0 0 0 0 0 1
train_jpeg/4cedc7409a0eb3421e200e78ea5325ad 0 0 0 0 0 1
train_jpeg/455f33ae9bb11745cacc745550ac8a30 0 0 0 0 0 1
train_jpeg/22c457789adf47032b18437119ddb469 0 0 0 0 0 1
train_jpeg/9fcac0e95f66d088f699258ebec37c9e 0 0 0 0 0 1
train_jpeg/a152a5614c24d7f009cc6a3f5e1762aa 0 0 0 0 0 1
train_jpeg/7aa8a21311a7a63bad27d97e6f25a793 0 0 0 0 0 1
train_jpeg/21a68692a84d7a71dfb1bb0c76005119 0 0 0 0 0 1
train_jpeg/1756a285d1bc917bbe55024b0727a836 0 0 0 0 0 0
train_jpeg/f774dada729622b4f5e2e1c352169d77 0 0 0 0 0 1
train_jpeg/64399b1fae8034918055c968d64d4d1e 0 0 0 0 0 1
train_jpeg/333e2b073ea86a0bd0273a7a60ac0dbe 0 0 0 0 0 0
train_jpeg/79bd8310bd57dfd23d33bfe5b3cc81d3 0 0 0 0 0 0
train_jpeg/16a3eedc3927138bcf713029c9d4bc32 0 0 0 0 0 1
train_jpeg/74cea01b232c6992ed865ef7b1b64afd 0 0 0 0 0 1
train_jpeg/6427115ce48b05c57243f29d6943d208 0 0 0 0 0 1
train_jpeg/19a70899726d73494cdd551ba38882cf 0 0 0 0 0 1
train_jpeg/e2878900d428b05d537fd0c615db5823 0 0 0 0 0 1
train_jpeg/95d1d9d5e7129f9f0cd366ff92194e0e 0 0 0 0 0 1
train_jpeg/12187bffa708115e7e67e893abb2ee6d 0 0 0 0 0 1
train_jpeg/d838d59a9362d4a4b768cea5419cf190 0 0 0 0 0 1
train_jpeg/ecc61ea5d49163ede3e8a79bfddc86fe 0 0 0 0 0 1
train_jpeg/2ba42e5c46ed0e2087a3e9d3447ad4ea 0 0 0 0 0 1
train_jpeg/38ccfc0fd67dcb818d05fc640e968a92 0 0 0 0 0 1
train_jpeg/14523cfe6ff3f9a2ddb73613d458c77f 0 0 0 0 0 1
train_jpeg/e06ccb3933bbb35d6e9eeaa65d715262 0 0 0 0 0 1
train_jpeg/d91079b185012d745fb4c1aa0e04d3b9 0 0 0 0 0 0
train_jpeg/6f0a891adaacf68973fa5b50f866b024 0 0 0 0 0 1
train_jpeg/f034b173fe81cebbf8ba0b793c3d3eb1 0 0 0 0 0 0
train_jpeg/b065d3b4da92b8015b47224341661fd8 1 0 1 0 0 0
train_jpeg/bfb628bc617143449c8b03516d07bc7d 0 0 0 0 0 1
train_jpeg/3583d368951a896ea95b498bb4efaec4 1 0 1 0 0 0
train_jpeg/1ede378fcfb6864c297288f798ae4c42 0 0 0 0 0 1
train_jpeg/97034c0b3a0a8f1978cbd99438705a25 0 0 0 0 0 1
train_jpeg/59ab09bad523f51dcbf7a801ecbf6c70 0 0 0 0 0 1
train_jpeg/390a3ca76ec74efc45098507792b4446 0 0 0 0 0 1
train_jpeg/05ffd2cd8b2bac6296b63f1085032419 0 0 0 0 0 1
train_jpeg/6136b0372e0182ea0d24b413897d709a 0 0 0 0 0 1
train_jpeg/bd3fe876153eeddad8bab49b129ea081 0 1 0 0 0 0
train_jpeg/08f4d0d827ef5216c35362812eeae644 0 0 0 0 0 1
train_jpeg/728ab8bd828b09fc9ef588de31e88d4d 0 0 0 0 0 1
train_jpeg/eaab62d65417c4c58c9dcbe563fb8e72 0 0 0 0 0 1
train_jpeg/7ec4a135c83baf0142cb9d7cfc597937 0 0 0 0 1 0
train_jpeg/1e380cbe7d0d59de0527d31486a24fa2 0 0 0 1 0 0
train_jpeg/50fa8bc151bba3639fe91add42b8a106 0 0 0 0 0 1
train_jpeg/a3d5137d2817fa1a7497352d16b31b20 0 0 0 0 0 0
train_jpeg/211df242014f50bb0340e68a5e6355e8 0 0 0 0 0 1
train_jpeg/0a8b7a6bc6b604bd67eff9d5258b959a 0 0 0 0 0 1
train_jpeg/624618eaefe8a24b3a4064c2c7a4a895 0 0 0 0 0 1
train_jpeg/a9b85b3365170515e428d3e71a323bc0 0 0 0 0 0 1
train_jpeg/f39c9fe9be3cbe1ea9da9cb01d2d04e3 0 0 0 0 0 1
train_jpeg/10d100f6b480361b2b5c9e1ce4f4f9f2 0 0 0 0 0 1
train_jpeg/daa9fa42d787183c91519315f5927cce 0 0 0 0 0 1
train_jpeg/a78e6dc6978392015fa78795c0aea8a7 1 0 0 0 0 0
train_jpeg/5e20e4cfb5ad865ea9b81a2b1be9f2d5 0 0 0 0 0 1
train_jpeg/02de1ec3340e75fd5e7294a84a0342a1 0 0 0 0 0 0
train_jpeg/8eadeb25fad29ff8fc32c8ee504fc4e5 0 0 0 0 0 1
train_jpeg/3bb624ba4c4ec89722f0cdba44159006 0 0 0 0 0 1
train_jpeg/a1aaab69be8475b3be2f052ebf618eeb 0 0 0 0 0 1
train_jpeg/b8b6dd22e9ab633792b6d17cb2f254a3 0 0 0 0 0 1
train_jpeg/2347dab98cd65e96579a358f804cda96 0 0 0 0 0 1
train_jpeg/84dbb3f1272872d4bbd92bf0a1e7f83b 0 0 0 0 0 1
train_jpeg/aabbf5ce0173007aaba2e6df836b10ea 1 0 1 0 0 0
train_jpeg/ae089685bfaaf0e73505d91bd33a1adc 0 0 0 0 0 1
train_jpeg/e746ee7a622d991a0c02b55efe234fb9 0 0 0 0 0 1
train_jpeg/9bd05fa83f79de378ecfe3ca14e64bbb 0 0 0 0 0 1
train_jpeg/80f1a73b3f399ea1bce6361805a18fa8 0 0 0 0 0 1
train_jpeg/07db18d326b0d42688d2cd922a6e02e9 0 0 0 0 0 1
train_jpeg/97f2532b23e896cc3fa4881b574616cd 0 0 0 0 0 1
train_jpeg/772c9e15d948c799261d4cd6350dc2e0 0 0 0 0 0 1
train_jpeg/9b76541901a2f921699aa6ce8741c31f 0 0 0 0 0 1
train_jpeg/8412d1e9905a2ae07ae49d95c51c0bcd 0 0 0 0 0 1
train_jpeg/7c22cee85ef4ace76782964772819043 0 0 0 0 0 0
train_jpeg/fff0f82159f9083f3dd1f8967fc54f6a 0 0 0 0 0 1
train_jpeg/831f068a9f85c88b9b184db910f1fe07 0 0 0 0 0 1
train_jpeg/b83563194baedb0f4cfd96e3b50e5f9e 0 0 0 0 0 1
train_jpeg/a33bfa55617af48bde1b1aa517a307b7 0 0 0 0 0 1
train_jpeg/eb188e7237f54b20d08bac35b961c3c9 0 0 0 0 0 1
train_jpeg/0fa549b115a4c943bd8bac3974f5e2ad 0 0 0 0 0 1
train_jpeg/3e896a31eaa31a95d9819bb81fcf4054 0 0 0 0 0 1
train_jpeg/72ef228f7d1a1b6d79a03bce363cdc15 0 0 0 0 0 1
train_jpeg/64fd03319a30c50cfa302fc5457baf3f 0 0 0 0 1 0
train_jpeg/79438af52cac55d30a87ef5be442f4de 0 0 0 0 0 1
train_jpeg/5576d293dfccbc926d92d3ec0d20b9af 0 0 0 0 0 1
train_jpeg/a599411ffb1b927f48f15339cf9c26dd 0 0 0 0 0 1
train_jpeg/d6a133254d617e25b9d6067c38422dc9 0 0 0 0 0 1
train_jpeg/47c2ef865b87d097ec8ce82a112d05b0 0 0 0 0 0 1
train_jpeg/bd88a33ada7f70bf1fcc8663971a8b2c 0 0 0 0 0 1
train_jpeg/2c45dbb9ad6121bdbebbcf6ae4e0933a 0 0 0 0 0 1
train_jpeg/92cf780d385732954fa44e37fab1711a 0 0 0 0 0 1
train_jpeg/81314db8b8a964015628efa277e1d7db 0 0 0 1 0 0
train_jpeg/abab4d5b7f2ce6b250b666b53fec3e2e 0 0 0 0 0 1
train_jpeg/b13d914db2c2fd9b1b443dca87cb3ab7 0 0 0 0 0 1
train_jpeg/53547034fe6b3a3740651e80a31a70f1 0 0 0 0 0 1
train_jpeg/873efd8425f855fb012c27db58c9a76a 0 0 0 0 0 1
train_jpeg/33bbe31c76ccb7d6c7b26efca143f11c 0 0 0 0 0 1
train_jpeg/de504aa5f8d4aa992e0682e513d36da1 0 0 0 0 0 1
train_jpeg/d707b9edbd1d4522d30a173cbfebebb6 0 0 0 0 0 1
train_jpeg/16f5679378398451167c6ac2df22ca60 0 0 0 0 0 1
train_jpeg/9f9540fc6cacfafb232878e33ce1d8e3 0 0 0 0 0 1
train_jpeg/281070333d103fe4a02065d7f986b062 0 0 0 0 0 0
train_jpeg/03de7a52c6daf7b17cf84383debc2362 0 0 0 0 0 1
train_jpeg/d2ca714f8f06979acfbc0992d65fb211 0 0 0 0 0 1
train_jpeg/b2d24152edd17675c23d5cc4c9e92a02 0 0 0 0 0 1
train_jpeg/8ed4976e3f507617cea65e8b068cbb1e 0 0 0 0 0 1
train_jpeg/643ca80f9a8d1612984ca6ceb7fd9f6a 0 0 0 0 0 1
train_jpeg/653242e4127decde04e22d3b29848d36 0 0 0 0 0 1
train_jpeg/ebd651e0daa599792382d0f98e6c036a 0 0 0 0 0 1
train_jpeg/2ae44a028bd7146e2ce74718860ff663 0 0 0 0 0 1
train_jpeg/65dfa774c5a0ae65cb5c50f6dd13e935 0 0 0 0 0 1
train_jpeg/a47218bf96bb2da61f84b9f6ed0cc785 0 0 0 0 0 1
train_jpeg/9a0a228ce804b769d394f82d12d6f37e 0 0 0 0 0 1
train_jpeg/d156cd72e555add3dbad0a41f3cacedf 0 0 0 0 0 1
train_jpeg/fc5faea91a2577b6ed826512a579e0e4 0 0 0 0 0 1
train_jpeg/c154dfadd6193efa9b979f5fcecc24af 0 0 0 0 0 1
train_jpeg/0dda67e8e02513695e2bfdd5a846f03e 0 0 0 0 0 1
train_jpeg/01abaf7c7b831bba7403d08f56e58a94 0 0 0 0 0 1
train_jpeg/b5c56a5624857bd608eeadd16a7f566b 1 0 1 0 1 0
train_jpeg/688061c46a310e823d2b0a498729f316 0 0 0 0 0 1
train_jpeg/2beb474652da324c06ca0267cc903c1e 0 0 0 0 0 0
train_jpeg/2e0698f428a55f5af56ce5a727ed2486 0 0 0 0 0 1
train_jpeg/6467b5c2d8ebcde331524d7d322931a7 0 0 0 0 0 1
train_jpeg/d5bc8c8b9de12a46268a83bff148bdf6 0 0 0 0 0 1
train_jpeg/21d5465ffc737f2c94f66cc5b740614e 0 0 0 0 0 0
train_jpeg/a6a3e8472da94404496b18198004f698 0 0 0 0 0 0
train_jpeg/dfc7293d19f545e0de7e67dfb7772653 0 0 0 0 0 0
train_jpeg/f28747f7165141a459cf450d234d22cd 0 0 0 0 0 1
train_jpeg/264fdebe57965c3292ce07c7b4be8c39 0 0 0 0 0 1
train_jpeg/e5cd6a29ddf02f3917bf3b90f92066da 0 0 0 0 0 1
train_jpeg/a59e00cd3b1ea253ae338e2bef9d143c 0 0 0 0 0 1
train_jpeg/7559efc210307a6938b6c754663368bc 0 0 0 0 0 1
train_jpeg/95d26610969ba722c1b4def95637e23f 0 1 1 0 0 0
train_jpeg/fe8e85c39d0bee8fa95602285e58ff0c 0 0 0 0 0 1
train_jpeg/36d8dcf1283b800e49fe1f81c87b5947 0 0 0 0 0 1
train_jpeg/ac0bc0893f34adfec37ade332c76e8e9 0 0 0 0 0 1
train_jpeg/4f1aea7b3a7d3d3af2a5367565bc4f37 0 0 1 0 0 0
train_jpeg/e099429c33406f342b37f19baa7b31a4 0 0 0 0 0 1
train_jpeg/3052d5f66f219ee25809245280ca4228 0 0 0 0 0 1
train_jpeg/c855e2fc7a8fea601a568f546e466d4b 0 0 0 0 0 1
train_jpeg/10686e7ea44bdd90fb5c73759ce2ae8f 0 0 0 0 0 1
train_jpeg/0ad8d7f0f8a9bc784c8bb38e50a63beb 0 0 0 0 0 1
train_jpeg/18380add550465c69aeebf7188c0f583 0 0 0 0 0 1
train_jpeg/e68532fbad2aa9d9fee2900c341c8c6b 0 0 0 1 0 0
train_jpeg/f522dce3b773264ce49c0904a14f5392 0 0 0 0 0 1
train_jpeg/aceb1e772f2e1bd8f33b0154286017df 0 0 0 0 0 1
train_jpeg/8f5b64909f62324ea75a406ce24e9624 0 0 0 0 0 1
train_jpeg/5da264775732004f1b724b660138854a 0 0 0 0 0 0
train_jpeg/2c6076a64fecbe68df18715260167643 0 0 0 0 0 1
train_jpeg/1ba651ae8bc6ee9f54a09088442b930c 0 0 0 0 0 1
train_jpeg/0fa549b115a4c943bd8bac3974f5e2ad 0 0 0 0 0 1
train_jpeg/3845b3f74a2a76ef0b58310d61d03e6a 0 0 0 0 0 0
train_jpeg/cd1577657b776e892a10bf4ae40238f0 0 0 0 0 0 1
train_jpeg/607867449f9bc95be2e163509e254752 0 0 0 0 0 0
train_jpeg/75ec0ee63192335d1ec00e6b9ccab4fd 0 0 0 0 0 1
train_jpeg/83dd247bd08d6eb65a536e43796c69b0 0 0 0 0 0 1
train_jpeg/c15635a68e0b5c63d91ab43253eb22af 0 0 0 0 0 1
train_jpeg/02ee00905d908d39419eb2391b5c6f35 0 0 0 0 0 1
train_jpeg/1730d2ebd1cc96e9e5656cdf916ac7f8 0 0 0 0 0 0
train_jpeg/c65a926ea060e239e8ca8c40eef568c9 0 0 0 0 0 1
train_jpeg/6a189a482cee7b86116ba07b6c5a3579 0 0 0 0 0 1
train_jpeg/31918525edeb35df2d1d8ee26af6b23e 0 0 0 0 0 1
train_jpeg/445bbc094c22d207a7eae08efba0e91c 0 0 0 0 0 1
train_jpeg/bb653fdda34794b92c513fb0e078f21a 0 0 0 0 0 1
train_jpeg/a33bfa55617af48bde1b1aa517a307b7 0 0 0 0 0 1
train_jpeg/b0760193b8f68a45cb4f8f822c35de63 0 0 0 0 0 1
train_jpeg/316f325969fa2dfb24fb9706c34fa0a8 0 0 0 0 0 0
train_jpeg/bce076b117178591a7dad5ab9296ba74 0 0 0 0 0 1
train_jpeg/917974e9208badd0cf8ed8f757276a1f 0 0 0 1 0 0
train_jpeg/c19542c20f3b1eac0d80c66ce56eded3 0 0 0 0 0 1
train_jpeg/d059a758010e50fc0b9d511c45bc9836 0 0 0 0 0 1
train_jpeg/0f517bc215689e9cb1533ee2209bc0ea 0 0 0 0 0 1
train_jpeg/623a14228a9ea0c33a9012c02ef70487 0 0 0 0 0 0
train_jpeg/0c2079e62ddfb06a8a5300cefaa3a970 0 0 0 0 0 0
train_jpeg/b916395666119e47b1bbd35c56235e3f 0 0 0 0 0 1
train_jpeg/d149090a3d78c5eebcc95ff7dedc9623 0 0 0 0 0 1
train_jpeg/8242bf2fdc119f6272d0fa3e5b4e583a 0 0 0 1 0 0
train_jpeg/98ec15bd4fec7d0222bdaea2bfaf6211 0 0 0 0 0 1
train_jpeg/eaf57b7bcc178b533fdf27bc75e6d192 0 0 0 0 0 1
train_jpeg/26603f3c325594b0a07a9fd73d74bbce 0 0 0 0 0 0
train_jpeg/51252d90beb12e47b0684e8673080ee0 0 0 0 0 1 0
train_jpeg/bbe274a006eb25afe1432d1dd393f6fa 0 0 0 0 0 1
train_jpeg/4cf0aac32c2c85577aa7742d457a0285 0 0 0 0 0 1
train_jpeg/77f37186853d232b9b2db7e4e150ced9 0 0 0 0 0 1
train_jpeg/bc9b381463a8790eb5867cb5ad66e06a 0 0 0 0 0 1
train_jpeg/d3ea3f211750890d1ea9d1f0a630b8fc 0 0 0 0 0 1
train_jpeg/473e37c62215eca1498bf0584e59b69a 0 0 0 0 0 1
train_jpeg/6a047bc525812f5fb0fb8bc57e246709 0 0 0 0 0 1
train_jpeg/f1608d27f7ff9e2934b5eed4a4b54da0 0 0 0 0 0 1
train_jpeg/836875cb65e35b17f6bd79b04d151a39 0 0 0 0 0 0
train_jpeg/99d0ba8b769b1c6a200373a92c00a1bd 0 0 0 0 0 1
train_jpeg/36ce9c445dc3d9c1773d39281e40c14b 0 0 0 0 0 1
train_jpeg/8a87a85a22182720d845212dfb44daef 0 0 0 0 0 0
train_jpeg/f23997e9de9e4cb2b3df4b28da34c87f 0 0 0 0 0 1
train_jpeg/2ee21f1cbdb39e53576e8e348188af2f 0 0 0 0 0 1
train_jpeg/ae0b557d5aeddf9fb47cf2cd0dcdba3f 0 0 0 0 0 1
train_jpeg/31074d188850b35173ba760312ab17f0 0 0 0 0 0 1
train_jpeg/0c31081e8ada2990bcbef0f12ea60b07 1 1 1 0 0 0
train_jpeg/30d70dcb9b7a5d7e9028326954feaa35 0 0 0 0 0 0
train_jpeg/58bffd7fa0e03897ca5345b4aff8f473 0 0 0 0 0 1
train_jpeg/d7eda97fb8a4ab94a7c0dfd1d3d1c17e 1 0 0 0 0 0
train_jpeg/7fb1c0715ef9b16815240f23b949a692 0 0 0 0 0 1
train_jpeg/0b80286547650e8b2686d9a8b8fcc5b1 0 0 0 0 0 1
train_jpeg/9c332e9660d87228aa9d928049230c90 0 0 0 0 0 1
train_jpeg/f25198406a72bdd912befbfa8fac68c7 0 0 0 0 0 1
train_jpeg/70eb6d92bf0c7e35e0d55e17d00629fa 0 0 0 1 0 0
train_jpeg/7bd717ae325d7bb86de08c8283096ce1 0 0 0 0 0 1
train_jpeg/8abe46eb564c23acb0bcde12bc7a35ba 0 0 0 0 0 1
train_jpeg/a36aac5fd1a369927db79c79a1139099 0 0 0 0 0 1
train_jpeg/f6fd89755a088368bc637389af0b3823 0 0 0 0 0 1
train_jpeg/1cd0875e0a37e347301306ae881b2a24 0 0 0 0 0 1
train_jpeg/adf6a41e1be96d361810dd2b0caf8206 0 0 0 0 0 1
train_jpeg/86c7d82f307176899c3b25cc82f8d69f 0 0 0 0 0 1
train_jpeg/358c848a3bed6a290313a6c47abcca69 0 0 0 0 0 1
train_jpeg/10ddfd44af9ff919ef88218b88211151 0 0 0 0 0 1
train_jpeg/14a097373f1e4e57878c3929fd2f3b4e 1 1 0 0 1 0
train_jpeg/2afc0fb2fa469292aa7bfd4d2db0ffda 0 0 0 0 0 1
train_jpeg/0ee9cd1ab91572c302f60669056aa3f2 0 0 0 0 0 1
train_jpeg/1a9a097bb355fe158b8f662ed0719b0a 0 0 0 0 0 1
train_jpeg/067fbe5569cedead356fae1e77165b45 0 0 0 0 0 1
train_jpeg/11b47878746ba8728eda0f9eed048639 0 0 0 0 0 1
train_jpeg/142b3834a4c681e4e0e61aa0ea9ad67d 0 0 0 0 0 1
train_jpeg/18d37c314615dede5fb25722c8b2ee04 0 0 0 0 0 0
train_jpeg/6e395f737d2b004443f033eb9ad7ba17 0 0 0 0 0 1
train_jpeg/e9a450040b939b3ea2f464d1e59bbbaf 0 0 0 0 0 1
train_jpeg/85e558f168eaa79e303217aa77846522 0 0 0 0 0 1
train_jpeg/d88748230c0c7978f6b1200e97b77268 0 0 0 0 0 1
train_jpeg/87263262e293c23ec2d03b174ef4ff64 0 0 0 0 0 0
train_jpeg/1e9d0591a186e9fdb31759a3767fc472 0 0 0 0 0 1
train_jpeg/4bf5576f3130e11a15018cc0dab97701 0 0 0 0 0 1
train_jpeg/7a293252be89795118fdf620def0c098 0 0 0 0 0 1
train_jpeg/7c527634d8ece596595a0ff48119e55d 0 0 0 0 0 1
train_jpeg/55bb2808e74d4d4bfda40275268603a4 0 0 0 1 0 0
train_jpeg/d91b584f369006155e911a1dce5261da 0 0 0 0 0 0
train_jpeg/90614e3b0be57951e59fe53ef7515149 0 0 0 0 0 1
train_jpeg/53023065af5f5dbdc581ae1d01c707ba 0 0 0 0 1 0
train_jpeg/2895afe060760a377fea0d6c8fcbf9d1 0 0 1 1 0 0
train_jpeg/a3c6774d824247bdd27105927abed76b 0 0 0 0 0 1
train_jpeg/04994993c9e416f32ce24c7e7501d3be 0 0 0 0 0 0
train_jpeg/dd0c118ff9da545fd6af880d1bfd0d80 0 0 0 0 0 1
train_jpeg/d568e16f214feab68fbadea220fb76ff 0 0 0 0 0 1
train_jpeg/02617da0a33fe0446a508186417c2646 0 0 0 0 0 0
train_jpeg/6230d822745eb0d7b5a9e8a5728d8e1d 0 0 0 0 0 1
train_jpeg/ceb5e06ea1a66fedab43e8bdb51890eb 0 0 0 0 0 0
train_jpeg/43c1e275bc208f31cc3b1a6c8fda1ea7 1 0 0 0 0 0
train_jpeg/99c5019992434f96249d79326a472b05 0 0 0 0 0 0
train_jpeg/514c57cc6b23f107353ed4cddaf4d435 0 0 0 0 0 1
train_jpeg/07dead6ba9ef577c41b2ad5049f5e9cb 0 0 0 0 0 1
train_jpeg/d0f0c56c447255910f570a94275642e9 0 0 0 0 0 1
train_jpeg/e07b82a283ebdbe612c8260a552fa606 0 0 0 0 0 1
train_jpeg/fb2e0545a43945076168917b21785001 0 0 0 0 0 1
train_jpeg/419e64fc0d498cc804d7a9f825270fa3 0 0 0 0 0 1
train_jpeg/2c61061cab4605143ca51eba6ec952ec 0 0 0 0 0 1
train_jpeg/db91f0aadbe09aa16949f45ff9b4a59d 0 0 0 0 0 1
train_jpeg/6f6b8ad537cd551d21769745d7b00c03 0 0 0 0 0 1
train_jpeg/af274ab115b34a7c0eca41ed997fd214 0 0 0 0 0 0
train_jpeg/db14c5746cc1525384f3865b4a20c7b2 0 0 0 0 0 0
train_jpeg/ba0d29d84db98416a0858ad30c4d41a7 0 0 0 0 0 0
train_jpeg/af500ca6d56045b3f0fc2d8c4d9a2439 0 0 0 0 0 1
train_jpeg/a156c27ebe5e522db40d6179ede721b0 0 0 0 0 0 1
train_jpeg/bb256347fa9785028588a8b98bb77f2c 0 0 0 0 0 1
train_jpeg/cdd43a73c26640d921250dbd59acac62 0 0 0 0 0 1
train_jpeg/2b4e10f8d855535ef7de8ccf9bcebcde 0 0 0 0 0 1
train_jpeg/fb213e80b4a2df8702f4c6f7523e7fa2 0 0 0 0 0 1
train_jpeg/17435f57fe6ffe247e22c9693232768c 0 0 0 0 0 1
train_jpeg/8788da35459ac8faf9738b8602573038 0 0 0 0 0 1
train_jpeg/cd870e76466ce35db5f5f169f5b8c5aa 0 0 0 0 0 1
train_jpeg/67755c4f8fd11903115c5d76db8e44c7 0 0 0 0 0 1
train_jpeg/e5cdc84592cc075cd953fc65fc57f573 1 0 0 0 0 0
train_jpeg/27e78c565f5a4be36b65db6e1632beb8 0 0 0 0 0 1
train_jpeg/4629cd1ba92205b95b2748192a993475 0 0 0 0 0 1
train_jpeg/a68476feb7a334145e35f047610cfa80 0 0 0 0 0 1
train_jpeg/64a606fb75f1f77d998a73cd45d30422 0 0 0 0 0 1
train_jpeg/2dd46318c5cf710a174e74bf5cc5fc39 0 0 0 0 0 1
train_jpeg/83599fcac79a00ba92f63d978615d7f7 0 0 0 0 0 1
train_jpeg/dc5d24531a07f04f763a1e30cd34c195 0 0 0 0 0 1
train_jpeg/3911f0e97683eb279550e59ad3213da0 1 0 1 0 0 0
train_jpeg/1659dcad9ea4f12c3c91b5702e800669 0 0 0 0 0 0
train_jpeg/0d40f562896c51b30af1949901fd2d69 0 0 0 0 0 1
train_jpeg/4942302d9f617eb894b72689a56baab0 0 0 0 0 0 1
train_jpeg/3aba33c4fe83153691e94697ef7bea47 0 0 0 0 0 1
train_jpeg/692b771442fb9516593e584a18567bfc 0 0 0 0 0 1
train_jpeg/f7c4b8ffe5e3c01d6dd0165c9e3ad64f 0 0 0 0 0 0
train_jpeg/385d82961cbca7cecdfac03c9b028522 0 0 0 0 0 1
train_jpeg/1c20d41293aef2aadd04e8bfe511cc2c 0 0 0 0 0 1
train_jpeg/83097951c760542005c60c9e149235af 0 0 0 0 0 1
train_jpeg/c49025cffaa4b315afbc9bb2bbdb1465 0 0 0 0 0 1
train_jpeg/a95bcdb32aa1e6f33a7e20822a4a0134 0 0 0 0 0 1
train_jpeg/4cf987893f920af6130ebf1aacbe812d 0 0 0 0 0 1
train_jpeg/13d2e16acfb96ff96e434d269e64a097 0 0 0 0 0 1
train_jpeg/a8ae76a6902d594f90596f039ffca026 1 0 0 0 0 0
train_jpeg/0ae12e31674667003309519e5f98304a 0 0 0 0 0 1
train_jpeg/a2ca3716b1e7923e5f8e0fc6f8200509 0 0 0 0 0 0
train_jpeg/764205f702d380f8a4da5cffa538f48d 0 0 0 0 0 1
train_jpeg/36be8a59fd55cc2818b475559db1a96b 0 0 0 0 0 1
train_jpeg/22ca7192ef23cf85a365a0e68ad6f9c7 0 0 1 1 0 0
train_jpeg/a6b03f9aef0bc01e04e69bd0d9f63aa6 0 0 0 0 0 1
train_jpeg/fa10bf7b75f3148eab1a777f632db131 0 0 0 0 0 1
train_jpeg/79e5f9e6c2fdfa583f8fa7356a3118b3 0 0 0 0 0 1
train_jpeg/2f676a2005a4daf0fd6cba35b6afb730 0 0 0 0 0 1
train_jpeg/04923676c5e29c25966fbd07fa12e2e8 0 0 0 0 0 0
train_jpeg/c405835a086b2f7d7c9ef3976b69e677 0 0 0 0 0 0
train_jpeg/7e8a3b0d2ab003b958a70264fccb2d43 0 0 0 0 0 1
train_jpeg/6b009c058e3b9c38080f05fddb80c977 0 0 0 0 0 1
train_jpeg/8a827163d95e11972ab905860d363a2d 0 0 0 0 0 1
train_jpeg/bfb480e5cef73e189be3aea38cc54728 0 0 0 0 0 1
train_jpeg/d91042057e960f8641fdb72185948d86 0 0 0 0 0 1
train_jpeg/c94cbb3b5600861cf82b4a406300b4c5 0 0 0 0 0 1
train_jpeg/804bfe2d3e6b0b8a34541a276d7cd7d6 0 0 0 0 0 0
train_jpeg/750de6075bb19a965bd3c4c5eb98e595 0 0 0 0 0 1
train_jpeg/7d5c70800f518f6584e25b2a88238a22 0 0 1 0 0 0
train_jpeg/4eed7a6bb03888eade13343f141dd5c8 0 0 0 0 0 0
train_jpeg/faeaa77e84776628b25fc0cd6487fc1b 0 0 0 0 0 1
train_jpeg/a19ac61eb2f9cbe33b5e1332f17fd3c8 0 0 0 0 0 1
train_jpeg/704204afb508ec56a2259153c3ade4f5 0 0 0 0 0 1
train_jpeg/e80664cd00d07c04b6bc23476433cad6 0 0 0 0 0 1
train_jpeg/8dfdb16f2373ca92d484bb8ae376d7dc 0 0 0 0 0 0
train_jpeg/624decabb72afef84b63d24305cecf3d 0 0 0 0 0 1
train_jpeg/a5b1f2d61a8a4b92e2bf9ea8a91cae70 0 0 0 0 0 1
train_jpeg/fca6c1b549ef5dacbdd009e188cc65b5 0 0 0 0 0 1
train_jpeg/c13e753de1d74be1900ca9d70721472a 0 0 0 0 0 1
train_jpeg/071a18b42cbae65862b7fffae03134fa 0 0 0 0 0 1
train_jpeg/d494afb8594e94bdf38ccd1c9f208477 0 0 0 0 0 1
train_jpeg/6747f99ef0ff341a8b25787e3436db5c 0 0 0 0 0 1
train_jpeg/efbc03067e522ed1127276e445913fdf 0 0 0 0 0 1
train_jpeg/34da410e04ac8dca4ad6c954fdf10f9a 0 0 0 0 0 1
train_jpeg/c69afd3a9a7d980474ef7b6a10857a7c 0 0 0 0 0 1
train_jpeg/f74bd9bb6973dc5b599bfc339a004c67 0 0 0 0 0 1
train_jpeg/040c69444ceb71b8a9f714090f1175db 0 0 0 0 0 1
train_jpeg/83d57f2f79eb523ed74fd010d3fb4f4d 0 0 0 0 0 1
train_jpeg/88eb61045117f4d96b8aa319a8198514 0 0 0 0 0 1
train_jpeg/7b6a241b30dfcf7b91c6d6a63d693fd9 0 0 0 0 0 0
train_jpeg/7341eae9f319b13214ef1d1e8a0f4dd1 0 0 0 0 0 1
train_jpeg/ca1f29978ccbee874f58148f4148e278 1 0 0 0 0 0
train_jpeg/33146af87f7bf6c9836c1f83aa609df2 0 0 0 0 0 1
train_jpeg/e0c949421f863ae6871693fc2591e438 0 0 0 0 0 1
train_jpeg/8edb9f507aec9e68d40d8ee0782fdfe3 0 0 0 0 0 1
train_jpeg/a88295796bf6bc9cec53f76527a08cc4 0 0 0 0 0 1
train_jpeg/bb60194195e9a5eaa27685d2fa688085 0 0 0 0 0 0
train_jpeg/e28b3b2dde03635d1fed255e334ed6fb 0 0 0 0 0 1
train_jpeg/95b9b32e68bfb95100cc300664f9aae5 0 0 1 0 0 0
train_jpeg/b03a633fbffb14aa51c9d697c51a893c 0 0 0 0 0 1
train_jpeg/5b117af61738a1b97e73039969841851 0 0 0 0 0 0
train_jpeg/316ebee7f8ce1cc976a6cfa3af2380e4 0 0 0 0 0 1
train_jpeg/8ea9b4a00369f9a8fab809341e10d1da 0 0 0 0 0 1
train_jpeg/6d16527cb6359f9cff9c98888a8d1657 0 0 0 0 0 1
train_jpeg/b34b31b0663b718ff3e1d67e6c4135e3 0 0 0 0 0 1
train_jpeg/5e93222175e26776307933a06ea34091 0 0 0 0 0 1
train_jpeg/d0043062cebce85f2487407bc033d405 0 0 0 0 1 0
train_jpeg/c04ee933a8fed37ebbeb697b03356a56 0 0 1 0 0 0
train_jpeg/2d914572fd6d5cd4b158067b5a1eda1e 0 0 0 1 0 0
train_jpeg/f58508942604632676c1df2639e18010 0 1 0 0 0 0
train_jpeg/bc49f5b0339e0d07afb40e1576e004bd 0 0 0 0 0 1
train_jpeg/7b4726628fcb57846496c2f6a4e1db5f 0 0 0 0 0 1
train_jpeg/5490238e4b5a6db48861f1b36faced5a 0 0 0 0 0 1
train_jpeg/3c5e8ef3325c38ca09657a9ea34859cc 0 0 0 0 0 1
train_jpeg/9803e8db043e9c6edbc7139c9a8c8e89 0 0 0 0 0 1
train_jpeg/c0a9e376561290a4baf916583ac0542a 0 0 0 0 0 1
train_jpeg/5c6e3e0700cff1f8d88bad0ba40076aa 0 0 0 0 0 0
train_jpeg/3d100048eee5507768634d2733c59b6a 0 0 0 0 0 0
train_jpeg/92d03ead0a0cecc730f06deaf38ac44c 0 0 0 0 0 1
train_jpeg/e732e04b5ca9b45181f1c5fd640b845c 0 0 0 0 0 1
train_jpeg/b1263abc5d0d2374b02d524192319200 0 0 0 0 0 1
train_jpeg/5931c4e2b0b0ffecadf3c8eef5a8cb81 0 0 0 0 0 1
train_jpeg/f1f2e5d1b29b69b45979a8c295c20387 0 0 0 0 0 1
train_jpeg/4be08f045fa7243f8f03dd027d420c39 0 0 0 0 0 1
train_jpeg/336b63df1d774eb3f819e5405feb4fa5 0 0 0 0 0 0
train_jpeg/07011dce1196d722a672c30918252dea 0 0 0 0 0 1
train_jpeg/1d2c0ac10d4b141cda8b549c34848b4f 0 1 1 1 0 0
train_jpeg/c16d96578716fe3cb42f7cafb814e023 0 0 0 0 0 1
train_jpeg/68c396ded603aae07cb3027b1d2e8a90 0 0 0 0 0 1
train_jpeg/afde6a807c7baaf25e823bd9865f4891 0 0 0 0 0 1
train_jpeg/8c75e7cff1d266d1d4f73187d7c1bbc2 0 0 0 0 0 0
train_jpeg/b698a07a2dabf0e78505c2cc06e10b3f 0 0 0 0 0 1
train_jpeg/a8367ec0fb2ac950bb697cc1e2b0dd58 0 0 0 0 0 1
train_jpeg/ddfe291fa3e2d21ce8681a2e9e4b300a 0 0 0 1 0 0
train_jpeg/dc0be478b343cfc8ed9914fc7e882a74 0 0 0 0 0 1
train_jpeg/50f315c754b3530ac3c9bac3e96b22ac 0 0 0 0 0 0
train_jpeg/065656acda64a18d7e0cb588b9823a5a 0 0 0 0 0 1
train_jpeg/77d3b7eca7d9fc421817f89753b8b3c9 0 0 0 0 0 1
train_jpeg/5467a3e2ca866b4295b2e73089fec5fe 0 0 0 0 0 0
train_jpeg/4f9160cc47260b8b1217cf4fda8cd200 0 0 0 0 0 1
train_jpeg/71dadd60877ab8a22b3d5075c40415c0 0 1 0 0 0 0
train_jpeg/cad8e7e5f5034a50d4b1ebb30db533c5 0 0 0 1 0 0
train_jpeg/6b12cee7c7781057e2cfa4caa7a6c2c8 0 0 0 0 0 1
train_jpeg/28af0c96909404992bef8d7231186fb0 0 0 0 0 0 1
train_jpeg/ff0ccd30da3865d7d52bdab6863106b9 0 0 0 0 0 1
train_jpeg/06ba60d8ce256b3edecbb31323e37576 0 0 0 0 0 1
train_jpeg/5862f7171e019f770bd3425dff92f624 0 0 0 0 0 1
train_jpeg/eafabce713e83112f3951b7ed8f6bed8 0 0 0 0 0 1
train_jpeg/def6b60a136b880ef5733241781a803d 0 0 0 0 0 0
train_jpeg/0fdd9e832730bf843067512577cf31cd 0 0 0 0 0 1
train_jpeg/c20ef53ae3bb3763037d2cd547520c62 0 0 0 0 0 1
train_jpeg/997fca43b97287e53c551c3d4753edcb 0 0 0 0 0 0
train_jpeg/7ac9bd8a00b065eeefed2e888fd9e9f8 0 0 0 0 0 1
train_jpeg/16d28a734271ddf36e35b85cb2448c07 0 0 0 0 0 1
train_jpeg/2ec54f357a9ddbd99cf7f8ebdc9cdc49 0 0 0 0 0 1
train_jpeg/f3d513a22e62ef6dae79d398cd1462e8 0 0 0 0 0 0
train_jpeg/4d08dd43be2d1dbf38fab2f5120cc1f8 0 0 0 0 0 1
train_jpeg/73eabfe42f6208430a65c9a9b1f00d0d 0 0 0 0 0 1
train_jpeg/7335e164b8c5ac93e9eadde917ba147a 0 0 0 0 0 1
train_jpeg/7cd74b5a3c85b77c997f56cdb4995384 0 0 0 0 0 0
train_jpeg/7feba6ffbc4f98d9d9c032a7ae477177 0 0 0 0 0 1
train_jpeg/d3823d24855b6ef03c188e962948b4b9 0 0 1 0 0 0
train_jpeg/a8ba44710ed9f78bdf9a52c28da82ace 0 0 0 0 0 1
train_jpeg/f58ecf974a05d2f5ece85aa9393cf9d6 0 0 0 1 0 0
train_jpeg/41d642577ada2969ece3637f6c800139 0 0 0 0 0 0
train_jpeg/9631b1c3741e4b985387119abd0c108a 0 0 0 0 0 1
train_jpeg/616001e85ea2c6f4380f06426c6f4da5 0 0 0 0 0 1
train_jpeg/2e4698e538724a69d239744c8460de50 0 0 0 0 0 1
train_jpeg/b21f736d91efe03a96a7539e587589b4 0 0 0 0 0 1
train_jpeg/d60d07bbc4caaed410ec90ed0c3742fb 0 0 0 0 0 1
train_jpeg/ff177d5fef1586b58fc89b1bf9cc5095 0 0 0 0 0 1
train_jpeg/abef2c15f19cc4822c9aac666cafe144 0 0 0 0 0 0
train_jpeg/6f05c6e90da8aba84581301c27b72ef0 0 0 0 0 0 1
train_jpeg/fc217b20fc08dbe61924444274fb1c92 0 0 0 0 0 0
train_jpeg/803179ef55f8ecf356363cf194b4ff33 0 0 0 0 0 0
train_jpeg/52d44d46feb0f3aa85e55476860b3ba7 0 0 0 0 1 0
train_jpeg/6257b0277b6dc697985febc707d83011 0 0 0 0 1 0
train_jpeg/72a03107b8c5fffea70fb4d36ebeecb8 1 0 0 0 0 0
train_jpeg/8906ff07b57220b0b42ebbb6c2fef1f3 0 0 0 0 0 1
train_jpeg/ab6ed4b7e99b6cf19c7979cf1cbe3944 0 0 0 0 0 1
train_jpeg/bf0f872ccba6d521fd1dbe4e55903cac 0 0 0 0 0 1
train_jpeg/9757c977ba527a1ad244512136a52825 0 0 0 0 0 1
train_jpeg/1a96431bc7903b5049ae70fc5a7d8965 0 0 0 0 0 1
train_jpeg/1296335140a042ff0270825cdae2fa09 0 0 0 0 0 0
train_jpeg/7591e208b7cf17dd45702cec1ba83fe1 0 0 0 0 0 1
train_jpeg/d8bed8c7cbb164f7e8dcc5708ef41f7b 0 0 1 0 0 0
train_jpeg/1b635e668c3c61431b918f1ab457eac9 0 0 0 0 0 1
train_jpeg/a1f12221793122dde9e526d6204e3612 0 0 0 0 0 1
train_jpeg/75dc0e82de7e756942ad4dcdb45c1c8d 0 0 0 0 1 0
train_jpeg/289bc9e9d49d8cb9157e741a3a171004 0 0 0 0 0 1
train_jpeg/01c8d075b499b3079616e56503bf9168 0 0 0 0 0 1
train_jpeg/d312cdd620b130479bfea6128e47b2c4 0 1 1 0 1 0
train_jpeg/e08a75c8216081937b02785f4c250c69 0 0 0 0 0 1
train_jpeg/bdaf7f95f5b055ca6b6772484f9f790e 0 0 0 0 0 1
train_jpeg/baf0a9c0eef424d4f565fee733d3d10d 0 0 0 0 0 1
train_jpeg/8eb38af086e64cd14c07e7b4007975e0 0 0 0 0 0 1
train_jpeg/2b33f3a742af2c0d8fce8a2a808ea409 0 0 0 0 0 1
train_jpeg/6a226af290752e9d60405e5a5a18e90f 0 0 0 0 0 0
train_jpeg/a5e363abd637698b9113973ccd5c663e 0 0 0 1 0 0
train_jpeg/6fb55d54b54b05b50913b456d1b5d0cc 0 0 1 0 1 0
train_jpeg/20b70e16705cf1e99116b00a056d439e 0 0 0 0 0 1
train_jpeg/f89143595274fa6016f6eec550442af9 0 0 0 0 0 0
train_jpeg/1224f07d895107573588225f692e94f9 0 0 0 0 0 0
train_jpeg/c036e8383073f6b8a3912f6642769e54 0 0 0 0 0 1
train_jpeg/3156b5feb62ed8cfdafef21f1f82a6c1 0 1 1 0 0 0
train_jpeg/723568df6a0868b6f62accb485bcc8aa 0 0 0 0 0 1
train_jpeg/fe0dcf9316baf361c09475973155976a 0 0 0 0 0 1
train_jpeg/90a22a4fa6ce468d0ca8537aae8b7cd5 0 0 0 0 0 1
train_jpeg/01415f1554556009b0eaf0ad7ca360bd 0 0 0 0 0 1
train_jpeg/12d87958ea1b07f2d31b128f8cd18939 0 0 0 0 0 1
train_jpeg/05d1b84871feea216485eb3ad14633d8 0 0 0 0 0 1
train_jpeg/7084059b156cac62b1126ec08e3ecbbd 0 0 0 0 0 1
train_jpeg/e609f76fc5b5a036db093d4c70271d66 0 0 0 0 0 1
train_jpeg/4d870a1c9e2f77a548e38457410ad8f9 0 0 0 0 0 1
train_jpeg/3c1452a661aece0bac73b74759ba60f1 0 0 0 0 0 1
train_jpeg/9bb8bb42168a8ce95a57d818bc23b112 0 0 1 0 0 0
train_jpeg/a3106645d9ff642b102c1fae08356865 0 0 1 1 0 0
train_jpeg/41c3934a9d606ac5ab8d0ed35bb4b8c7 0 0 0 0 0 1
train_jpeg/b39aaa1c011c9244c1040aea5159e100 0 0 0 0 0 1
train_jpeg/2464cb0d204ce011f7a9dc28db281693 0 0 0 0 0 1
train_jpeg/d7a418b9be0b9981e1a5e81f97e70690 0 0 0 1 0 0
train_jpeg/17c018da44f9b9ee649a6ba3c22e3b29 0 0 0 0 0 1
train_jpeg/ba1fa858aab8cce6f76add53b7a3414d 0 0 0 0 0 1
train_jpeg/e027b36f1ea7050945a0519dfd18790d 0 0 0 0 0 1
train_jpeg/353564207b9d09b26db607c43d99ce18 1 0 1 0 0 0
train_jpeg/69c00d42baf0a120cebe799e13ebc41c 0 0 0 0 0 1
train_jpeg/d9ff2149c1fe67a65b26310b4018b006 0 0 0 0 0 1
train_jpeg/2583527ca7c4a6e278fb4506ba8637ab 0 0 1 0 0 0
train_jpeg/449fbabc6ac4293de48cebef57afcc91 0 0 0 0 0 1
train_jpeg/2c61061cab4605143ca51eba6ec952ec 0 0 0 0 0 1
train_jpeg/0a18ba620458e09504405e6a0a79ce2e 0 0 0 0 0 1
train_jpeg/6702482a4ef8f05cd1c9725f4d518da4 0 0 0 0 0 1
train_jpeg/0ac15450c8868c52521cd9bb4c3f74a7 0 0 0 0 0 1
train_jpeg/d56df8d8e36addc764b50b869a582c02 0 0 0 0 0 1
train_jpeg/54220e92c21a62705bf7a124f88f952b 0 0 0 0 0 0
train_jpeg/b1bb58f6975e965cf97340993ef46b4c 0 0 0 0 0 1
train_jpeg/414615baf78e32f3405cbcf5b742895d 0 0 0 0 0 0
train_jpeg/0b5d222662dfa80d7ba8b101bb88e20c 0 0 0 0 0 1
train_jpeg/f2ea94fbd14e7946114152b0a11d6ade 0 0 0 0 0 0
train_jpeg/72bce8eed8324b1544f1698f56a2b0ba 0 0 0 0 0 0
train_jpeg/5915bb1efae5b9c56c80673eaf814a87 0 0 0 0 0 1
train_jpeg/041762ff7fe435f22ea7541e77bfeafa 0 0 0 0 0 0
train_jpeg/7e2debe4301fb5848fe57fb2f8ada4d8 0 0 0 0 0 1
train_jpeg/44b30aa87ad06bd8263adbaab603da4a 0 0 0 0 0 1
train_jpeg/924e69559651654e67727eb1d8ca1b7a 0 0 0 0 0 1
train_jpeg/66933a35e5d688feb7c68a2e01e73e70 0 0 0 0 0 1
train_jpeg/c64f24562344eddc2effcc8a1c946701 0 0 0 0 0 1
train_jpeg/ccfd8ce24bf167cc12999fc53efd2dc5 0 0 0 0 0 1
train_jpeg/b66d58ed04096cca4e4fbb0da6e74592 0 0 0 0 0 0
train_jpeg/9163f352663788a365db4685d32099b6 0 0 1 1 0 0
train_jpeg/c2bebc1b3bc8eed14af03f6eb010e3b5 0 0 0 0 0 1
train_jpeg/0c450f19114239e20978f5eeea14774d 0 0 0 0 0 1
train_jpeg/14fcb6bd9c455b96a9c5f1a7b1229001 0 0 0 0 0 0
train_jpeg/6a7476a0c06dab9c750c77175dc77ffd 0 0 0 0 0 1
train_jpeg/9d2c9f496cedde3fe7a38080bf9b65c3 0 0 0 0 0 0
train_jpeg/fc6398e834598afce4e644237b1666ad 0 0 0 0 0 1
train_jpeg/40470986188cf8c9714e0cb9ffe8dc03 0 0 0 0 0 1
train_jpeg/d10e71da7a99bfb313c8c2826eb90b9d 0 0 0 0 0 1
train_jpeg/cffda620e23645a084953c3314511fae 0 0 0 0 0 1
train_jpeg/70352496be6ce4f5be6e6828d2b6e8f5 0 0 0 0 0 1
train_jpeg/a4b5b5a24eb519e88751619d6977d832 0 0 0 0 0 1
train_jpeg/95b32ce2a10f57629eb63830376237ca 0 0 0 0 1 0
train_jpeg/9e4888894ce1958ed9367866eaa9cb79 0 0 0 0 1 0
train_jpeg/d6a23b22b844af6f330145bce09c23a5 0 0 0 0 0 1
train_jpeg/61924f33dcc26bd35713d0fcaa21c9f1 0 0 0 0 0 1
train_jpeg/f11d8a1547f9331c3483c8693ec49b65 0 0 0 0 0 1
train_jpeg/ee7cc34733914fd5924eb5d75a27fba3 0 0 0 0 0 0
train_jpeg/ef608794f57405fb9a7468e3ef1e98fc 0 0 0 0 0 1
train_jpeg/0e6a918cc2a038ef1e8d3b0d9554f05e 0 0 0 0 0 1
train_jpeg/ee6eeaf541a305708e7a477a9def0488 0 0 0 0 0 1
train_jpeg/9f1098918ff33eda5b10805f54aad269 0 0 0 0 0 1
train_jpeg/e18a100e84aefa9da53dc8cc2fd4f22c 1 0 1 0 0 0
train_jpeg/a6d40c4c1c08b1d89adca15d9952526d 0 0 0 0 0 1
train_jpeg/924f9b4d5fe1d28b46d93ff6c9431b35 0 0 0 0 0 1
train_jpeg/13c284b597a4620ad6400f1c2535a87a 0 0 0 0 0 1
train_jpeg/78b0c9b0b5119e164eca84e3a288452e 0 0 0 0 0 1
train_jpeg/e7dad9b7047a87bb31b871d98c648d13 1 0 0 0 1 0
train_jpeg/3d4cff7ec8b3e2fe5b3f606880b45e7c 0 0 0 0 0 0
train_jpeg/29edf816573f3ac23ed50e3c344531a2 0 0 0 0 0 1
train_jpeg/96fb81c205dcedda4f036353e4f18cdb 0 0 0 0 0 0
train_jpeg/0213efd0f5bcee6b4daafc171ed3a902 0 0 0 0 0 1
train_jpeg/bf63f10c778016ebea60f7bacf1fbec9 0 0 0 0 0 0
train_jpeg/541ffcf7a179ec5aeef096ceb750e640 0 0 0 0 0 1
train_jpeg/56f5c2925dd388dac85d8eeb9059cfc1 0 0 0 0 0 1
train_jpeg/2e14a1d545fe84fb87891640ba990781 0 0 0 0 0 0
train_jpeg/f2e99da7b2ede64eb545e715fdddd365 0 0 0 0 0 1
train_jpeg/2efa9f02587c744ab6f04ac2b29604a3 0 0 0 0 0 1
train_jpeg/1912296cce436028085697480121b4eb 0 0 0 0 0 0
train_jpeg/cefc63f9ff49d9da82c49144f05a13cd 0 0 0 0 0 0
train_jpeg/8c93071f4d3c65844fe16c44a12a7213 0 0 0 0 0 1
train_jpeg/44e0f233a3ade73cab164079b182bf41 0 0 0 0 0 0
train_jpeg/750371858ec902890736e5d6ee552026 0 0 0 0 0 0
train_jpeg/3fbf5ad0dc91fdb688ec53aceaa2bcac 0 0 0 0 0 1
train_jpeg/228f1394daba97a4ce03ae7e866ec2ac 0 0 0 0 0 0
train_jpeg/ebfa9ce8a25b09fee878068fd7cd9212 0 0 0 0 0 0
train_jpeg/c8a782d151fc7bc3305ec970901b7bfe 0 0 0 0 0 0
train_jpeg/5e272e3adbdaafb07a7e84a9e62b1a4c 0 0 0 0 0 1
train_jpeg/9f2360f56f61751a254678ec0adbc77d 0 0 0 0 1 0
train_jpeg/11eda2bb6f6db5355ffc8ec8e36a8866 0 0 0 0 0 1
train_jpeg/2e5688104c935b98c00e2f228172fdc0 0 0 0 0 0 1
train_jpeg/996cf9196ebda9f2b449e2ec38ac17c4 0 0 0 0 0 0
train_jpeg/2768843da7fdebbc3fb547cc8af6f83f 0 0 0 0 0 1
train_jpeg/269fc38670939729787d740e47145028 0 0 0 0 0 0
train_jpeg/c83253a4bc999610f2c688c337a9d90c 0 0 0 0 0 1
train_jpeg/73376ac533cb588d64d79dbe5ecb3415 0 0 0 0 0 1
train_jpeg/3c393101bfd4b315e20d4e31f3e5635d 0 0 0 0 0 1
train_jpeg/c619a784636c085eb798f98a5ba1102d 0 0 0 0 1 0
train_jpeg/72955ce8636dc51c1459d32192ea0d64 0 0 0 0 0 1
train_jpeg/9ce4169ac820450d4a18f4d9d33d40f1 0 0 0 0 0 0
train_jpeg/bbf7e1f98708b3e698b20b788bc7aeb4 0 0 0 0 0 1
train_jpeg/357e1f13eaa9ef2ca05ead69875085ad 0 0 0 0 0 1
train_jpeg/3fea0b91a09533ea4c546cb1e49b8234 0 0 0 0 0 1
train_jpeg/dd6f6e28d4bdc996fbd9b8c2205fee89 0 0 0 0 0 1
train_jpeg/c6f36808b0208f5011ecb1ea21aef1b3 0 0 0 0 0 0
train_jpeg/37a4e42bac088a588aa3acc4a4cf42be 0 0 0 0 0 1
train_jpeg/becd8d15ae3ddb29c9a8ee29c3a5e695 0 0 0 0 0 1
train_jpeg/73b83ade1fb63fc7c966c1d776323ad0 0 0 0 0 0 1
train_jpeg/9a3994e6a7e4c6d815db35eff5203056 0 0 0 0 0 1
train_jpeg/a8887bae37bd218a89be7a6e2dc1499b 0 0 0 0 0 1
train_jpeg/5cb94a5da13b66604c0f15bcb1e5c740 0 0 0 0 0 1
train_jpeg/ce1623f1639c984a52b2e32ff845acad 0 0 0 0 0 1
train_jpeg/20a1b16f38402c919c3e59f65130bed5 0 0 0 0 0 1
train_jpeg/ebe4ab991ab3c0551a697e34f5e83b36 0 0 1 0 0 0
train_jpeg/fee7f5490aee6eb6626adb30d2509868 0 0 0 0 0 0
train_jpeg/6e004d77616aa8546ed689d9360e1080 0 0 0 0 0 1
train_jpeg/5475110f27f78902221081b214de06ea 0 0 0 0 0 1
train_jpeg/eb504655d27862892ea7c99c352d5aad 1 0 1 0 0 0
train_jpeg/03a3ed42ca92c02bfdff57a91f4dbf4d 0 0 0 0 0 1
train_jpeg/dd218cc5abf3a5538e889b72f2878bf9 0 0 0 0 0 1
train_jpeg/1a52acd36e0d153f9eccb125075b31bf 0 0 0 0 0 1
train_jpeg/a931e0bd35e2994665b8670e5a91cb1f 0 0 0 0 0 1
train_jpeg/7f6e22a61e1e4a61282e4f2b4d5ec0b3 0 0 0 0 0 1
train_jpeg/485d22df0c99d17579ec2b44799ffb50 0 0 0 0 0 0
train_jpeg/c6fe78d03c9d12783f3451ad237351f4 0 0 0 0 0 1
train_jpeg/b02ba01faa0de8e8f8fef2487923b42c 0 0 0 0 0 1
train_jpeg/90a42de9a27d4633619ea7ded0a2c263 0 0 0 0 0 1
train_jpeg/0ecf32ab5dfcb02ccd0a4209abfa047c 0 0 0 0 0 1
train_jpeg/c6ce00a54e01d4fde617260a33c33394 0 0 0 0 0 1
train_jpeg/0a380c45055b031c116507bdc5acff33 0 0 0 0 0 1
train_jpeg/ef8abdca805f7af833aecafaddbf818e 0 0 0 0 0 0
train_jpeg/e181e1775224e3191b0f79f07943e49a 0 0 0 0 0 1
train_jpeg/df304fefd393f599b2f3e1d83774a1f0 0 0 0 0 0 1
train_jpeg/e87ee0d8a82849df6f6317b47478bfec 0 0 0 0 0 1
train_jpeg/7db70125d7739e6cd0c442e7b7592d4c 0 0 0 0 1 0
train_jpeg/3ffe3bcf96ad33f1d612b24e4a35a38d 0 0 0 0 0 1
train_jpeg/9049aa8aa21b134a75e38dfc18facced 0 0 0 0 0 0
train_jpeg/91ef2f7201e2b84ad11ac10797dc7356 0 0 0 0 0 1
train_jpeg/c78f3a9e34b4becda214fa5af6fc0d4f 0 0 0 0 0 1
train_jpeg/992f66595e0c21609287c0023b2c721c 0 0 0 0 0 1
train_jpeg/36fb9803c515de8b2b44028af25662ec 0 0 0 1 0 0
train_jpeg/600b33fe60b1a34e537e9f89a544cb54 0 0 0 0 0 1
train_jpeg/56c3bbef093e2a2601cf4373aac9ff92 0 0 0 0 1 0
train_jpeg/861788e0e73283c8872552da6e6a4b7f 0 0 1 0 0 0
train_jpeg/d0f0c56c447255910f570a94275642e9 0 0 0 0 0 1
train_jpeg/61fbcd848aeaece25f62c1fe20bf327a 0 0 0 0 0 1
train_jpeg/051d112b55e4c9f9dfa53307cc2ffb62 0 0 0 0 0 0
train_jpeg/429f8dfd3cd4748c67b8395f9e8d678e 0 0 0 0 0 0
train_jpeg/f3328325b54d024ffc2b99a4430d213e 0 0 0 0 0 1
train_jpeg/92b94e816f1d41a200c00dcd38751212 0 0 0 0 0 1
train_jpeg/e05927c0210f5294f42c0c5b7cd578a6 0 0 0 0 0 1
train_jpeg/c1962bc9942c83b24922bafd211d9469 0 0 0 0 0 1
train_jpeg/d3d7cdbf034df86e32f83a507c08e375 0 0 0 0 0 1
train_jpeg/041664dfb960a15686d7e9c4c7b4fd73 0 0 0 0 0 1
train_jpeg/e4a528876744e3a37158645935028c57 0 0 0 0 0 0
train_jpeg/c9e29220b5d0f9cfdb250f0872648a89 0 0 0 0 0 0
train_jpeg/cc1f3e7b9d8e01f8bb3a5902b7f21e6d 0 0 0 0 0 1
train_jpeg/6f6b8ad537cd551d21769745d7b00c03 0 0 0 0 0 1
train_jpeg/1e8f8aeb612ca66bac87904f2525f992 0 0 0 0 0 1
train_jpeg/f2f8d46d9438459a795b19be73738cbb 0 0 0 0 0 0
train_jpeg/65d0e2c20be9bdcfe84cc43f4c4f9d3b 0 0 0 0 0 1
train_jpeg/14a097373f1e4e57878c3929fd2f3b4e 1 1 0 0 0 0
train_jpeg/0551db8af443829de9cfc1770eb15977 0 0 0 0 0 1
train_jpeg/60b630e78a6333d5528b7002c207a0e2 0 0 0 0 0 1
train_jpeg/811cbe1980f67f2a98f182451cc5da99 0 0 0 0 0 1
train_jpeg/de71b6b8004ff55b677a76b0352712e8 0 0 0 0 0 1
train_jpeg/82f62718d5385a45eb2b328b3a90fbdd 1 0 0 0 1 0
train_jpeg/b0af7aa14c8e085862fbe38153ddd535 0 0 0 0 0 1
train_jpeg/6d6746496137a10dbfbb4019c47174c0 0 0 0 1 0 0
train_jpeg/3f7f3d2e14e41602ac1f5909ce5e4be0 0 0 0 0 0 0
train_jpeg/f7d12f21dfedde3c815096d60fb5df44 0 0 0 0 0 1
train_jpeg/f8e3ac34e2e71746164cbbc2679c986f 0 0 0 0 0 1
train_jpeg/a961a6c1687700c95124510bbffef266 1 0 0 0 0 0
train_jpeg/6ebee97d53199fb6126b8eeb2acc7f44 0 0 0 0 0 0
train_jpeg/be17b633d756b8e407a8c57e0f8504cb 0 0 0 0 0 1
train_jpeg/46e5a3a0bbcaeaa1b6e0504d4847e71f 0 0 0 0 0 1
train_jpeg/173650113a759fb4f5470cda73485dd7 0 0 0 0 0 1
train_jpeg/9982d43a326a182bce905a72a7a79af8 0 0 0 0 0 1
train_jpeg/893e0aba4c16fcda10142283c97925c1 0 0 0 0 0 1
train_jpeg/80094dcea4e0951207ffecbdaa271176 0 0 0 0 0 1
train_jpeg/9c99d72caeb30147e6b641b11fd65fc5 0 0 0 0 0 1
train_jpeg/5873d3612a0a9eace6651a79da106faa 0 0 0 0 0 1
train_jpeg/624ffecb36667743a48b68e4cc80f0e0 0 0 0 0 0 1
train_jpeg/66c96c719b15abc13b5c76f74b6b7ef2 0 0 0 0 0 1
train_jpeg/27849a742242ed68910ae7592904db7c 0 0 0 0 0 0
train_jpeg/b032ac7819acaa4f77832aea268c800a 0 0 0 0 0 1
train_jpeg/c8f5a0b9ed2f25e3a220c7b3d97f29f3 0 0 0 0 0 1
train_jpeg/e53f8c1619181635cf68969e9e02984a 0 0 0 0 0 1
train_jpeg/5e05a7d4ef96fe954dc2bd2b42256cc9 0 0 0 0 0 1
train_jpeg/86b72a9c5e2981df08ac13101f5055bf 0 0 0 0 0 1
train_jpeg/ab615e4c48f2bec86c60082287f9cc16 0 0 0 0 0 1
train_jpeg/965c990cfe56fb23955d04d7176c3e9c 0 0 0 0 0 1
train_jpeg/915e7fbda46ac956e163de4485710390 0 0 0 0 0 1
train_jpeg/ab92572887da3377ccc7d68f10407b5d 0 0 0 0 0 0
train_jpeg/03734851475ddbff6572830b84dcc761 0 0 0 0 0 1
train_jpeg/777cfe6f95c3afbe85b2e1e5b56b8a0c 0 0 0 0 0 1
train_jpeg/17285d4b3bcac950397f548d1d715043 0 0 0 0 0 0
train_jpeg/f0ccac27f7eea1c854a9c60056a95eda 0 0 0 0 0 1
train_jpeg/d9f40a9e5ec48e463225a5c7cf81aaa0 0 0 0 0 0 1
train_jpeg/d786442ae2ad8b9bec49fece2659d564 0 0 0 0 0 0
train_jpeg/d552f9d13cfb671793ac74e81b7cb20d 0 0 0 0 0 1
train_jpeg/587d7941d6526009cb53ddc54410a9a6 0 0 0 0 0 1
train_jpeg/ddea1271d3e59d7e26c8f5d7ae93165b 0 0 0 0 0 1
train_jpeg/3ee674202cc0887b7b43db270ca54555 0 0 0 1 0 0
train_jpeg/4406b7311cc997f9e8253bfaef407299 0 0 0 0 0 1
train_jpeg/cbb387af06f2644ed90a42c390dd6f10 0 0 0 0 0 1
train_jpeg/c1483f399eea64c12fed7d3b25736d45 0 0 0 0 0 1
train_jpeg/3f4c0ff4b6e48838d7d9ddd9573f14b7 0 0 0 0 0 1
train_jpeg/de8c78afea91064bd977bb7092b99a63 0 0 0 0 0 1
train_jpeg/36bbd459a965a8e317338dcc9d9e4185 0 0 0 0 0 1
train_jpeg/a84777df727ba6ea0d556e914e83e530 0 0 0 0 0 0
train_jpeg/76baa8d5fd0bc8db4761566a6dcc65e4 0 0 0 0 0 1
train_jpeg/dcee5c339d220a9906de111253338580 0 0 0 0 0 1
train_jpeg/52798bf6b05abfd0558cc0c72687cf56 0 0 0 0 0 1
train_jpeg/1042eb8ffeadf2c7f54f7e776a449b05 0 0 0 0 0 1
train_jpeg/7310cb76b0642a868c3eb66ce74e7d70 0 0 0 0 1 0
train_jpeg/1280dc55c1ff852024be232c2942e3fd 1 0 0 0 0 0
train_jpeg/9f89a5b66a98b03666db2c9d36a7dc0e 0 0 0 0 0 1
train_jpeg/4085e7c5e44d4bc75213131a8a6aee47 0 0 0 0 0 0
train_jpeg/959cb0680fbb9779352b9e42feef7977 0 0 0 0 0 1
train_jpeg/7f4f51999d3e6d959add08ac28be1da4 0 0 0 0 0 1
train_jpeg/de029bf544556d1fe712ee43f2614c5c 0 0 0 0 0 0
train_jpeg/41c5464286501600f3a4c2f7a5c4c9e3 0 0 0 0 0 1
train_jpeg/1b3f4c30e797e1f54159d2cb01a60738 0 0 0 0 0 1
train_jpeg/d878ac7110aee5b23b9951ee99c4fcf4 0 0 0 0 0 1
train_jpeg/872ccc17975328d3ea22c467d465c9a3 0 0 0 0 0 1
train_jpeg/1ecc10ca44af4ff9638ab9723ba974cb 0 0 0 0 0 1
train_jpeg/41d75e4a8e06778e2feecc16c5c5fd41 0 0 0 0 0 1
train_jpeg/475705a8adf676e4f6d9db5296ed2b71 0 0 0 0 0 0
train_jpeg/2ab7723d59917d1cc798123de5c5b618 0 0 0 0 0 1
train_jpeg/2b2bd3577782a2b41dff067c167bffc6 0 0 0 0 0 1
train_jpeg/fc638ad95b1da436a018c3c083099aa3 0 0 0 0 0 1
train_jpeg/90823fdce55e57a5c6de680ccf9ffc38 1 0 0 0 0 0
train_jpeg/1a09d5ac9fd7ceec683403f87a0657ce 0 0 0 0 0 1
train_jpeg/f42000d2ffb02c74c696fba7678c51a6 0 1 0 0 0 0
train_jpeg/af0417dbc6afc8bdf3ab0fc5e6891ed6 0 0 0 0 0 1
train_jpeg/deb0fb3ac5b5f3cd636fd04cfcb7edae 0 0 0 0 0 1
train_jpeg/346f1188f13a810f924803b118e16c44 0 0 0 0 0 1
train_jpeg/4cf1b1d76ab89d36c71bb2c1cbd4335b 0 0 0 0 0 0
train_jpeg/f233f426d24061d9584932e52bfdbd49 0 0 0 0 1 0
train_jpeg/43d6a61fac5fb77bbf83e0070b914c82 0 0 0 0 1 0
train_jpeg/99c5019992434f96249d79326a472b05 0 0 0 1 0 0
train_jpeg/6a31df56cfa2c2692ca74be0bb975256 0 0 0 0 0 1
train_jpeg/6ada6149fec45a9046dbfe15e3459ec8 1 0 0 0 1 0
train_jpeg/e0a2b82444f036d987639703ea900695 0 0 0 0 0 1
train_jpeg/63ce5324b5bcb2e4c556a6112dead354 0 0 0 0 0 1
train_jpeg/ea7561e25ff0e7283d4197092e65d052 0 0 0 0 0 1
train_jpeg/d661504676709e84d3075bb96462e7a5 0 0 0 0 0 1
train_jpeg/d7210d8d2f377ab74e46acfb4a158e79 0 1 0 0 1 0
train_jpeg/569265e9ba8363c44d32599f9851158b 0 0 0 0 0 1
train_jpeg/497a208d6060186f0bf3d7ebcf57fc02 0 0 0 0 0 0
train_jpeg/36148cd81d5c56b7adec783c7c629ec6 0 0 0 0 0 1
train_jpeg/062a20d74974867cb8f6a100972d3426 0 0 0 0 0 1
train_jpeg/5198fc942534fe6e2c60119e3a22dd8a 0 0 0 0 0 1
train_jpeg/985be77c13eb905ee8e19a45e46ab785 0 0 0 0 0 0
train_jpeg/bd60f56f346490b1b62e6cfd02cbe7f5 0 0 0 0 1 0
train_jpeg/f1cc6ecd5562c49f2c25d539722fa074 0 0 0 0 0 1
train_jpeg/d8ecc4a091d838d9a615f100a907d5ec 1 0 0 1 0 0
train_jpeg/948a24672c71b051178ab5145269d302 0 0 0 0 0 1
train_jpeg/de24bc6fe0c81fd24b140b0eddebf31d 0 0 0 0 0 1
train_jpeg/3563cbf78297f9df2aa8fe7220a3cefc 0 0 0 0 0 1
train_jpeg/dd928f86c1a8831da50e1c8b8d2f1707 0 0 0 0 0 1
train_jpeg/9875360997232de481f0b1503f2ad3aa 0 0 0 0 0 1
train_jpeg/ee9e445e316c60e028de2486e3f459df 1 0 0 0 0 0
train_jpeg/47ed17dcb2cbeec15182ed335a8b5a9e 0 0 0 0 0 0
train_jpeg/23c9516db65572bae3125bcaead302d3 0 0 0 0 0 0
train_jpeg/9206c8b46a67949f8996a411f9d2d379 0 0 0 0 0 1
train_jpeg/d059a758010e50fc0b9d511c45bc9836 0 0 0 0 0 1
train_jpeg/e4ac7ebc707ed34608338b58d0917e94 0 0 0 0 0 0
train_jpeg/347180362348e522905047dde655b6d7 0 0 0 0 0 0
train_jpeg/0344c63913224cf62e3d8bcd5dd93a9b 0 0 0 0 0 1
train_jpeg/752836009ec557fe1f845720bc2914f4 0 0 0 0 0 1
train_jpeg/2273d1a07a40e381fb7dfd7649166714 0 0 0 0 0 1
train_jpeg/de8c78afea91064bd977bb7092b99a63 0 0 0 0 0 1
train_jpeg/b243e259b42195169f852d16c098e2bf 0 0 0 0 0 1
train_jpeg/4f85a3489a50abf87136c4544ce8b2ba 0 0 0 0 0 1
train_jpeg/04d8c516c82ccf6d54c4f4ade2cd9417 0 0 0 0 0 1
train_jpeg/37f810742e4cac9941b74e659620f594 0 0 0 0 0 1
train_jpeg/de4ab903cee751d979e2a7c14f51500f 0 0 0 0 0 0
train_jpeg/b76916b5896052a9b69ae300790c1b7a 0 0 0 0 0 1
train_jpeg/8e3006f8c3906fc969d4aa9aeb31f586 0 0 0 0 0 0
train_jpeg/c8772752985ad53b7c0214c4c954dd01 0 0 0 0 1 0
train_jpeg/968f1c8478d5ff4ac36c412526b8f00e 0 0 0 0 0 1
train_jpeg/ce09180e7c2e3db04f92ba556dc7b674 0 0 0 0 0 1
train_jpeg/466b5b5f21f766aecb22148002ff865a 0 0 0 0 0 0
train_jpeg/e181e1775224e3191b0f79f07943e49a 0 0 0 0 0 1
train_jpeg/353564207b9d09b26db607c43d99ce18 1 0 1 1 0 0
train_jpeg/4a5afee9bce2ad08686b8a660a77943a 0 0 0 0 0 1
train_jpeg/b29679d2251dd63917530a6eb83e0493 0 0 0 0 0 0
train_jpeg/046c58187c0ca245b8b5408ec3575949 0 0 0 0 0 1
train_jpeg/f4b8c5c84f200ee9e9faba45bb2b0baa 0 0 0 0 0 0
train_jpeg/d4358555ad3558a26d3291749e7b251a 0 0 0 0 0 1
train_jpeg/d2a96a8872fd5f2f9f1f23eedc97839b 0 0 0 0 0 1
train_jpeg/f586cbaa1c54d23a3798639cc1dcee49 0 0 0 0 0 1
train_jpeg/f449ad15a8db7fed86bb169e264234b4 0 0 0 0 0 1
train_jpeg/deb0fb3ac5b5f3cd636fd04cfcb7edae 0 0 0 0 0 1
train_jpeg/0f186e3eba8d9ebd51feed957204ddbf 0 0 1 0 0 0
train_jpeg/d73f4434de72e8f0b08f75a7416f59f2 0 0 0 0 0 1
train_jpeg/cad576481adca7522abedfab6091cea1 0 0 0 0 0 1
train_jpeg/6309ade69197bd2604ce6837b96108a9 0 0 0 0 0 1
train_jpeg/6547fa2c30b6b51cbfa4c2a5c9972ff0 0 0 0 0 0 1
train_jpeg/73032fc093c0339da389399e3312c1b8 0 0 0 0 0 1
train_jpeg/5a947d5082970db1542e1b3d080947a9 0 0 0 0 0 1
train_jpeg/c49cd7902581e2ffde01d556ae688267 0 0 0 0 0 1
train_jpeg/682651014e9e033303c15905df3769ca 0 0 0 0 0 1
train_jpeg/3563cbf78297f9df2aa8fe7220a3cefc 0 0 0 0 0 1
train_jpeg/c883b7177d13ab5ff7f3181363980611 0 0 0 0 0 1
train_jpeg/b90ffdff145e509470fa3e65b59fd7fc 0 0 0 0 0 1
train_jpeg/bea1f7c619ec14e67f81887886629899 0 0 0 0 0 1
train_jpeg/48c44319fb3ad32555821ee0c74e6719 0 0 0 0 0 0
train_jpeg/92944cc3f78d93831f23ed1cee9440f9 0 0 0 0 0 1
train_jpeg/8e1a18777633a830c6e5897e4dddb6f7 0 0 0 0 1 0
train_jpeg/abab3c0545772de7b3d73d7b457319d2 0 0 0 0 0 1
train_jpeg/ad2667570c5af6029b7fdd5686fcdea3 0 0 0 0 0 1
train_jpeg/4fb44cbb42a74015b340e647234b30eb 0 0 0 0 0 1
train_jpeg/bf9bba0703ec2a74740fbb891b9f6322 1 0 0 0 0 0
train_jpeg/83d5daa9e2dfbb786f5be821a8255c7e 0 0 0 0 0 1
train_jpeg/e3d67e87b9ad31a5795719d97990f3a3 1 0 1 1 0 0
train_jpeg/936a8f06b5ebeb1ebd1651305ef3e916 0 0 0 0 0 1
train_jpeg/b2761458a97457eb9702ea72dec1453a 0 0 0 0 0 1
train_jpeg/144d37bbd2dea37c4b1286207f4ba909 0 0 0 0 0 0
train_jpeg/f289d19e4b47b6f38bc2dca65d2d40bd 0 0 0 0 0 0
train_jpeg/d2bc15eab8150cfcbcd9364c20c7297d 0 0 0 0 0 0
train_jpeg/c8a782d151fc7bc3305ec970901b7bfe 0 0 0 0 0 0
train_jpeg/6cde3166d972c7b9ceff0e6099d4e374 0 0 0 1 0 0
train_jpeg/75bb589fb887060db918ff9b4e75744d 0 0 0 0 0 1
train_jpeg/18ae6fcb91d1341e477ee3dc84dd5071 0 0 0 0 0 1
train_jpeg/7430af9cdc5fa56f86d71b66a837390c 0 0 0 1 0 0
train_jpeg/e9ad16e9005cba117fc909effbf70e37 0 0 0 0 0 1
train_jpeg/07c9ba701fe26c4d6de66965e4d35157 0 0 0 0 0 1
train_jpeg/49ffdc3f7a8d0fc1f91335975ac6b44f 0 0 0 0 0 0
train_jpeg/b214794fa9dace014ec983237f1ac3ad 0 0 0 0 0 1
train_jpeg/942a430702bd6111fd162c35c6ebbc8c 0 0 0 0 0 1
train_jpeg/62deaf5f6e7d93b940f8dcdec0b6c121 0 0 0 0 0 1
train_jpeg/c20faa7590d8d00d322b2df6e0d63cc5 0 0 0 0 0 1
train_jpeg/87fdaa98d570ac156bfaa0d863401373 0 0 0 0 0 1
train_jpeg/08d348d8be4861efbf70a92ca86b8465 0 0 0 0 0 1
train_jpeg/48e59d6f94bf9e8a3acf7fef51ac3d77 0 0 0 0 0 1
train_jpeg/dd419454c39f108f8da8a4ecb26686e4 0 0 0 0 0 1
train_jpeg/0aabf7009dcd5866ab3e0b10a44ad91c 0 0 0 0 0 1
train_jpeg/9e6b3b14058606fadddc95950f8b8e3b 0 0 0 0 0 0
train_jpeg/45ebf99f69cf677b34b0b58726469b93 0 0 0 0 0 1
train_jpeg/2d811574e621d10507c56406413a08de 0 0 0 0 0 1
train_jpeg/285757455efb2aa9ee37477dc3ce17b6 0 0 0 0 0 1
train_jpeg/9caa401125b89c4cc372cc2169d340f2 0 0 0 0 0 1
train_jpeg/ecfa5ae1596db914553a17440c1f0bd0 0 0 0 0 0 1
train_jpeg/a655a71a3cddecea703e954e8e23cccc 0 0 0 0 0 1
train_jpeg/4ef1312ec852f7b0da904d5c023dd763 0 0 0 0 0 0
train_jpeg/59ce395b4efb35e9103f5484b6e0ce17 0 0 0 0 0 1
train_jpeg/73dcc0c151e92d0090c75815c315ba83 0 0 0 0 0 0
train_jpeg/4478093174416794579b4f37696fb719 0 0 0 0 0 1
train_jpeg/19367e88f4634c2652d3eed0a2f1f8b2 0 0 0 0 0 1
train_jpeg/a847bdede3ab373ca4e2ab6199dc569f 0 0 0 0 1 0
train_jpeg/5268b1ff61505e50ac05fd430cc45276 1 0 0 0 0 0
train_jpeg/427cc67360ebdee0eefee7e0ae63f2b8 0 0 0 0 0 1
train_jpeg/d3559f85e59a0499bd13a80f054f8fde 0 0 0 0 0 1
train_jpeg/3a3506dabb083b7e540bdaa34b5ee413 0 0 0 0 0 1
train_jpeg/92b5ba0eccd95a3401e033704f52dbdf 0 0 0 0 0 1
train_jpeg/a6815b18ea16692006a4fc6c26fba868 0 0 0 0 0 1
train_jpeg/0c402b0f68dfb6cf6d8045526736d425 0 0 0 0 0 1
train_jpeg/4758f12fa97db882fa8b7142014cefb4 0 0 0 0 0 0
train_jpeg/3d70046ae9a650f1316d143166541089 0 0 0 0 0 1
train_jpeg/a16e36c62e62f0a087032cf651ad72b3 0 0 0 0 0 1
train_jpeg/2d2dab02bcbe866c0c167196f088a4e8 0 0 0 0 0 1
train_jpeg/cf4491820a0f9dcc902699670620b550 0 0 0 0 0 1
train_jpeg/150d9b226334d9f3471d088307cdc5fd 0 0 0 0 0 0
train_jpeg/aacd0a8ec30a8e0a2feccbdb165dc8c9 0 0 0 0 0 1
train_jpeg/40b9a833fd7bc494e9803286d9349ca6 0 0 0 0 0 1
train_jpeg/f3bdfeef73cd67f5583466d3df2829df 0 0 0 0 0 0
train_jpeg/f5e7705e5203edaa989f789e7fbcdf31 0 0 0 0 0 1
train_jpeg/f77169bed7bd86515d0f93e9eccdc4f9 0 0 0 0 0 1
train_jpeg/dc16611b33711249ce1605b2d7148bc0 0 1 0 1 0 0
train_jpeg/03a66c919172a500cea51763d9a22f56 0 0 0 0 0 1
train_jpeg/3349c0d8861ff59db82c4e6f1d10705a 0 0 0 0 0 0
train_jpeg/5f080be2c69effc23bae4b5704b3a9e1 0 0 0 0 0 1
train_jpeg/80c9acacf163bc16010749b2b946e528 0 0 0 0 0 0
train_jpeg/1a3e31be4931b71f5840e74d1431b84a 0 0 0 0 0 1
train_jpeg/06e523e21ac668629092e85928b176a3 1 0 0 0 0 0
train_jpeg/b8de83edc69e3eb2e8837f74ff988557 0 0 0 0 0 0
train_jpeg/634692d5bae08695f3c842dfbabb902b 0 0 0 0 0 1
train_jpeg/b619a1c0b68b8fafba73b0a9e1e64446 0 0 0 0 0 1
train_jpeg/4f7a8f69990e8a2212ebc51bb502fc7c 0 0 0 0 0 1
train_jpeg/276bee83906a9d919e254a9dd1c4a63b 0 0 0 0 0 1
train_jpeg/10c3f0fd6aa8692d67b5796f78a6b827 0 0 0 0 0 1
train_jpeg/7d5d5cc46b28fcdd523cdfa8f8f81a7e 0 0 0 0 0 1
train_jpeg/379da637859b61609c15e1f4ed2a5e7f 0 0 0 0 0 0
train_jpeg/7e1c011664759595c0a3d4e182039d36 0 0 0 0 0 1
train_jpeg/1a3faa4e0b6f7e8aa8e3122420c27b02 0 0 0 0 0 1
train_jpeg/36932735c9b84df4760656ab8dc088a7 0 0 0 0 0 1
train_jpeg/51a476e1c278cc4a59f103432c929b79 0 0 0 0 0 1
train_jpeg/1280dc55c1ff852024be232c2942e3fd 1 0 0 0 0 0
train_jpeg/c46b65732e3619dbfcca95e45215376f 0 0 0 0 0 1
train_jpeg/0e2c49d7d9a4db2f61776c970a463361 0 0 0 0 0 1
train_jpeg/b88d596bf6fd4664434f6525ac632f74 0 0 0 0 0 0
train_jpeg/670c92f9b007ce53715cc917a1100b79 0 0 0 0 0 1
train_jpeg/bb966fe5fe8ccde47fdf4cb33792b810 0 0 0 0 0 1
train_jpeg/bce076b117178591a7dad5ab9296ba74 0 0 0 0 0 1
train_jpeg/e9c86d83946c7245b36727680ecbe441 0 0 0 0 0 1
train_jpeg/d4059b483cf4fedc95df7c42556c7f02 0 0 0 0 0 1
train_jpeg/97034c0b3a0a8f1978cbd99438705a25 0 0 0 0 0 1
train_jpeg/adcaaf7fd9127f0d9836ae3d41669f35 0 0 0 0 0 1
train_jpeg/deb8ac73caba5dd9a801df0a8ce8867c 0 0 0 0 0 1
train_jpeg/1809586171b812f61efdb34ec7078a3b 0 0 0 0 0 1
train_jpeg/0266a41a3b7d8870779c528a5b66615e 0 0 0 0 0 1
train_jpeg/1e47f8b7036defda2d0191401e1e05d6 0 0 0 0 0 0
train_jpeg/882f88c8897c7e06e65cc59f10ff4c41 0 0 0 0 0 1
train_jpeg/c394eadea89e5795c8037280492d116d 0 0 0 0 1 0
train_jpeg/9369d8c9b16544b4f5c2d953f972a87c 0 0 0 0 1 0
train_jpeg/e6e114b28a55ec3e9ecac74c55167fef 0 0 0 0 0 1
train_jpeg/487f2f5252187b5953745452b324bb63 0 0 0 0 0 1
train_jpeg/0032c6091dc8f1b1245fc2f5f45458fa 0 0 0 0 0 1
train_jpeg/b76de23d23b7418566348c413efa1a3f 1 0 0 0 0 0
train_jpeg/ba21bf09e567083678ffd9fbdc40bbfd 0 0 0 0 0 1
train_jpeg/b544085616a59c03b122f400c6615c5b 0 0 0 0 0 1
train_jpeg/745101df234416c1912639f9aa4816bd 0 0 0 0 0 1
train_jpeg/efd841b9897ceb215d30cff8e1fb85b4 0 0 0 0 0 0
train_jpeg/cfbb4effef1cb2fe0311d38e3d35b5ea 0 0 0 0 0 1
train_jpeg/0424e80c4f0cae6ea9e65efeed75d5d0 0 0 0 0 0 1
train_jpeg/03431b577d1ccf075e930c4c4913c079 0 0 0 0 0 0
train_jpeg/f57479fcccd0791b02e91a2657052644 0 0 0 0 0 1
train_jpeg/c69e4be327f6c723c1d45f7e4d8540fb 0 0 0 0 0 1
train_jpeg/4afe7bd20999683f3751e22d8806ba4a 0 0 0 0 0 1
train_jpeg/480a26ee89ee25d5bd88a3bd598ebd82 0 0 0 0 0 1
train_jpeg/ee9e445e316c60e028de2486e3f459df 1 0 0 0 0 0
train_jpeg/23f1167e98727ee4b2f098240209b7d6 0 0 0 0 0 1
train_jpeg/909c2b9446f6c9613c2975c9eb66bee0 0 0 0 0 0 1
train_jpeg/abc4b79db99cd7f87b59ae2ad55c169f 0 0 0 0 0 1
train_jpeg/4b001bab36d94f73c1ead3ab74690dbc 0 0 1 1 0 0
train_jpeg/b76cd3abd7eaaf6c0e3ab9c09c616271 0 0 0 0 0 1
train_jpeg/955f258cc29153f996ee6716218c1196 0 0 0 0 0 1
train_jpeg/761156f763bd414dfd2037ae413d5fe8 1 0 1 0 0 0
train_jpeg/cd4e3d9119afb1d1c9c3eea618ce9780 0 0 0 0 0 1
train_jpeg/6bbf54943c04324784c54e27de8dca85 0 0 0 0 0 1
train_jpeg/8c2904da3c81a948576addbd1b3fb1c2 0 0 0 0 0 1
train_jpeg/a341ed51756547e8d43f052b7994d0ec 0 0 0 0 0 1
train_jpeg/6c35a010256b29d6db4956f5bffff4a2 0 0 0 0 0 0
train_jpeg/8cc5ee4cf5c697d98d7c85951aa4f8d7 0 0 0 0 1 0
train_jpeg/4a8bdd1e42ac03d0ba7e5b57ff6d34ef 0 0 0 0 0 1
train_jpeg/4f8d1f1aa863e5d35bbe68ab8b72a87c 0 0 0 0 0 1
train_jpeg/15a0f6bc04df6fafdc50b7637fbde815 0 0 0 0 0 1
train_jpeg/422a469c9b13b37c702ab2047e157899 0 0 0 0 0 1
train_jpeg/096f214b3f16d0d36d17a3cb128c19a7 0 0 0 0 0 1
train_jpeg/e15a995ca75b644370fbb4b60809783d 0 0 0 0 0 1
train_jpeg/77192a2343f2b1c0daae17b72219b050 0 0 0 0 0 1
train_jpeg/ad413beaa010e38e1f06dad791e3c81c 0 0 0 0 0 1
train_jpeg/ccc68a4342b2e47a4d047da91403568d 0 0 0 0 0 1
train_jpeg/50accea9be1dcb0c9f54a9c9d5aaeee6 0 0 0 0 0 1
train_jpeg/8a0c078a924f9edcdbd55f8f40cbc66c 0 0 0 0 0 1
train_jpeg/355d1c27824a343cde65516686c0a425 0 0 0 1 0 0
train_jpeg/fcc781b652368c74e8e59d46fb4a76af 0 0 0 0 0 1
train_jpeg/7f9b047f4a1e980363d5a9302d0a936b 0 0 0 0 0 1
train_jpeg/1913a4c5232aab90ec047d630df595c2 0 0 0 0 0 1
train_jpeg/ca81554797be11919317efed035eca56 0 0 0 0 0 1
train_jpeg/80f2bd216bbb01b56cf50c9a85f79233 1 0 0 1 0 0
train_jpeg/e5b7f3d74b043850943f8ae9caab8c9d 0 0 0 0 0 1
train_jpeg/4c136dc24756a39edd30f610a01029df 0 0 0 0 0 0
train_jpeg/f998ddf451a859e6ccbfc835d0f67389 0 0 0 0 0 1
train_jpeg/a134906da9ca5a416320c8409bc858ca 0 0 0 0 0 1
train_jpeg/2bb05fadd8d49270b39cf55b403d3e37 0 0 0 0 0 1
train_jpeg/f90d70aeadcff7186649097a25a2d1a9 0 0 0 0 0 1
train_jpeg/d62aa61513b12df3e2b0fa3bd561db8e 0 0 0 0 0 1
train_jpeg/0924d4feb44b089213370a578a5bfded 0 0 0 0 0 1
train_jpeg/4c4c01f3b10b1fe2389db44d250fc7ae 0 0 0 0 0 1
train_jpeg/4d8a51ab3ebdb9b9f91c373b56b5d7f3 0 0 0 0 0 0
train_jpeg/8dfdb16f2373ca92d484bb8ae376d7dc 1 0 0 0 0 0
train_jpeg/6e2c5ac0b017ee374840d5ad3aba3629 0 0 0 0 0 0
train_jpeg/2df2cd03d68301d17fc1aa4daf8282be 0 0 0 0 0 1
train_jpeg/0c402b0f68dfb6cf6d8045526736d425 0 0 0 0 0 1
train_jpeg/abb91bdaa9d02f50bde1eaa88e13afab 0 0 1 1 0 0
train_jpeg/b08d54426c6af35ea469ecb63d047fbc 1 0 0 1 0 0
train_jpeg/d69f18c4025dda6eb24faa09453fea2c 0 0 0 0 0 1
train_jpeg/6f05c6e90da8aba84581301c27b72ef0 0 0 0 0 0 1
train_jpeg/f1ed2d380bf23214b0522e753035545c 0 0 0 0 0 0
train_jpeg/ad1d315faa4865f413ac2d0259ae0374 0 0 0 0 0 1
train_jpeg/3b84fad11366b42cf32c96c2d0fa84d4 0 1 0 0 0 0
train_jpeg/47c2ef865b87d097ec8ce82a112d05b0 0 0 0 0 0 1
train_jpeg/5ac5435c720d458c118c8fe6aa71b2b6 0 0 0 0 0 1
train_jpeg/4fd2276eac936187164ccd09db6a5c4d 0 0 0 0 0 1
train_jpeg/2e05d6cd09b716b210e4bcc13768da4a 0 0 0 0 0 1
train_jpeg/5bfbd3dac06468e3753c57d7812795e4 0 0 0 0 0 1
train_jpeg/e090f8b1cf17d7c7f64b73446a694483 0 0 0 0 0 1
train_jpeg/70cd388750423edbe130a1198a1a3a96 0 0 0 0 0 1
train_jpeg/ccc1a37e9a965408e6711b70b037c8a0 0 0 0 0 0 1
train_jpeg/da2589f1fa2dade5629703c8c70abd77 0 0 0 0 0 1
train_jpeg/630a0f2f00ad7b543d2e4f55f1f90324 0 0 0 0 0 1
train_jpeg/fc63f0bc1c17a196a1985672fe91d660 0 0 0 0 0 1
train_jpeg/0466e4e4152453a378154e24994e40c7 0 0 0 0 0 1
train_jpeg/6f5f1420c9f88f1ec8b886e3700410f5 0 0 1 0 0 0
train_jpeg/be85b7d55e0ef589729ef4dd6ffc38fb 0 1 1 0 0 0
train_jpeg/986a142a1300b3401bdeda43822ceba6 0 0 0 0 0 0
train_jpeg/ba8cf1b843900f3e754f6e172f62efc4 0 0 0 1 0 0
train_jpeg/ace8679282aed8bfb0586dc2ece0a75b 0 0 0 0 0 1
train_jpeg/61b870f53ee51305fca5b584ffaf4a8d 0 0 0 0 0 0
train_jpeg/c80a411859b7c46cbdecd5ce6cf0b47b 0 0 0 0 0 1
train_jpeg/5f6adbed53a37c3ae996feb2d892d149 0 0 0 0 0 1
train_jpeg/ad6e1fe898fb41a7c76718428f7c80a9 0 0 0 0 0 0
train_jpeg/aad5cdb7bd3d9d0b5f14a6ac95774792 0 0 0 0 0 1
train_jpeg/42b84ac3a6e4443cd8e53f4b4624be2e 0 0 0 0 0 1
train_jpeg/0a5da3b480ea895bafe976f54050c9f1 0 0 0 0 0 1
train_jpeg/1973a067f26b35dc448358baaf03ae76 0 0 0 0 0 1
train_jpeg/7bf27ddb13e3074551cd7caccb98cce9 0 0 0 0 0 1
train_jpeg/e33b884090fb972138fcecc88d4545c2 0 0 0 0 0 1
train_jpeg/36148cd81d5c56b7adec783c7c629ec6 0 0 0 0 0 1
train_jpeg/1c8bc2c9952daef7e59be7a341d93c1c 0 0 0 0 0 1
train_jpeg/7e31692c6e1768cb226f77376dcd4e82 0 0 0 0 0 1
train_jpeg/483d6b016165247ab0ff2c0b04e64a9d 0 0 0 0 0 1
train_jpeg/5790f1fb600b859c067e0bd867c69c3e 0 0 0 0 0 1
train_jpeg/de71b6b8004ff55b677a76b0352712e8 0 0 0 0 0 1
train_jpeg/a71462e25ea94178b2ff97939d7af7ec 0 0 0 0 0 0
train_jpeg/7ecba339007839b32c89c2e3832ab61f 0 0 0 0 0 1
train_jpeg/571ffeb5344b749ef4e99c75b8449a86 0 0 0 0 0 0
train_jpeg/62cb8ed416eae186969bca828ff184ae 0 0 0 0 0 1
train_jpeg/2b3f933dae2d8beb2f065fd3a7bded78 0 0 0 0 0 1
train_jpeg/7be2d2fc4e5821cbf3f5fb7d7d3a3c8e 1 0 0 0 1 0
train_jpeg/67533fa705019e473c1609ec6ed294d8 0 0 0 0 1 0
train_jpeg/0f3b6a40134f9192e47ca830e9ee317b 0 0 0 0 0 1
train_jpeg/0ee815af6f6dc10b6e9cf697791ca809 0 0 0 0 0 1
train_jpeg/8fc79a203e64c849cd6b176be004534d 0 0 0 0 0 1
train_jpeg/a68dc259352540652c16a30b4ad4c99f 0 0 0 1 0 0
train_jpeg/6f873f0a401ca124ae1e125f081b591e 0 0 0 0 0 1
train_jpeg/3eb4d8c855c884225e771d77c18e6215 0 0 0 0 0 0
train_jpeg/cbd0044aca7207f08e75f9e1f82cf413 0 0 0 0 0 1
train_jpeg/af6a734a0bf89612c5d270c198d48bc6 0 0 0 0 0 1
train_jpeg/427ad07478cb7710bb265665a9e8e919 0 0 0 0 0 1
train_jpeg/189cdd6c035ddf60e25d6b5a59483aa4 0 0 0 0 0 1
train_jpeg/37ad05ff4a0cd966275ac940a17a4037 0 0 0 0 0 1
train_jpeg/ad65ef4667adaa5e3bc774ad80158540 0 0 0 0 0 0
train_jpeg/af87d8551f297c7521d71609885c6e15 0 0 0 0 0 1
train_jpeg/48e4dde9aae77154fe693f8d439a8a08 0 0 0 0 0 1
train_jpeg/9917e9ddd333c0758c69031407538feb 0 0 0 0 0 1
train_jpeg/35587a8b8b325a6f2179d33bd26aa0fe 0 0 0 0 0 1
train_jpeg/7310cb76b0642a868c3eb66ce74e7d70 0 0 0 0 0 0
train_jpeg/2b0f82148f786f6634ac9e3e4954af9c 0 0 0 0 0 1
train_jpeg/f50d5b9d7f65680d066371d14fcda875 0 0 0 0 0 0
train_jpeg/0a3022286196be410476be6b60733b43 0 0 0 0 0 1
train_jpeg/00e9d7e1203324adb7e6fcc02231e3aa 0 0 0 0 0 1
train_jpeg/90294c2e98cf161d97c32633e5a67ab1 1 0 0 0 0 0
train_jpeg/e8a33efad92e29059710804688d915bc 0 0 0 0 0 1
train_jpeg/e41aead6ddd261c42d819763aa7ccffb 0 0 0 0 0 1
train_jpeg/58ca9e2510d61a93d9399026ba37f3b6 0 0 0 0 0 1
train_jpeg/c25a87784e4a9dd01911f626cbd1faeb 0 0 0 0 0 0
train_jpeg/221d68705e17ec11935e410fcc483b0f 0 0 0 0 0 0
train_jpeg/15b0e4f28f04c455b90949d649987742 0 0 0 0 0 1
train_jpeg/a0ad8f24ca2cff284cfb950bad1b6914 0 0 0 0 0 1
train_jpeg/f591f6e017545ab779d1e88735340128 0 0 1 0 0 0
train_jpeg/0b9a96125c03add5610316081f13aa2e 0 0 0 0 0 1
train_jpeg/1e789b5c3710a03a6f4493c69b04620d 0 0 0 0 0 1
train_jpeg/f971080317357202f0a1cfb173cfde37 0 0 0 0 0 1
train_jpeg/e82cedee4afa9651a7bd0d57a23280f2 0 0 0 1 0 0
train_jpeg/bc50e069d2d3fd9b005742ea6347cde5 0 0 0 0 0 1
train_jpeg/e6df9b3fba3fb8745fe06fe9fb84ecfe 0 0 1 1 0 0
train_jpeg/0505cbd875480c2f88d2e470f4c90b3b 0 0 0 0 0 1
train_jpeg/ddfbf7639556d7a6fe99fd20e3e56b46 0 0 0 0 0 1
train_jpeg/84efc4b694d333845fa75c203105d412 0 0 0 0 0 1
train_jpeg/d56755afd866638a45552615a3449acd 0 0 0 0 0 1
train_jpeg/1a027a6706c01aa0ec05d79942af1a15 0 0 0 0 0 1
train_jpeg/f315e923bfad0a0b4dacd33ce62fd11e 0 0 0 0 0 1
train_jpeg/6067e2a8536a187d543ebd4fab4af731 0 0 0 0 0 0
train_jpeg/b94c2d3d8878a07297684c90af9dcabd 0 0 0 0 0 1
train_jpeg/1a386e3f372b4433590c8b80f4fe373d 0 0 0 0 0 1
train_jpeg/1f60588926146538eeb34cd3215b4848 0 0 0 0 0 0
train_jpeg/7b5a51c10c8a810fa04c4f24e4db2bc8 0 0 0 0 0 1
train_jpeg/01e3254dd8d66c7d004775227bebc596 0 0 0 0 0 1
train_jpeg/19e10a7d79e4a8803fae795e5ac4222a 0 0 0 0 0 1
train_jpeg/624ffecb36667743a48b68e4cc80f0e0 0 0 0 0 0 1
train_jpeg/e29dc4f1ecbaa67bc029b120375837ac 0 0 0 0 0 1
train_jpeg/16531c511f60bb26a0f3e36acf16b73a 0 0 0 0 0 1
train_jpeg/011244ab511b20130d846f5f8f0c3866 0 0 0 0 0 0
train_jpeg/482888f84b6b41c2afff7e8fb6341884 0 0 0 0 0 1
train_jpeg/8b32bb8de86a0f89db7241a3de5eb5c2 0 0 0 1 0 0
train_jpeg/97d4fd52cbbd22a1c481a29958375731 0 0 0 0 0 1
train_jpeg/78c1b61cfb348be14a529e557ff63cf1 0 0 0 0 0 1
train_jpeg/2b54a107cfa7753b2f625a4fd122df3a 0 0 0 0 0 1
train_jpeg/e53f8c1619181635cf68969e9e02984a 0 0 0 0 0 1
train_jpeg/22d7fb75b2d533f5fda002cd41721884 0 0 0 0 0 0
train_jpeg/50e578a1af0cba03c513965993b9e5fa 0 0 0 0 0 0
train_jpeg/c36dafa1ed22b81682dbbd30a6dd0b32 0 0 0 0 0 1
train_jpeg/01f88c998eea22d21ee144bc3edfd261 0 0 0 0 0 0
train_jpeg/53f24abf8ff03943c9a413462606cb39 0 0 0 0 0 1
train_jpeg/565d43a064ac566944c694e07e58959f 0 0 0 0 0 1
train_jpeg/b4b01da58a286c5b32d3be6a4f8d5c82 0 0 0 0 0 1
train_jpeg/2377426fc941366d89d23c2d09d5b00f 0 0 0 0 0 1
train_jpeg/2f7b26e9f3534d1c1e18c6859b194489 0 0 0 0 0 1
train_jpeg/4fa6cca94550b80255481defaff69042 0 0 0 0 0 1
train_jpeg/b666309acbdd37be5fa51d68fba5222e 0 0 0 0 0 1
train_jpeg/101f2420808891cab10b4b2f0c1d2875 0 0 0 0 0 1
train_jpeg/d39b7871db568a6d623874d5b9d3f11e 0 0 0 0 0 1
train_jpeg/ca1ffc6e5a04531c08563d9160ef62bf 0 0 0 0 0 1
train_jpeg/efea0c46d7679075d3b7456f7ce0a3df 0 0 0 0 0 1
train_jpeg/495a8387ebc7d7ccfef5756ba2f4bb01 0 0 0 0 0 1
train_jpeg/f90b90dfd11066369f7f1f938e2f4969 0 0 0 0 0 1
train_jpeg/8d002d924e667aded2857442587afe81 0 0 0 0 1 0
train_jpeg/073ebe231a40891d4f9c4cc3e70bc020 0 0 0 0 0 1
train_jpeg/812ed04068507604227752b581ea7dbb 0 0 0 0 0 1
train_jpeg/774c1ca3798d3054ac1a413570e665c9 0 0 0 0 0 1
train_jpeg/4ec748a76c5b97c0cea475075d99933e 0 0 0 0 0 1
train_jpeg/ad14d47f4b21f0c9d8f47c9570e6135e 0 0 0 0 0 0
train_jpeg/129a1e7753432edd052a2cdbfbaee00e 0 0 0 0 0 0
train_jpeg/b948592be9abd5dcf1a570c72887c033 0 0 0 0 0 0
train_jpeg/dc58721cb0e95824ca6af36be687b8c4 0 0 0 0 0 1
train_jpeg/5c4d297206c527d387fb3033bb666776 0 0 0 0 0 1
train_jpeg/af9c771b799b3ee71772e9a32e167e20 0 0 0 0 0 1
train_jpeg/d558e9292b4124bfe42aad31dd33d7f4 0 0 0 0 0 1
train_jpeg/545dfeb98c767fa82f092f977057c9e6 0 0 0 0 0 1
train_jpeg/67abbadc6191df78ac850acc6fb85b88 0 0 0 0 0 1
train_jpeg/e9421022f833055f58fbc88768d9c1c5 0 0 0 0 0 1
train_jpeg/25e99dd3d0a8e45529b0c04f28a31313 1 0 0 0 0 0
train_jpeg/4085b491e0f354aacf3f2b719ac0e1a7 0 0 0 0 0 1
train_jpeg/d2eba3b4a06d7b0df1e0490bb9091743 0 0 0 0 0 1
train_jpeg/7ed418eaf9130964e29ecfae562a75e4 0 0 0 0 0 1
train_jpeg/1982ea7ffdcfbc87ae9f244723cba14c 0 0 0 0 0 1
train_jpeg/7eee7f91dd12bfb94f3be1162453b90a 0 0 0 0 0 1
train_jpeg/83bf2acb96d1e39c553401a9c994eff1 0 0 0 0 0 0
train_jpeg/7691599752bbacd065fc71d3b54e67d0 0 0 0 0 1 0
train_jpeg/7657ddfd1a6b0d91b581dc9ce4ea6e84 0 0 0 0 0 1
train_jpeg/14927df9f2de0ed4ca45cdecaadec55d 0 0 0 0 0 1
train_jpeg/cd870e76466ce35db5f5f169f5b8c5aa 0 0 0 0 0 1
train_jpeg/cf83c13a10d87eccc1a98032d14daf67 0 0 0 0 0 1
train_jpeg/d8030b335386451cd8ae915cd81154f7 0 0 0 0 0 1
train_jpeg/924c710624ba217ea2a275babf7903a6 0 1 0 0 0 0
train_jpeg/7b2592d92c89eb7c01711b007e558b7d 0 0 0 0 0 1
train_jpeg/407530901f066b6b5b5d486495617fc8 0 0 1 1 0 0
train_jpeg/6342af724f6e20084ae966f9bbc14207 0 0 0 0 0 1
train_jpeg/870dd6c4f5ce36cd38983795253a020a 0 0 0 0 0 1
train_jpeg/6ece94f09d405a17472ba1cf4471e548 0 0 0 0 0 0
train_jpeg/0a61578e3d77b1cebc86d13a41efa31b 0 0 0 0 0 0
train_jpeg/4ebc90122aeef6bd125cb3dcf110f0ea 0 0 0 0 0 1
train_jpeg/4e497b3cc81ed7164dd65a88566e998a 0 0 0 0 0 1
train_jpeg/b6acc59400a48d9306c1560daada75ba 0 0 0 0 0 0
train_jpeg/91ce578ebdd959abb3c14b7c24711d19 0 0 0 0 0 1
train_jpeg/a5e985887d6db5408eeac67bcdf771c6 0 0 0 0 0 0
train_jpeg/cfd708bfc4b35a7a4d6aabde5c0799ae 0 0 0 0 0 1
train_jpeg/34bc3d49ab74c913ee2517f5e0f4e09e 1 0 0 0 0 0
train_jpeg/0006e0a85696f6bb578e84fafa9a5607 0 0 0 0 0 1
train_jpeg/3dcd69d586c76d7ccee18e292742ff85 0 0 0 0 0 1
train_jpeg/32a4670f04633405e71718973b36c99e 0 0 0 0 0 1
train_jpeg/65e5a2cd5b5b333cce079db1ec116309 0 0 0 0 0 1
train_jpeg/07f9314c9eec5959eafb3c511ac97cc8 0 0 0 0 0 1
train_jpeg/f0267345c2bb297314f8c9db2b33ffb2 0 0 0 0 0 0
train_jpeg/df8f1b15783b1b4b934231d944cc30e1 0 0 0 0 0 1
train_jpeg/e3acafc9fb8cff04eb9eeb4240043a5e 0 0 0 0 0 1
train_jpeg/b43de31870d5c31db4eb73ff293d2343 0 0 0 0 0 1
train_jpeg/3c5e8ef3325c38ca09657a9ea34859cc 0 0 0 0 0 1
