train_jpeg/d101385a2fea7fcb2cafba3187ee0779 0 0 0 0 0 1
train_jpeg/e13dba4a16338d083011c11d646d3c47 0 0 0 0 0 1
train_jpeg/0df187b5072103a0919c1a34be03e7ed 0 0 1 1 0 0
train_jpeg/30fb1bef7e8c2e1a47f936c41eb36a0a 0 0 0 0 0 1
train_jpeg/c0abae25111ef8ad27092268ee020363 0 0 0 0 0 1
train_jpeg/8098d1ce056318c03a3c70ccf3707945 1 0 1 0 0 0
train_jpeg/0204800ac6954c809315ea6e1e6948fe 0 0 0 0 0 1
train_jpeg/053cf0f0a75926ebd53f0265bad6aee4 0 0 0 1 0 0
train_jpeg/555271abb64a5beb8d76edf6ac87f318 0 0 0 0 0 1
train_jpeg/ebfa9ce8a25b09fee878068fd7cd9212 0 0 0 0 0 0
train_jpeg/ec894538e2a26e90ccb20e4f1fa568e9 0 0 0 0 0 1
train_jpeg/0dc7b1615100b4f5d3ae294bae0d5d43 0 0 0 0 1 0
train_jpeg/b558e27bab03d9cf536c1bf99d03ead9 0 0 0 0 0 1
train_jpeg/a302ff52a52d9272f41edc36a0ee63aa 0 0 0 0 0 1
train_jpeg/4276a13328e1ca901cc4c3810923933d 0 0 0 0 0 1
train_jpeg/7bda7f5e5c4ae3b9fbdb5d3dbc0990bc 0 0 0 0 0 1
train_jpeg/412c4d81ec9510492343169ea6fc6a68 0 0 0 0 0 0
train_jpeg/c00612fab8d927de921ab4fc99de9aae 0 0 0 0 0 1
train_jpeg/06eda17e0e78b183fc71d46d32cefb5d 0 0 0 0 0 1
train_jpeg/ca6c4552248da1513a23759b61e22f65 0 0 0 0 0 1
train_jpeg/a980fb3a4d9461d18f40e2337330948c 0 0 0 0 0 1
train_jpeg/59cef32ac6fc9c9afd3fa5bd1780f870 0 0 0 0 0 1
train_jpeg/01892129d76aaa1f59d4b22df8a14c0b 0 0 0 0 0 1
train_jpeg/5d94a9b6a3556bf62b06075e04e14b48 0 0 0 0 0 1
train_jpeg/2f605e2e7687b0cc0eaafa2c1b62193d 0 0 0 0 0 1
train_jpeg/0812e5efe41ac63eb29583269843d8e2 0 0 0 0 0 1
train_jpeg/fe7c4ce8bceb5534d33c180f01be650c 0 0 0 0 0 1
train_jpeg/72a8690f81423e91e710088e939dd664 0 0 0 0 0 0
train_jpeg/1b69ddeb38c7c536d284bb854f86d00e 0 0 0 0 0 1
train_jpeg/ed431222ef5a3addea4f1970136117ea 0 0 0 0 0 1
train_jpeg/8c372c0f1adb6fb0b1a8d85ffe94fe3e 0 0 0 0 0 1
train_jpeg/8f344cd0796c4bce32fdd1e32d33e61b 0 0 0 0 0 1
train_jpeg/f6c5f7b23355d13860de35f4cda750df 0 0 0 0 0 1
train_jpeg/a7527e0c8925205bb2a18d56a3dcfcb7 0 0 0 0 0 1
train_jpeg/3916487c5067479fdb63fdea7dae8435 0 0 0 0 0 1
train_jpeg/a43c810e2146200eb9680c18ba885aeb 0 0 0 0 0 1
train_jpeg/d645a6a2af27765bdbc576a33831acbb 0 0 0 0 0 1
train_jpeg/1bbd7232924e951e7fa87ffa0f62ec3d 1 0 0 0 1 0
train_jpeg/4e497b3cc81ed7164dd65a88566e998a 0 0 0 0 0 1
train_jpeg/2bb05fadd8d49270b39cf55b403d3e37 0 0 0 0 0 1
train_jpeg/34fb5523032710f8174eb8cec1b42a0e 0 0 0 0 0 1
train_jpeg/5acc12cb8658cfed7d03bfa6e57e7d5a 0 0 0 0 0 1
train_jpeg/0a16dc6491142ff8c7c36f3b3f4ebd02 0 0 0 0 0 0
train_jpeg/dc0891b0748b90ad95dbd023222ecf27 0 0 0 0 0 1
train_jpeg/ed12f48c2d1e66e21f0ff956d85ecb76 0 0 0 0 0 1
train_jpeg/7caf5c1d325ee863f7bd575a2cd5b5a4 0 0 0 0 0 1
train_jpeg/7af97a01d24c91deb8fe5355014be936 0 0 0 0 0 1
train_jpeg/228d41a874a5536d83b62b9161da1d61 0 0 0 0 0 0
train_jpeg/8cf951aea8a4cfcf5d65fb16b22c4d4d 0 0 0 0 0 1
train_jpeg/eabff4780c183c33d17681a21f1356b4 0 0 0 0 0 0
train_jpeg/4f9883a177fe8bb9dc1ec89256bca42b 0 0 0 0 0 1
train_jpeg/d4d3f6cc1564b7cb824cf935e7c3c13c 0 0 0 0 0 1
train_jpeg/82225c7d9d9d257ff166c37a90909c8e 0 0 0 0 0 1
train_jpeg/932a999a03200da226adba5f234b769f 0 0 0 0 0 1
train_jpeg/ef4cae228e415ff39f53fd62f02c6601 0 0 0 0 0 1
train_jpeg/07d23125c1d7e97a968cdbe97122d9b7 0 0 0 0 0 1
train_jpeg/2cb170e77545abd5b7992c83865eb690 0 0 0 0 0 0
train_jpeg/153fd46b282d26c98f85a5886214535e 0 0 0 0 0 0
train_jpeg/a04cd3322f452395867fa98d676e9486 0 0 0 0 0 1
train_jpeg/7eee7f91dd12bfb94f3be1162453b90a 0 0 0 0 0 1
train_jpeg/9f07e60e794aa839e814e8b9c1243443 0 0 0 0 0 1
train_jpeg/3b71e07cf1d2fb065766561c8a6e5dce 0 0 0 0 0 1
train_jpeg/c29776abe9bff79b1f724acb92b706d5 0 0 0 0 0 1
train_jpeg/598047ea4f0c2a65a298a50f60f4c7d7 1 0 0 0 0 0
train_jpeg/5c90e7611ea68b1c7eaff09690e8a3a0 0 0 0 0 0 1
train_jpeg/03beac8cf895674349331c2484ab26da 0 0 0 0 0 1
train_jpeg/fab12e673d13db9d1daeb4ae01255cd1 0 0 0 0 0 1
train_jpeg/89acbb60d138942b60b35bdc0fbb285a 0 0 0 0 0 1
train_jpeg/14f8770d112738119f0f31ee75e8fc41 0 0 0 0 0 0
train_jpeg/1f51eb9814d10526ba32069aa0f99b4f 0 0 0 0 0 1
train_jpeg/2a18e11f1134a84a141b5d2f8284112c 0 0 0 0 0 0
train_jpeg/eff97684b9090b2cfa07a3037870b0ff 0 0 0 0 0 1
train_jpeg/d0637a84d6a59365a0b4b86dbd4b52ce 0 0 0 0 0 1
train_jpeg/3fb2fa3cceb68338ecf497cb3a2a318d 0 0 0 0 0 1
train_jpeg/0007d316f756b3fa0baea2ff514ce945 0 0 0 0 0 0
train_jpeg/2400071ad5b8c62160e660c71e0d2400 0 0 0 0 0 1
train_jpeg/4276a13328e1ca901cc4c3810923933d 0 0 0 0 0 1
train_jpeg/102a115e13edadc89540c060affec761 0 0 0 0 0 1
train_jpeg/9896c5404b9b37acf8193b1e22c98a15 0 0 0 0 0 1
train_jpeg/fb31baa6cb3084cb283c11ee81c32f22 0 0 0 1 0 0
train_jpeg/c88b32c2ff829cb7ac23638d65a5e3e2 0 0 0 0 0 1
train_jpeg/3fb2fa3cceb68338ecf497cb3a2a318d 0 0 0 0 0 1
train_jpeg/dad083d8150288db33157fde49ab35f9 0 0 0 1 0 0
train_jpeg/ad1e74e6e7d6b63bd8c3109962968721 0 0 0 0 0 1
train_jpeg/d439808cf55114c97c3b244c54e5ab34 0 0 0 0 0 1
train_jpeg/469f62e3e53dd6327aa266bea169f198 0 0 0 0 0 1
train_jpeg/fa8fe6da7a88296fdd66fcfd8b2729d1 0 0 0 0 0 1
train_jpeg/08d0eab34ea5bab14e7e56dabafcdb7f 0 0 0 0 0 1
train_jpeg/a4b5b5a24eb519e88751619d6977d832 0 0 0 0 0 1
train_jpeg/c55e52dc6e7524f6aa036d523ef3fcbc 0 0 0 0 0 1
train_jpeg/d9dac94bf3573bec6c2cfa8fb842ab58 0 0 0 0 0 1
train_jpeg/c29956bba5c1bec09200fb9d37b0f5fe 0 0 0 0 0 1
train_jpeg/797235a9568c2d225bdb1f2c32596e5c 0 0 0 0 0 1
train_jpeg/5b1670d49882cd6d4718a5bb8616b34f 0 0 0 0 0 0
train_jpeg/275127b4b2ee76e8c3ab0f46267d21db 0 0 0 0 0 1
train_jpeg/f853be3a4ec02063d6e9c0279c8cb559 1 0 0 0 0 0
train_jpeg/7b6a241b30dfcf7b91c6d6a63d693fd9 0 0 0 0 0 0
train_jpeg/6cc5b3e159d353a6e9e5c9388c74640e 0 0 0 0 0 1
train_jpeg/d5d504bb44506c3d2b96fc68b085305b 0 0 0 0 0 0
train_jpeg/7f0d9559e81ae52e9d046609d419dca1 0 0 0 0 0 1
train_jpeg/e926caa8ac837b65b8efcf693a581dfd 0 0 0 0 0 1
train_jpeg/55bb2808e74d4d4bfda40275268603a4 0 0 0 1 0 0
train_jpeg/74f33fdfcd154aeec3a7f16c391e567f 0 0 0 0 0 1
train_jpeg/f635b5ecbb18bd0b90c881dd055fb089 0 0 0 0 0 0
train_jpeg/ff74b8c3d8a2799cdcc9880531852a06 0 0 0 0 0 1
train_jpeg/c1f08438b014f0b3f2b61fd39df9c881 0 0 0 0 0 1
train_jpeg/452703255619cb09069451f795789b97 0 0 0 0 0 1
train_jpeg/6f693ffb135213d759427b3e0d26904e 0 0 0 0 0 1
train_jpeg/13cea4b2df04672677e046a3bedbd573 0 0 0 0 0 1
train_jpeg/7f8ca51aa5f8d0d80888d05a6b80475e 0 0 0 0 0 1
train_jpeg/529d6b2429935ebae0864c1a927afcd7 0 0 0 0 0 1
train_jpeg/b78ba30234174cd5cdf025914b5a2242 0 0 0 0 0 1
train_jpeg/b8d8470fb67dc1d98821a706a3c0ae18 0 0 0 0 0 1
train_jpeg/29df463304de180282f55d13d254b409 0 0 0 0 0 0
train_jpeg/9d366d706dc228d1721d3f16b139221f 0 0 0 0 0 0
train_jpeg/e0a2b82444f036d987639703ea900695 0 0 0 0 0 1
train_jpeg/45d77bbb17ed1131a96b6fa31327a9de 0 0 0 0 1 0
train_jpeg/de71b6b8004ff55b677a76b0352712e8 0 0 0 0 0 1
train_jpeg/80ed78adb6ad76da87106bd944bd3321 0 0 0 0 0 1
train_jpeg/632a53c1bc02e9eafb81ee3e51812d20 0 0 0 0 0 1
train_jpeg/6a8afd2f3a1625885881c2110b658fca 0 0 0 0 0 1
train_jpeg/632d73b5d57fe01fb8d0646080caf5c4 0 0 0 0 0 1
train_jpeg/adc76e22c385ca482d86fdb4a6bb82a6 0 0 0 0 0 1
train_jpeg/32270ad02e37f1a72a17181d1537dc28 0 0 0 0 0 1
train_jpeg/bd37eea422f128f2c3ec6d8a2b9cdc06 0 0 0 0 0 1
train_jpeg/17a43dc27cccda142f5d54d378f4aed7 0 0 0 0 0 0
train_jpeg/7c5b807ba491941d7a260bd1546b863d 0 0 0 0 0 1
train_jpeg/9de44540163b68efbaae0d0c2b704b4a 0 0 0 0 0 0
train_jpeg/7d746268923b15615c93334eff3a6baf 0 1 0 0 0 0
train_jpeg/c9bb8d5267ac8eff9fee019c0463ea0d 0 0 0 0 0 1
train_jpeg/e5865108d5996040a9d189337a9690c1 0 0 0 0 0 1
train_jpeg/0f40c3c2b03230017b246e09bc8aa455 0 0 0 0 0 1
train_jpeg/79c0ab426e0b9c53966c821677994225 0 0 0 0 0 1
train_jpeg/7dbccd763c4ffbfd0d6b841fb5e4337a 0 0 0 0 0 0
train_jpeg/42288fde1946f3c9261a97405741979c 0 0 0 0 0 0
train_jpeg/67fbbda75755440dbea348c3fd5d1e2d 0 0 0 0 0 1
train_jpeg/078fc0b0a1eed8b7fd09eb6cbb5923e2 0 0 0 0 0 1
train_jpeg/03431b577d1ccf075e930c4c4913c079 0 0 0 0 0 0
train_jpeg/296fd63dc4894c2e3ae1b2d93eb318bc 0 0 0 0 0 1
train_jpeg/be53fe5a49231f1c1be020b0bdd8561f 0 1 0 0 0 0
train_jpeg/c5326a0f289b91e4fe88b86d5b00a7bd 0 0 0 0 0 0
train_jpeg/b359c14158afff8ef7d00c59d2211ebc 0 0 0 0 0 1
train_jpeg/1f936ba4031d5d7460e2ce0dcbefd256 0 0 0 0 0 1
train_jpeg/fbd7d287fcf514d7c8c1d8b08eee47c6 0 0 0 0 0 0
train_jpeg/fa6be3acc3d8613e0f7f84821425a2b4 0 0 0 0 0 1
train_jpeg/4d911f55a3576833aa411f5718c8021e 0 0 0 1 0 0
train_jpeg/f4abb99c297395af12190538ce353566 0 0 0 0 0 1
train_jpeg/e8c0cf0cffaffbcf57f9d0b467ca7c61 0 0 0 0 0 1
train_jpeg/3fd3aa2d64f365c666ce7de3d5352226 0 0 0 0 0 0
train_jpeg/d0d9778108b9059fd91572f77ed96e51 0 0 0 0 0 1
train_jpeg/3b2cf97dd553c58a41534f178bbf90ee 0 0 0 0 0 1
train_jpeg/6e469682b53c4c558e23632c4c7e4fe5 0 0 0 1 0 0
train_jpeg/c7011b12b8e8c1ca3f0463d0658b9510 0 0 0 0 0 1
train_jpeg/2a96f7ac3c6c3d856692929767006892 0 0 0 0 0 1
train_jpeg/62fad4135a04319bc5e499828b05ac70 0 0 0 0 0 0
train_jpeg/2ce1e9e3e6654666a7e8b0c1db6e8309 0 0 0 0 0 1
train_jpeg/91560db4325bf6045259caf6e908ba1f 0 0 0 0 0 0
train_jpeg/369f57f4b8b15f18a670985874ada820 0 0 0 0 0 1
train_jpeg/c830bfa2f244f63cf2ded1ec5bd4dc40 0 0 0 0 0 1
train_jpeg/ba142c273c1f6e0fcccfeec5751351b2 0 0 0 0 0 0
train_jpeg/40a3f9e722a833e20ca9a691a849e420 0 0 0 0 0 1
train_jpeg/abffa843a8032bc9d0fd85b85ee99ca3 0 0 0 0 0 0
train_jpeg/adec73c9152d88ac38c830602cd8b1ad 0 1 0 0 0 0
train_jpeg/133a3be1cfac2d5a3c1366e9fee75a98 0 0 0 0 0 1
train_jpeg/6dcaaabe767bfbd5cd13ad3c966a21c4 0 0 0 0 0 1
train_jpeg/5a99c2a6e74893938d2871448fe5e44b 0 0 0 0 0 1
train_jpeg/a01b22e5918e02e376264331f695db32 0 0 0 0 0 1
train_jpeg/331c623a913b6170dde0be50c94c71ac 0 0 0 0 0 1
train_jpeg/b78ba30234174cd5cdf025914b5a2242 0 0 0 0 0 1
train_jpeg/723172eb9b2b9922d740149bcdd18720 0 0 0 0 0 1
train_jpeg/dfc80884bf97cb71d4848b501cb7f702 0 0 0 0 0 1
train_jpeg/e1e559d45b481c3f1abc4d2b04c7c45e 0 0 0 0 0 1
train_jpeg/a3c773638d509582b402330499148073 0 0 0 0 0 1
train_jpeg/83a4cc2a92fc9da14488d0ab1a7e5321 0 0 0 0 0 1
train_jpeg/1cf511547befb9905c575c9328a2c769 0 0 0 0 0 1
train_jpeg/316ebee7f8ce1cc976a6cfa3af2380e4 0 0 0 0 0 1
train_jpeg/5cb791df53222e6c6cae8c429e9bec83 0 0 0 0 0 1
train_jpeg/389f167c16b70e1eb1aa219fedc373b7 0 0 0 0 0 0
train_jpeg/dda1e5983467209d661d63f2f23a86fb 0 0 0 0 0 1
train_jpeg/00948e3e6acc03044af454fb9700ca60 0 0 0 0 0 1
train_jpeg/7b30d37b73be405bfd91ed5e2d46c473 1 0 1 0 0 0
train_jpeg/a1e8167621dbbff8f8bf5714e43fd188 0 1 0 0 0 0
train_jpeg/a077f8b8a0f82348128918516eacff8a 0 0 0 0 0 0
train_jpeg/276de0cc9affcee266d655c8b89f4fdd 0 0 0 0 0 1
train_jpeg/9d740f84910f8b7f0bfb870f8f4ad8b1 1 1 0 0 1 0
train_jpeg/ff4cd5b2a61258ac551673d1311fa2a8 0 0 0 0 0 1
train_jpeg/d211355c013edb6306146222ebb2082f 0 0 0 0 0 0
train_jpeg/4d1fd8165d04d255231c3c966184cc39 0 0 0 0 0 1
train_jpeg/e58d508f7915d3ada6edb4d88dc1f5f7 0 0 0 0 0 0
train_jpeg/5d5c6bef270479bc5f71c5239f5e6e17 0 0 0 0 0 1
train_jpeg/0ad98c531de3616cc63a92d6cf871494 0 0 0 0 0 1
train_jpeg/ee78e8eed2761d5df2f0bd231820b114 0 0 0 0 0 1
train_jpeg/48ef027b24337946c5071d9c3ae130c2 0 0 0 0 0 1
train_jpeg/21cc15968368582b548bdc50f24d1ce5 1 0 0 0 0 0
train_jpeg/ce2c5376b597eb067395da4c7f9960aa 1 0 1 0 0 0
train_jpeg/76450ba6a16dedd0408b69bc02c61663 0 0 0 0 0 1
train_jpeg/aac515fae9d93ada4abddab6b1118aae 0 0 0 0 0 1
train_jpeg/000434271f63a053c4128a0ba6352c7f 0 0 0 0 0 1
train_jpeg/5be7550be6243332c20a9ed74ff616e8 0 0 0 0 0 1
train_jpeg/0fd9a013a22a1527f8814702fbb62149 0 0 0 0 0 1
train_jpeg/e50abd173f7b744b87b84cd7a2d17a79 0 0 0 0 0 0
train_jpeg/9e4f8b07c7cfc2e3be4481e8f3507108 0 0 0 0 0 1
train_jpeg/935a7deda5e549ec48293dea791b7c5a 0 0 0 0 0 0
train_jpeg/358dd8dad4d1449fc453f8a12f0f46b5 0 0 0 0 0 1
train_jpeg/9d839a52c0fc61167a2f95ae6f7ee5ad 0 0 0 0 0 0
train_jpeg/1245f853816564c0ee3f1b9e93521ff0 0 0 0 0 0 0
train_jpeg/95ec8f08322eb76c65acc94ba599da04 0 0 0 0 0 1
train_jpeg/40470986188cf8c9714e0cb9ffe8dc03 0 0 0 0 0 1
train_jpeg/5d2a481a562112395f28010b079a9cf1 0 0 0 0 1 0
train_jpeg/c759103de50d69378c5be4382418cc89 0 0 0 0 0 1
train_jpeg/aefca6fbdab82ce59b2c7cceed75d062 0 0 0 0 0 0
train_jpeg/51b168d29879c8972aa29d9f31f4b00c 0 0 0 0 0 0
train_jpeg/f3e2acc29575948204c9bf9df9289de4 0 0 0 0 0 1
train_jpeg/8e063eadea9a6aeb684c893c8598be3e 0 0 0 0 1 0
train_jpeg/f2651cf9aa12efd2615a65900287b9cf 0 0 0 0 0 1
train_jpeg/0e86ebc2195ea6cb9733f1c95a86b012 0 0 0 0 0 1
train_jpeg/573b1453639e5e3e842956bbc7048547 1 0 1 1 1 0
train_jpeg/e3769a9e37c159ac96c5d2f155d1826c 0 0 0 0 0 1
train_jpeg/1a1502956162c21302d1601668a7f565 0 0 0 0 0 0
train_jpeg/0d41f390aae11f5ed0ce8c1eadfebae3 0 0 0 0 0 1
train_jpeg/28f6a0737de107506c128fed4313e109 0 0 0 0 0 1
train_jpeg/6a015e935e17740e22b6b246aed892c5 0 0 0 0 0 1
train_jpeg/393877b097eb1f53bd47f7a8747bb7a2 0 0 0 0 0 1
train_jpeg/06b805ae2b70b172add6df8dae94fff2 0 0 0 0 0 1
train_jpeg/0e6a918cc2a038ef1e8d3b0d9554f05e 0 0 0 0 0 1
train_jpeg/5f969b2d21c7aaaba017153227f99b9b 0 0 0 0 0 1
train_jpeg/d61f23b49107809af9de55e0ad4c3f6d 0 0 0 0 0 1
train_jpeg/97a05a3ade68254d5163547aab61f3f4 0 0 1 0 0 0
train_jpeg/82603b0dce20d3f1495c3d02caf391cd 0 0 1 0 0 0
train_jpeg/cc0da199c9bae6ff20c44672e5ca7415 0 0 0 0 0 1
train_jpeg/6ea15719175fe67480dc337f5e3ebd8a 0 0 0 0 0 1
train_jpeg/6f8e0af5fff2c4c45f6eb841a4221235 0 0 0 0 0 0
train_jpeg/4d953ee949a27aeca11ae925b2905872 0 0 0 0 0 1
train_jpeg/1982ea7ffdcfbc87ae9f244723cba14c 0 0 0 0 0 1
train_jpeg/dc8d481c7c41309f208ab310307fb6ff 0 0 0 0 0 1
train_jpeg/f0805a178fb1901f23513be7b5262f5e 0 0 0 0 0 1
train_jpeg/6b898bd34bdb0c60d02dff8fe0aa3069 0 0 0 0 0 1
train_jpeg/d1b2850dd0c4f4a19dafea5b5e6ab0ef 0 0 0 0 0 1
train_jpeg/6db32897e4b479fcf553e489b4cd255f 0 0 0 0 0 1
train_jpeg/32af4125800bb3c1bc61df575241e890 0 0 0 0 0 1
train_jpeg/8820320f9f26502110190b10d5321949 0 0 0 0 1 0
train_jpeg/32a99e624f125328d0ce3008a3a1114e 0 0 0 0 0 1
train_jpeg/b63aecd25e5329315dce07718d8041ea 0 0 0 0 0 1
train_jpeg/c5c9ef1410c0bd298afaa43956761d4e 0 0 0 0 0 1
train_jpeg/3881a752829f48aa7f5f54d78a84e318 0 0 0 0 0 1
train_jpeg/26cff5d4eedc6c89172888ea18b09893 0 0 0 0 1 0
train_jpeg/4ca74d7bb5be01b0d9779c57231bf1c1 0 0 0 0 0 1
train_jpeg/6965410674f276cf6224606184551221 0 0 0 0 0 1
train_jpeg/8829ec5d02b48e5f5349b0cde4ddb30b 0 0 0 0 0 0
train_jpeg/80eec88e4af019372509aa39d1e88241 0 0 0 0 0 1
train_jpeg/492287f7430033ab1c12a7562792e184 0 0 0 0 0 1
train_jpeg/cf3f071a229e2d4433abcb38c4b35cac 0 0 1 0 0 0
train_jpeg/b131cff616a9379108b498f995025957 0 0 0 0 0 1
train_jpeg/c323203fff69b129f3aadbf66dada2cd 0 0 0 0 0 1
train_jpeg/74bfbb54c819c289ee1245eb003e16c4 0 0 0 0 0 1
train_jpeg/d9a1a2d02ee9634a0486de53f820fadd 0 0 0 0 0 1
train_jpeg/db3e54a9097fc39788693da5bbcef8cf 0 0 0 1 0 0
train_jpeg/b1aca5f95239f094040863a9052cbb88 0 0 0 0 0 1
train_jpeg/6ab69f995bbbc0522d8819fec2cf1d3b 0 0 0 0 0 0
train_jpeg/d0ce3b25bc23f6f6b59e916b509827c0 0 0 0 0 0 1
train_jpeg/393dc0ccbebc37e894b09cef426ff00d 0 0 0 0 0 1
train_jpeg/4fca8a77e10e418e3851c65c0f42fc23 0 0 0 0 0 1
train_jpeg/9b00eeaa317747fe5d908526e1268393 0 0 0 0 0 0
train_jpeg/5ca166e3c183eed19a435a0db42d9939 0 0 0 0 0 0
train_jpeg/d2dfdd37d222a2a258182bf0a32d44b2 0 0 0 0 0 1
train_jpeg/2c46b8c99328fd1d96300b11e44ee7bb 0 0 0 0 0 1
train_jpeg/844c1b8f13dcca48b733ed0e47504e9a 0 0 0 0 0 0
train_jpeg/4406b7311cc997f9e8253bfaef407299 0 0 0 0 0 1
train_jpeg/7b759182d86f6a44b377ffcfce8a3b53 0 0 0 0 0 0
train_jpeg/702cfedc537305e3b1791766640ed6de 0 0 0 0 0 1
train_jpeg/3981cb75f8ba83f76950d9b9745337d5 0 0 0 0 0 1
train_jpeg/7bc0249e227b1e988e72ef79018dfd68 0 0 0 0 0 1
train_jpeg/ecce24df48ffadc82e635c279a18c622 0 0 0 0 0 0
train_jpeg/106a3da41d2e3d9f508c09b28e8abdaf 0 0 0 0 0 0
train_jpeg/ae7af5afcaa8f1a3f985daad432d6241 0 0 0 0 0 1
train_jpeg/dd99e9d412337a3c380957def7ff1479 0 0 0 0 0 1
train_jpeg/048d00bcebe732fb053aa3ead33d8064 0 0 0 0 0 1
train_jpeg/397e892d4f0593ff9bb8cadf85b4a0ab 0 0 0 0 0 1
train_jpeg/7079fb8735ede4e6209dd4a108f9349d 0 0 0 0 0 1
train_jpeg/8d2b6e9f00bc492227893e226bcee86f 0 0 0 0 0 1
train_jpeg/dd8cba935053fb4c376bf6580cf636b9 0 0 0 0 0 1
train_jpeg/924e69559651654e67727eb1d8ca1b7a 0 0 0 0 0 1
train_jpeg/6fa7dad34b96816f31cc091a0507bbdd 0 0 0 0 0 0
train_jpeg/cd1a6e3e5352f7b0dd5f596f29b74390 0 0 0 0 0 0
train_jpeg/d1e95f585e1094cb8ddf94c1d97a4d1a 0 0 0 1 0 0
train_jpeg/806c20c1d5b38e2ca7941854ec66659f 0 0 0 0 0 0
train_jpeg/88acef70a47ea086d292ed2094c5212c 0 0 0 0 0 1
train_jpeg/e90db56298e487ff745597c64425fc1c 0 0 0 0 0 1
train_jpeg/ccff375f4139cef65b98385224cfc810 0 0 0 0 0 0
train_jpeg/bc48464f90cd0fd18d9ce1abf9e1dac5 0 0 0 0 0 1
train_jpeg/38ab2d3283b496d60dc137e94d16b7c6 1 0 0 0 0 0
train_jpeg/de15082e96e1eaf1bda9d3f54cbc8947 0 0 0 0 0 1
train_jpeg/a0ce63b3ddb71128a0da1431c906b6ab 0 0 0 0 0 1
train_jpeg/9221948427ee60025f687b4c3bfddba9 0 0 0 0 0 1
train_jpeg/e38f8d2f4519f98e75987b7cf04beacd 0 0 0 0 0 1
train_jpeg/b6f4abe4d21f1e44827e26f640f626bc 0 0 0 0 0 1
train_jpeg/5fb44599ac9e8866dc107e366467cafc 1 0 1 0 0 0
train_jpeg/d21348f5619f5bd7dfd21bc0104ddcea 0 0 0 0 0 1
train_jpeg/d700828f067b24ac9bc70bc8bbee1bea 0 0 0 0 1 0
train_jpeg/7079fb8735ede4e6209dd4a108f9349d 0 0 0 0 0 1
train_jpeg/049a2b96bf575f6fad12b576d3aae44c 0 0 0 0 0 1
train_jpeg/dadb809c6e432781996add21a4543cd3 0 0 0 0 0 0
train_jpeg/af201da8a5f8354c4c3291995d5cbafd 0 0 0 0 1 0
train_jpeg/426897029e9276d5279228ecd1c0f814 0 0 0 0 0 1
train_jpeg/902cb4d7b941c2b490c322b01314b352 0 0 0 0 0 0
train_jpeg/62f4825401cef60e0a9c3a3d36dd30ee 0 0 0 0 0 1
train_jpeg/d9ca6a56d878b6c9f46571e35afb725d 0 0 0 0 0 0
train_jpeg/9e6b3b14058606fadddc95950f8b8e3b 0 0 0 0 0 0
train_jpeg/dd0d24793fa18a607a734a0d66d0d760 1 0 1 0 0 0
train_jpeg/63415dfe4d7eb0c122a6818e84195475 0 0 1 0 0 0
train_jpeg/a229d309316f37b8f51cce191f9d4314 0 0 0 0 0 1
train_jpeg/68ab5b60e34d374002405dfe7f14b7ff 1 0 0 1 0 0
train_jpeg/b5a3de338d33d96e3bfa129f7a4172ca 0 0 0 0 0 0
train_jpeg/27ca6b9bd9b4c1f284e450201cfc4613 0 0 0 0 0 0
train_jpeg/c8f8879d41d18802e1eac91792aab861 0 0 0 0 0 1
train_jpeg/25c342addb22487b245ba09784e3efc9 0 0 0 0 0 1
train_jpeg/a68f8cf139999708da7b3aa3e6594d4a 0 0 0 0 0 1
train_jpeg/54f9194379210945be0ed72fac357456 1 0 1 0 1 0
train_jpeg/4912f3ce7ab758410fa94e979984e267 0 0 0 0 0 1
train_jpeg/4f27cfb82f3a2cfab10232f1c9a34d06 0 0 0 0 0 1
train_jpeg/66c03db83615b5c925b5bbdcd4a3c326 0 0 1 0 0 0
train_jpeg/f9a56eff8a8fcffa24f45f8c60768c3b 0 0 0 0 0 1
train_jpeg/c5ad7caaee32f3d5647a993ab299b1c1 0 0 0 0 1 0
train_jpeg/cee92cbc41867428da8409c724096ec3 0 0 0 0 0 1
train_jpeg/2ea80a706ffc413d3c8d8c666e869c43 0 0 0 0 0 1
train_jpeg/10b414d8343ab3a51cba5d5f84986ec4 0 0 0 0 0 1
train_jpeg/d7c8b14cc4c55e569c6bb92637b27595 1 0 0 0 0 0
train_jpeg/b518dc6264e12a82a03272570ca0e9cd 0 0 0 0 0 1
train_jpeg/5b914f255801a14edc598bbe7f480f20 0 0 0 0 0 0
train_jpeg/e9e59e91a7e4419a9b6a997e004e8f9a 0 0 0 0 0 1
train_jpeg/3e8719d1ba69b36c24ad3e39a8dd83ed 0 0 0 0 0 0
train_jpeg/fb929e0efd696fe0f54902da5e7ec57a 1 0 0 0 1 0
train_jpeg/4d1522cfef57d41f11a46ec2b7661398 0 0 0 0 0 1
train_jpeg/4f3f0a46e8ad80ae8811dc255e5ae294 0 0 0 0 0 1
train_jpeg/3929f29e01d98f3666da7114c4e554ed 0 1 0 1 0 0
train_jpeg/a0ad8f24ca2cff284cfb950bad1b6914 0 0 0 0 0 1
train_jpeg/98c4ec660ac1b26bf00c2558cffcc49f 0 0 0 0 0 1
train_jpeg/c703d14204953de254f131ee437b1b84 0 0 0 0 0 1
train_jpeg/46d721eeb4251bb82e32f44e9176f21f 0 0 0 0 0 1
train_jpeg/a5c289616526766229b13f1b6fd4417c 0 0 0 0 0 1
train_jpeg/59cef32ac6fc9c9afd3fa5bd1780f870 0 0 0 0 0 1
train_jpeg/d0fc10bcdd7810ea48a81190848baf84 0 0 0 0 0 1
train_jpeg/d29ee26fd5b437d19227dd354a32434b 0 0 0 0 0 1
train_jpeg/b4d7b232aa6ab1651da11bfae84c76e8 0 0 0 0 0 1
train_jpeg/3f8496260e5b67482d2c6a36f104a53b 0 0 0 0 0 1
train_jpeg/95b9f6b4e21ace0ad8ec1bbcdf93060d 0 0 0 0 0 0
train_jpeg/f3b2d71af1014019e7639088a255e13f 1 0 1 0 0 0
train_jpeg/845a3c7468557044569c6e9965fb3cc2 0 0 0 0 0 1
train_jpeg/690b4f93daa39e9eb7e1b27e85e88432 0 0 0 0 0 1
train_jpeg/c2f51a2b9785c772ef611db089bf528e 0 0 0 0 1 0
train_jpeg/a7636b14b718140d3e75a0e679fe496f 0 0 0 0 0 1
train_jpeg/e50c93c7be11deb47d5db2917dd13c94 0 0 0 0 0 1
train_jpeg/bf3265ca15602eafd74658c2f24e8b7f 0 0 0 0 0 1
train_jpeg/04b9ab18b6f46ff112d864a245ee3c04 0 0 0 0 0 1
train_jpeg/9ca2725b69db57ebc2df26a7da70affb 0 0 0 0 0 0
train_jpeg/2d13fc4ff7c24e1110fa0c5593e7c3e7 0 0 0 0 0 0
train_jpeg/2cd401882bee86895574ac831da3556a 0 0 0 0 0 1
train_jpeg/de10e290d77e87a1c5c66a9aa441b247 0 0 0 0 0 1
train_jpeg/376760156c04cd1f99b14ba775e7fc32 0 0 0 0 0 1
train_jpeg/7d3e79d32d233140b7e30880739a42c4 0 0 0 0 0 0
train_jpeg/6a226af290752e9d60405e5a5a18e90f 0 0 0 0 0 0
train_jpeg/751f85ef7d5ca08b48caac19daebddf7 0 0 0 0 0 1
train_jpeg/cb79831baafd53db3a99731b58379c6d 0 0 0 0 0 1
train_jpeg/579ceeec7e5374a80d88551c81db441a 0 0 1 0 0 0
train_jpeg/2e285b95faad220e17e6cbfbe514733e 0 0 0 1 1 0
train_jpeg/1b1f68f3e0583a4e6094ecd9b620792e 0 0 0 0 0 1
train_jpeg/6cf0ea4eb8810156bfb48f5a7dbeffd3 0 0 1 0 0 0
train_jpeg/7f3bc37df76505eeb37bec4a0bc3b945 0 0 0 0 0 1
train_jpeg/dd736e1b1729796f6212e55b7fef44b7 1 0 1 0 0 0
train_jpeg/e3acafc9fb8cff04eb9eeb4240043a5e 0 0 0 0 0 1
train_jpeg/926b0c14cb64d3fc864bb64c0ba370a1 0 0 0 0 0 1
train_jpeg/5ccee6b4d4eceeda0703162d6f59608f 0 0 0 0 0 1
train_jpeg/a1c5f6de8dea1889fbe3542682a5a4c4 0 0 0 0 0 0
train_jpeg/1932e3ca2084c4ef9ee98c747cd21f16 0 0 0 0 0 0
train_jpeg/1b03ffc81d549227fc6c640d9a4833f6 0 0 0 0 0 1
train_jpeg/d9ff2149c1fe67a65b26310b4018b006 0 0 0 0 0 1
train_jpeg/9df340dc63bb0f9c185f2d019cd533a8 0 0 1 0 1 0
train_jpeg/26f736f4ae211cb29c19a3e57ba3e7f4 0 0 0 0 0 1
train_jpeg/c6c266db9a9de1549b7534b15a7782a8 0 0 0 0 0 1
train_jpeg/3fb03f39fb2232e19b6de537731aa5ad 0 0 0 0 0 1
train_jpeg/374f6ee36e43e327dc291aa4167101ca 0 0 0 0 0 1
train_jpeg/4fc49c5102e8cc394d6e7c4194c45b4c 0 0 0 0 0 1
train_jpeg/22d418211789dfd767997edbe44ec9d3 0 0 0 0 0 1
train_jpeg/5c42e55309fada027b5bc8dc772ac88a 0 0 0 0 0 0
train_jpeg/f4c3a7a4453fe68b3868bd47b08f5050 0 0 0 0 0 1
train_jpeg/6b5ce1305a7cb9be305178098b451e72 0 0 0 0 0 1
train_jpeg/497d23c91c7cd64b2d7facd709da6da4 0 0 0 0 0 1
train_jpeg/582b7c53ef97d1107d527bf23879353f 1 0 0 1 0 0
train_jpeg/afaff30239cccb77267d94841bbd4280 0 0 0 0 0 1
train_jpeg/c191a7c7c0e1847b1aebc8e8ef628aed 0 0 0 0 0 0
train_jpeg/6c3d8be75c2c2ac1ca496396fae6f61f 0 0 0 0 0 0
train_jpeg/cc39200cc766b8c7f493e3a2cca31605 0 0 0 0 0 1
train_jpeg/27c831fee072b232499541b0aca58d9c 0 0 0 0 0 0
train_jpeg/083a89dfc9a74a3f809035f886634ee2 0 0 0 0 1 0
train_jpeg/c47b6a4a8fe719b12ecb764d34fa0fd8 0 0 0 0 0 1
train_jpeg/43a9edf6cea5fec0b63f8a6d9e2a50d7 1 0 0 0 0 0
train_jpeg/c88b32c2ff829cb7ac23638d65a5e3e2 0 0 0 0 0 1
train_jpeg/a2cb3324f157241988e4061a60c9e136 0 0 0 0 0 1
train_jpeg/d5b45273cf25f8caafe4d7efaa7187c9 0 0 0 0 0 1
train_jpeg/b2d057ff2d8cde63dee83fb760f4e8d9 0 0 0 0 0 1
train_jpeg/e9830ce7a4a5adfbd50f18a25572bb33 0 0 0 0 0 1
train_jpeg/27c2bfe6ab94022f4137c7e421af973c 0 0 0 1 0 0
train_jpeg/b5eb48981980bb7d9fa8ccf1d79f73ac 0 0 0 0 0 1
train_jpeg/9fe2c27025a48d9bca7f49c144131784 0 0 0 0 0 1
train_jpeg/313b72bf31da2fc6dbe5ee58292d1c29 0 0 0 0 0 1
train_jpeg/3db1efc4b493f60a468d4045b28f3c4e 0 0 0 0 0 1
train_jpeg/c629819adb86c5d0cfd7d454a64d508a 0 0 0 0 0 0
train_jpeg/d07557904cbe57fc1bdebac1e8aeefa1 0 0 0 0 1 0
train_jpeg/1254518b2893f58324e93f375cffbd6c 0 0 1 0 0 0
train_jpeg/96f334aaa1d7d9cad160e710c9965615 1 0 0 1 1 0
train_jpeg/f08b2100e00b9754597dd5170ee877ab 0 0 0 0 0 1
train_jpeg/02d78076ba349f56b20f3467af61ef58 0 0 0 0 0 1
train_jpeg/01fec681f2d698497151a88d6c5205a1 0 0 0 0 0 0
train_jpeg/7a0d573c9f9582d04423325d3ca146e7 0 0 0 0 0 0
train_jpeg/bd61ab799139083058d198b13aaa266a 0 0 0 0 0 1
train_jpeg/da6b4d0d81d3ced27428b41efc0059b2 0 0 0 0 0 1
train_jpeg/9cd567d3e9bbb1f2ab50f1e8eae1962c 0 0 0 0 0 1
train_jpeg/256814005e5307c907a55bc956a48f07 0 0 0 0 0 1
train_jpeg/efebd8c8b98c08c6d5dec1a4f522a3fe 0 0 0 0 0 1
train_jpeg/582c59383b7c0bc1c29b0f5bae10521e 0 0 0 0 0 1
train_jpeg/328c2e4790fad49004a3bf14be3a51c6 0 0 1 0 0 0
train_jpeg/abe2678b5867903f95b8ac43d54a37e2 0 0 0 0 0 1
train_jpeg/6ffac7a192bae8415d98c6d03ee4ee2c 0 0 0 0 0 0
train_jpeg/5f6ce1bb2647acff5a31dd8c30674496 0 0 0 0 0 1
train_jpeg/62cd251361d7cb1d9a713c2508f0b4d7 0 0 0 0 0 1
train_jpeg/ae3382840414ce4de46c3827674b9709 1 0 1 0 1 0
train_jpeg/c4b7716467a0e8cf4f76c68dbca0a3bd 0 0 0 0 0 1
train_jpeg/b9374768fadad510f514c5b81b048881 0 0 0 0 0 0
train_jpeg/884a48f5d51b49d99b0023db326e0f14 0 0 0 0 0 1
train_jpeg/de1d3dba205bbad553d446ae091da3ba 0 0 0 0 0 1
train_jpeg/4bfa2fa5fbcaf56ac690ad40fd74b260 0 0 0 0 0 1
train_jpeg/834f395ef75cdefe26c9d2cb3cf809b4 0 0 0 0 1 0
train_jpeg/aba445ebea68177bc4f3a519ee27daff 0 0 0 0 0 0
train_jpeg/1502125d4a1361d461c8c4024c9b5723 0 0 0 0 0 1
train_jpeg/5e34316faabf48a42c4c618a506626b9 0 0 0 0 0 1
train_jpeg/5aecc5225e964b374ba204a7188107db 0 0 0 0 0 1
train_jpeg/426c45a69a6b718e2e5fc92c21ae8df3 0 0 0 0 0 1
train_jpeg/69bec711037c49ca6ad2c2861e6f836d 0 0 0 0 0 1
train_jpeg/5f7b80742cd833dcb52b3f2de3de412f 0 0 0 0 0 1
train_jpeg/d13883c248f9a28b6f50e3ac77ccb756 0 0 0 0 0 0
train_jpeg/8fe4c4730af28a5d5b332ae007325ead 0 0 0 0 0 1
train_jpeg/484ac8b02e7fdf5807e95774da5f625f 0 0 0 0 0 0
train_jpeg/03ec9ca738f579b956cb4af13efa155a 0 0 0 0 0 1
train_jpeg/56f5c2925dd388dac85d8eeb9059cfc1 0 0 0 0 0 1
train_jpeg/d32238fb358effa70cc704347757fdd9 0 0 0 0 0 1
train_jpeg/b9374768fadad510f514c5b81b048881 0 0 0 0 0 0
train_jpeg/8393e0cadb4f98d2755a71ddc72525a7 0 0 0 0 0 0
train_jpeg/fa7b469e21cf7a4e7afe9f17cf721259 0 0 0 0 0 0
train_jpeg/e2022cc39523ea951fb72fcb2029f08e 0 0 0 0 0 1
train_jpeg/c14553d5fb7f2b0e80663ea45d7ad55a 0 0 0 0 0 1
train_jpeg/a5043dea5ccbb464991918bf894aafd2 0 0 0 0 0 1
train_jpeg/3ee8d416f1b67797ce0495b4393b2aaf 0 1 0 0 0 0
train_jpeg/5a64fc260f8abd7849fffb45acc39505 0 0 0 0 0 1
train_jpeg/7413687c59af03d7aa10a04225d1ac52 0 0 0 0 0 0
train_jpeg/826342095a3e7505b82f52ad071a1ffe 0 0 0 0 0 1
train_jpeg/d57fab987f4b3260ce37f0fcb240dd71 0 0 0 0 0 1
train_jpeg/12caeb68c9a44946a1cba182f70c6eda 0 0 0 0 0 1
train_jpeg/c05d9cb1afa188530a03e514df4d6696 0 0 0 0 0 1
train_jpeg/a9ebf195bca38d71e76c4eadd454b087 0 0 0 0 0 1
train_jpeg/4f88ef0610cf30530d9492bf9980ffdd 0 0 0 0 0 1
train_jpeg/f8c4ffc718ece871a52ab5f63b04b41c 0 0 0 0 0 0
train_jpeg/c2032a4d41d0adb096647414db1b2ce1 0 0 0 0 0 1
train_jpeg/926b0c14cb64d3fc864bb64c0ba370a1 0 0 0 0 0 1
train_jpeg/be42e7727e0a972845ddfb5d7f760eef 0 0 0 0 0 1
train_jpeg/42df852049491e66a01273017bdffa79 0 0 0 0 0 1
train_jpeg/aa12ea6652b3b8bea37df74e4e127e8f 0 0 0 0 0 0
train_jpeg/e62c2f1897582761b9a5dbc7dbb1a930 0 0 0 0 0 0
train_jpeg/64e1916ddd4fa85b9a58ac67d1bc5de4 0 0 0 0 0 1
train_jpeg/ca7e72954550eeb610fe22bf0244b7fa 0 0 0 0 0 1
train_jpeg/8b9249d6f418fdaf8879c0ec888d5950 0 0 0 0 0 1
train_jpeg/444eb5ead71bc5ab7e7ee13c983df495 0 0 0 0 0 1
train_jpeg/70863cad8b549b8479b5cd36e0ae12c2 0 0 0 0 0 1
train_jpeg/44ce93e6cc93380d7e7f1d7b8da41db4 0 0 0 0 0 1
train_jpeg/e021cb775eec06cefbb7ce1c8909d456 0 0 0 0 0 1
train_jpeg/c0687e64698d96a57e50da8af4c03b65 0 0 0 0 0 1
train_jpeg/40b51daeb48afacaaa3efca42bcaaf9c 0 0 1 0 1 0
train_jpeg/714711a122d476520a5cf1853d145092 0 0 0 0 0 1
train_jpeg/afaff30239cccb77267d94841bbd4280 0 0 0 0 0 1
train_jpeg/0cb20ec518beba3ffe05c176cf2769d8 0 0 0 0 0 1
train_jpeg/1a81a478454cc00af5bc46300cd15df7 0 0 0 0 0 1
train_jpeg/88de7c70919681b1131860313fbb1208 0 0 0 0 0 1
train_jpeg/b3f4af84fa71fe204eb105ce430deef3 0 0 0 0 0 1
train_jpeg/c78df27e9e63b80f48276833e833fffd 0 0 0 0 0 1
train_jpeg/793c5b4edfb03b51eb742cdf84702596 0 0 0 0 0 1
train_jpeg/af9c6371ad48210605c4d9f6d6f9d525 0 0 0 0 0 1
train_jpeg/47c99f1ff7abe52d6dcdf4414db20e2c 0 0 0 0 0 1
train_jpeg/5a41618b987898b085e2411532f7b9f7 0 0 0 1 0 0
train_jpeg/df5dd80aab0aa6e0a6d8ea17860855fb 0 0 0 0 0 1
train_jpeg/80860f760ef3428906d7f7a4c6135439 0 0 0 0 0 1
train_jpeg/7f9173ea39216cdba17e1cb20e9b9f2c 0 0 0 0 0 1
train_jpeg/32503c648a31de0bff04a3c0dad7d48c 0 0 0 0 0 1
train_jpeg/a01c58a18c2382adada9aea189097614 0 0 0 0 0 0
train_jpeg/eee88aa055892224d0fa0518f304996b 0 0 0 0 0 0
train_jpeg/497b6b6d79d765833efdaa2a36076382 0 0 0 0 0 1
train_jpeg/744e15916f10eaa5f20594e302fa4906 0 0 0 0 0 1
train_jpeg/7a293252be89795118fdf620def0c098 0 0 0 0 0 1
train_jpeg/4010817f919544f7c1c7eef1858ce071 1 1 0 0 1 0
train_jpeg/379f083410e64a2fb74761b795bd0a41 0 0 0 0 0 1
train_jpeg/1ee608f4c2322489c730271c6ef7caba 0 0 0 0 0 0
train_jpeg/8f1f185de203af24c84881161f025820 0 0 0 0 0 1
train_jpeg/d5f6e4ac57771303fe96ac40b177a28d 0 0 1 1 0 0
train_jpeg/4fca8a77e10e418e3851c65c0f42fc23 0 0 0 0 0 1
train_jpeg/1f4b11018ae7a80969cea875fa22abd1 0 0 0 0 0 1
train_jpeg/42159e0597c8de5b35f7d04eea3a9d2d 0 0 0 0 0 1
train_jpeg/a71df51f1b1e144c1f219b240c875179 0 0 0 0 0 1
train_jpeg/fe712042bd989a581a931a300fee1203 0 0 0 0 0 0
train_jpeg/e9421022f833055f58fbc88768d9c1c5 0 0 0 0 0 1
train_jpeg/cc974ad66f47de642335f53dbbf98d1b 0 0 0 0 0 1
train_jpeg/f57499c072f081f12ce8006e81a20d74 0 0 0 0 0 1
train_jpeg/83f9aa2772351d537bf799a0f5d8b8f8 0 0 0 0 0 1
train_jpeg/449d8bc9224433abf1a23b78998bac06 0 0 0 0 0 1
train_jpeg/97cbef53fe25e40a55dfb40847d28ec0 0 0 0 0 0 1
train_jpeg/bd1aeb3b9a96232d36037a08070a2149 0 0 0 0 0 1
train_jpeg/21d1ba4b3d9d85283e185050a4c669c6 0 0 0 0 0 1
train_jpeg/19986ef91a06c3bf7318b9b1368d4b41 0 0 0 0 0 1
train_jpeg/427f680886a20f68647f639e86ccf770 0 0 0 0 0 1
train_jpeg/e24042a4982d2afca836f96cbe41b528 0 0 0 0 0 1
train_jpeg/2094cd7cf01e7e283818e836115596c4 0 0 0 0 0 1
train_jpeg/60e3fadcad73e6ae8a59f3a6a726f4e6 0 0 0 0 0 1
train_jpeg/cb0165cbc17f5d8d0fc4deab637aa2ae 1 0 0 0 0 0
train_jpeg/cc2a06afd95b1114894b3dc2b37f1c5e 0 0 0 0 0 1
train_jpeg/b1d599b4bf50932fb66d8a9aaf41ba3e 0 0 0 0 0 0
train_jpeg/e2b2574690d765edd3eff55196b535ba 0 0 0 0 0 1
train_jpeg/e613a63ea3e1262cd599a32571d11c2e 0 0 0 0 0 0
train_jpeg/dca579df08e6dc334409a70e8c0039ab 0 0 0 0 0 1
train_jpeg/30d4ef50751edf174a36b9594a654b23 0 0 0 0 0 0
train_jpeg/f273e3857c8f4d067c0bb517f39e2e69 0 0 0 0 0 1
train_jpeg/701e3a04964ed7300eb3f08bbe3c7dfd 0 0 0 0 0 1
train_jpeg/e25d75e8e6b0327356d1566d324ecfcb 0 0 1 0 0 0
train_jpeg/b717ded9ed8110b68e2fba2e7c65291a 0 0 0 0 0 1
train_jpeg/698ac060f0caaa4166156df14295f4fa 0 0 0 0 0 1
train_jpeg/84eb3e8b282f648bbc43c356f058f24e 1 0 0 0 1 0
train_jpeg/e7a50b38b3dd034c219fad4c10986fe7 0 0 0 0 0 0
train_jpeg/fd66c489f1de56737aabeb8838227f15 0 0 0 0 0 1
train_jpeg/ce8484a77b1e87630a54caef0e74b99b 0 0 0 0 0 1
train_jpeg/fc6507c221af5b7defe7458c0b780397 0 0 0 0 0 1
train_jpeg/76b23891649862f2b3b95f9bebf0a70c 0 0 0 0 0 1
train_jpeg/9870bcb3e4c078c7ed4c8b0cf61bf6ff 0 0 0 0 0 1
train_jpeg/3b2d50b78ba04973394eb4dc723a44ef 0 0 0 0 0 1
train_jpeg/f0cdee7dafbadaa45400c602b995b30f 0 0 0 0 0 1
train_jpeg/10898f48f4d75139b29732592f307e88 0 0 0 0 0 1
train_jpeg/3da6aaa7e2b67dec303f577cc9768766 0 0 0 0 0 1
train_jpeg/191af4a0c5c47c05b06b88f7d6ec671d 0 0 0 0 0 0
train_jpeg/543278633eea00a31aa950d65ad504c3 0 0 0 0 0 0
train_jpeg/79ff39552d8204ba42c5041e7650effc 0 0 0 0 0 0
train_jpeg/99110ff62d133cbe587372864727458a 0 0 0 0 0 1
train_jpeg/07c3a06d3617ad26847c00aadf719eb5 0 0 0 0 0 1
train_jpeg/474bbe6ff1f8b29f0e274dc459d95f70 0 0 0 0 0 1
train_jpeg/78f34747eb66eb091fbc011c24c1a367 0 0 0 0 0 1
train_jpeg/21ad5dc8b515606f3bd9ba9dde4dc5d9 0 0 0 0 0 1
train_jpeg/db85613d9a784b3f99acd975979e7ee4 0 0 0 0 0 1
train_jpeg/ed9a7c7e5b657ca8101f0687a000fc20 0 0 0 0 0 1
train_jpeg/8a8dfb35de1667ab00b27caf1d4b61df 0 0 0 0 0 1
train_jpeg/5dfad8fe7137baab5ab34e852b77521d 0 0 0 0 0 1
train_jpeg/13cd013f0757bebf314371e851060c1c 0 0 0 0 0 1
train_jpeg/3b54e846cede03b8d6ac6c5bc14af082 0 0 0 0 0 1
train_jpeg/6db6e5b15b7497f9179ec06fb3723d5c 0 0 0 0 0 0
train_jpeg/022c174090b07df8cddc98f0125d2a28 0 0 0 0 0 1
train_jpeg/ca6c1531a83f8ee89916ed934f8d4847 1 0 0 0 0 0
train_jpeg/5bb4c1007a34c6f1d62328683bbf7184 0 0 0 0 0 1
train_jpeg/78c27d8de060d9d0b52142ed0cd9e8ff 0 0 0 0 0 1
train_jpeg/ab3bb85af032f68c098006f698e0726a 0 0 0 0 0 1
train_jpeg/9163c1b53f6cef4006d0169ee3b24886 0 0 0 0 0 1
train_jpeg/9467830e0f4dc6dc755718f994cc7a3b 0 0 0 0 0 1
train_jpeg/1c2d6d9e020c17e307b4b1d8a366ae56 0 0 0 0 0 1
train_jpeg/8a7660544edadcef8790305add37f32b 0 0 0 0 0 1
train_jpeg/484ac8b02e7fdf5807e95774da5f625f 0 0 0 0 0 0
train_jpeg/264fdebe57965c3292ce07c7b4be8c39 0 0 0 0 0 1
train_jpeg/a6a1cf247e893e09aec4e2d34316c4c3 0 0 0 0 0 1
train_jpeg/dbbc06558a408f0a0ab5dce639e514b6 0 0 0 0 0 1
train_jpeg/702cfedc537305e3b1791766640ed6de 0 0 0 0 0 1
train_jpeg/03734851475ddbff6572830b84dcc761 0 0 0 0 0 1
train_jpeg/06632edb4a24bf2935ace8859d0134da 0 0 0 0 0 1
train_jpeg/2a2fb5059af9bce480f8831ffb296ed3 0 0 0 0 0 1
train_jpeg/d7bbb290f6691900ee45ea1ed1d5787f 0 0 0 0 1 0
train_jpeg/afa4de6570c31504ba4b77978377ccc9 0 0 0 0 0 0
train_jpeg/031625d57b5e9a5c8bcd7b9a82246fcb 0 0 0 0 0 1
train_jpeg/c332d336996b56e400e2a8efdbc9abf7 0 0 0 0 0 1
train_jpeg/c0c280e0d334e4e3b01d49d674c62f2d 0 0 0 0 0 1
train_jpeg/1ee956f957e7b9ec0787e07fe2b76135 0 0 1 0 0 0
train_jpeg/bedecebc0349e52e9afe5cc8f2e067a0 0 0 0 0 0 0
train_jpeg/3085ed0a12c197811897a37ca8702d89 0 0 0 0 0 1
train_jpeg/6401bab9722a4eebf68bee09fc7d54c2 0 0 0 0 0 1
train_jpeg/dcd39ab3675f09e064c4ea834d70c240 0 0 0 0 0 1
train_jpeg/97fd4f6e94b84fc564ae30aec660e443 0 0 0 0 0 0
train_jpeg/82a054b42d1819ce1db9308915d843d1 0 0 0 0 0 1
train_jpeg/898fa1a6cd5528a57b55465f0389aa96 0 0 0 0 0 1
train_jpeg/b828c324e8a67810b0d360cf54b93525 0 0 0 0 0 1
train_jpeg/03e6ecfa6f6fb33dfeac6ca4f9b459c9 0 1 0 0 0 0
train_jpeg/b0ee3d70e40b9d28e965e4b5acce557a 0 0 0 0 0 1
train_jpeg/4f1aea7b3a7d3d3af2a5367565bc4f37 0 0 0 0 0 0
train_jpeg/e4ef5698e1570bed158879d7b5ab20f7 0 0 0 0 0 0
train_jpeg/a593d4aa6d8d9dbe2139c6c3889535eb 0 0 0 0 1 0
train_jpeg/918eae18d789f73c80e8431e03472648 0 0 0 0 0 0
train_jpeg/c2f340de4f20bf04c2f5cce2d6a55587 0 0 0 0 0 1
train_jpeg/a1194482262ecf131eb824cd460e7e28 0 0 0 0 0 1
train_jpeg/684626e9ab3384984e4af5ede3a0e6aa 0 0 0 0 0 0
train_jpeg/dd73d7cf00dea954470641d84279693f 0 0 0 0 0 1
train_jpeg/86d28573de77dd3966c78b2b471117d1 0 0 0 0 0 1
train_jpeg/ef8abdca805f7af833aecafaddbf818e 0 0 0 0 0 0
train_jpeg/83b5a0edd3e244010d8dfcbb4c20d3b8 0 0 0 0 0 1
train_jpeg/28cfa7a00d66d9084ec969ac35367d22 0 0 0 0 0 1
train_jpeg/fb31baa6cb3084cb283c11ee81c32f22 1 0 0 0 0 0
train_jpeg/10e27c80d083c9c43c2c95984c8e2dfd 0 0 0 0 0 1
train_jpeg/6145c49011a33ec5d61866a3a7085f33 0 0 0 0 0 1
train_jpeg/4ecc578b2d1cdeec78a6fe14346cd148 0 0 0 0 0 1
train_jpeg/27e113d3d158dbdd548b534c26164e55 0 0 0 0 1 0
train_jpeg/2f35a721ceb1f89cbbd33ade57b32f4e 0 0 0 1 1 0
train_jpeg/6bcca80b1d8a2849eb22c0d015125ffe 0 0 0 0 0 1
train_jpeg/b6f4abe4d21f1e44827e26f640f626bc 0 0 0 0 0 1
train_jpeg/2f0f6fef7e8edba2051a94dd9e0abeb6 0 0 0 0 0 1
train_jpeg/a48969d2e8f19426f60949458d6fa1b8 0 0 0 0 0 0
train_jpeg/5e2642ba5e2f958a4f4ca753526587bc 0 0 0 0 0 1
train_jpeg/7389cf605a4839265f77d118588869ff 0 0 0 0 0 1
train_jpeg/9a5ec95afafade65db1940a5720bad0a 0 0 0 0 0 1
train_jpeg/cffb6dd55f9d310bacd5ed196b170faa 0 0 0 0 0 1
train_jpeg/fe9e24dbd1a10aa6af52bf1427bceda0 0 0 0 0 0 1
train_jpeg/657c6ba19c798af84b07bb22b8141b83 0 0 0 0 0 1
train_jpeg/c316ff395b24e76e02a4ad444a9ca636 0 0 0 0 0 1
train_jpeg/cf3f071a229e2d4433abcb38c4b35cac 0 0 0 0 0 0
train_jpeg/57036d99900dabe66e5294251e3f56de 0 0 0 1 0 0
train_jpeg/59e209dfdfd98104e5f8777b4ab02434 0 0 0 0 0 1
train_jpeg/e00865c737626ba91f966e0c05fa6a5e 0 0 0 0 0 1
train_jpeg/17791317b59d89c03ce7a15826e1b876 0 0 0 0 0 0
train_jpeg/bc7483c563cf172e46390a235cdc63b9 1 0 0 0 0 0
train_jpeg/4fa6cca94550b80255481defaff69042 0 0 0 0 0 1
train_jpeg/610d69d7787f995a196a5d8ea8ed1be5 1 0 0 1 0 0
train_jpeg/72299aa64ac14dedcee3d7aac846870c 0 0 0 0 0 1
train_jpeg/256506ed7f2d47b1fca0d52a863e7b2b 0 0 0 0 0 1
train_jpeg/2a364dea24600221fb6208567bda008b 0 0 0 0 0 0
train_jpeg/1da2fa5fa13f1568e27aab809f2cf9c2 0 0 0 0 0 1
train_jpeg/ce229a03f797a78f5c482af89d78c988 0 0 0 0 0 0
train_jpeg/7e654a20f77fd1d6d902cb78f4c779e6 0 0 0 0 0 1
train_jpeg/9c6e03289a56bb7399443d9a37b2723e 0 0 0 0 0 1
train_jpeg/5a44f80a50071f57b2f365bde4865356 0 0 0 0 0 1
train_jpeg/848a8f3f7a4d210c2ee4901b0e07369a 0 0 0 0 0 1
train_jpeg/f60cef429e2b47fd330fbfcfd3ec3a31 0 0 0 0 0 0
train_jpeg/917bf10b1a676986b3e548bed07c03f2 0 0 0 0 0 0
train_jpeg/5dd28adf45035593337e0af14785f7ae 0 0 0 0 0 0
train_jpeg/961048bee50f5695e5c0e5c2ff63a3bc 0 0 0 0 0 1
train_jpeg/39394c845e092472bfff78c26ce9feb4 0 0 0 0 0 0
train_jpeg/94219113f84fc484f643867c6a11c742 0 0 0 0 0 1
train_jpeg/add6e79a3c93a11bdd9a74886b480840 0 0 0 0 0 0
train_jpeg/70ae292359ad785182a9cd214c26892f 0 0 0 0 0 1
train_jpeg/3d699e6ab5caa15d3ad7b6cdeee5f85b 0 0 0 0 0 1
train_jpeg/931e92a65f8ec5eb009c0afa0f52e0c1 0 0 0 0 0 1
train_jpeg/7f9f3447feb7bb713728a7f7f5a3c70b 0 0 0 0 0 1
train_jpeg/ca42b71ed3fe67dafd3429d2fb62c69b 0 0 0 0 0 1
train_jpeg/2da04ade38c9271bc26f801c62498d8d 0 0 0 0 0 1
train_jpeg/a90c8201d35d87aa2d504736e5196414 0 0 0 0 0 1
train_jpeg/1fb108b04624f03f75122985270150b9 0 0 0 0 0 1
train_jpeg/9344b9c2ab4ea5f9e3e135d60ef9ed0d 0 0 0 0 0 1
train_jpeg/c1fe966fafa39724332514048cc662a9 0 0 0 0 0 1
train_jpeg/3e288b491b9c0fe5e4dcdd1aeb86ecc8 0 0 0 0 0 1
train_jpeg/c76f9bb22dfaa73cd8810e299cc0bd53 0 0 0 0 0 1
train_jpeg/12ede510c82b53705e33fa758ff03131 0 0 0 0 0 0
train_jpeg/679bff232ad7e9f8623bcd61e7812bab 0 0 0 0 0 1
train_jpeg/cde07682ce7758568b5a3701eee9f46a 0 1 1 0 0 0
train_jpeg/57f40b4dd5c69465630945efc03e9be9 0 0 0 0 0 1
train_jpeg/138c8fe8bd53f209f56684cad9dc8ccd 0 0 0 0 0 1
train_jpeg/d8f91e20eb8c4d462bcce022caf3dd30 0 0 0 0 0 1
train_jpeg/633e4b3295849d49eea0ebef4fca111d 0 0 0 0 0 1
train_jpeg/0d029f8b2f72732630d3d81bc0daac1f 0 0 0 0 0 1
train_jpeg/6b009c058e3b9c38080f05fddb80c977 0 0 0 0 0 1
train_jpeg/52bda701f8278c3eab00dbdfadf06a37 0 0 0 0 0 1
train_jpeg/e9954e6e3b2d0c5bf990a519c0ba5abe 1 0 1 0 0 0
train_jpeg/ba0d29d84db98416a0858ad30c4d41a7 0 1 0 0 1 0
train_jpeg/c886a55f2eb056b9a6c6afd6eaed72f4 0 0 0 0 0 1
train_jpeg/acfda6253dc16e15950cbd4622395528 0 0 0 0 0 0
train_jpeg/8eae8728cffdae4aafe98606182621de 0 0 0 0 0 1
train_jpeg/380d07a94cc4b012812119370de47192 0 0 0 0 0 0
train_jpeg/5f671dd1207e96217c572146f08dc3a2 0 0 0 0 0 1
train_jpeg/9b7187b3675320c75ec43edd333ef2fc 0 0 0 0 0 1
train_jpeg/e2cdf4955f581cb30a0e92f006125307 0 0 0 0 0 0
train_jpeg/ed450b56e48ad8bae2aa760765786181 0 0 0 0 0 1
train_jpeg/410ddd57b229d06f485bc7ea457fec42 0 0 0 0 0 1
train_jpeg/6dc54c273e24de333f3fdd060f74faa1 0 0 0 0 0 0
train_jpeg/62d5ff9075d2b5857478fb2709314004 0 0 0 0 0 1
train_jpeg/a7527e0c8925205bb2a18d56a3dcfcb7 0 0 0 0 0 1
train_jpeg/9d8cf27d445accf16f4c577c3f05b2b3 0 0 0 1 1 0
train_jpeg/389de59ab4c4dd2b0a4f94d33966b12d 0 0 0 0 1 0
train_jpeg/3cbfb9619c87d46cc88567ea709a2e20 0 0 0 0 0 1
train_jpeg/b7cde19a331d3ba71fcb8efc361af419 0 0 1 0 0 0
train_jpeg/d86c7405606f965ab7300ef1eacbcacc 0 0 0 0 0 1
train_jpeg/4bd8b64c77172aa547dd10fa5429eb04 0 0 0 0 0 1
train_jpeg/0fc090ef0e517dd49fccac8ba9524b2e 0 0 0 0 0 1
train_jpeg/4bbfc3389565fc0e2617678317127940 0 0 0 0 0 0
train_jpeg/7960b5c77707fc5969a74c387b071276 0 0 0 0 0 1
train_jpeg/1951e0eba7c68aa1fbd6d723f19ee7c4 1 1 0 0 0 0
train_jpeg/a30e14a451803e8e21067b36fd4c6ca9 0 0 0 0 0 1
train_jpeg/70b916c56dbe91ca3903bd5ecd48cce6 0 0 0 0 0 1
train_jpeg/26c01c52f6f344050822135d89b0a8c3 0 0 0 0 0 1
train_jpeg/3b570d78d3b8fbe8dd3af543d0ab08a6 0 0 0 0 0 1
train_jpeg/76b3ac42fafec422e9e25c5ae8fab603 0 0 0 0 0 1
train_jpeg/9e63db3c1b443ca561e426b798096b8f 0 0 0 0 1 0
train_jpeg/61d584d7b486245f3e861371fcf7da9b 0 0 0 0 0 0
train_jpeg/7792774f9cce897c741875f11aad61e2 0 0 0 0 0 1
train_jpeg/629f7adb357049205885894711a12343 0 0 0 0 0 1
train_jpeg/30b2830c567550e16cb0813c6a29337c 0 0 0 0 0 1
train_jpeg/21d648b03bda14eb9c5c1424f02cd3ef 0 0 0 0 0 1
train_jpeg/96aa1d32c29e15dd9d4c77207cf0a613 0 0 0 0 0 1
train_jpeg/0a16dc6491142ff8c7c36f3b3f4ebd02 0 0 0 0 0 0
train_jpeg/6a29cfd596229d4ac24ad8cbaa103c11 0 0 0 0 0 0
train_jpeg/6fa1438e182fd577efba73531c0c35a8 0 0 0 0 0 1
train_jpeg/d8a3fe9536afba5813aa8025506c810a 0 0 0 0 0 1
train_jpeg/dcf738eddf4da088a2f8faf31a3f4537 0 0 0 0 0 1
train_jpeg/e38bb22eeeb25ec645b19e81883b5759 0 0 0 0 0 0
train_jpeg/f7f6d5575afad78bc5811f2174b2311e 0 0 0 0 0 1
train_jpeg/061fa33f6ba0028fbbad8caaeac8d145 0 0 0 0 1 0
train_jpeg/871f50e5eb6df22069dbd23eca0ceaed 0 0 0 0 0 1
train_jpeg/8ae85268313b0db2f58d2193aab645c9 0 0 0 0 0 0
train_jpeg/401aee86de220c3e1fd9baae09f6f7e4 0 1 0 0 0 0
train_jpeg/3e6dc1696e378ed55ea60091c620af4d 0 0 0 0 0 0
train_jpeg/5b7c346ba813a43c3118ed1a3a7ed6c8 0 0 0 0 0 1
train_jpeg/84bf377f6955ebd1fb6f38b7387a186e 0 0 0 0 0 1
train_jpeg/9fc583b82b23ec8adb680d4fa2a6ba93 0 0 0 0 0 1
train_jpeg/25c3e8d473ae41bff1a294abfa850615 0 0 0 0 0 1
train_jpeg/6ee4ddeccef1ef0b04fd519822dbe176 0 0 0 0 0 1
train_jpeg/0512ed00fe622b41f1959d354138f192 0 0 0 0 0 1
train_jpeg/be66657e907a732207237b75b7e105c4 0 0 0 0 0 0
train_jpeg/3bb06e20b2595be65d7a95e948b2169c 0 0 0 1 0 0
train_jpeg/1e35cd90f1877cfcb99524a9ef37d756 0 0 0 0 0 1
train_jpeg/c46115d83cbc0da233c4ea92f5ec1831 0 0 0 0 0 1
train_jpeg/9d2c6d2e55ac8c64f264087ccc48187a 0 0 0 1 0 0
train_jpeg/38189a3311c6503cc05aa4fa97621d2a 0 0 0 0 0 1
train_jpeg/44d27ae011ba5ec163264667b89fdb89 0 0 0 0 0 1
train_jpeg/53125b5fb758b63aaf01465e70f732c9 0 0 0 0 0 1
train_jpeg/921d5ed749decfda94dbea42ce7b5e52 0 0 0 0 0 1
train_jpeg/0aee36a63b071c37c1d647d931c7a833 0 0 0 0 0 1
train_jpeg/59b3bc3302675fab558eedad8e9831ab 0 0 0 0 0 1
train_jpeg/3033cf4aadc4811b5e714fb3fe295a4e 0 0 1 0 0 0
train_jpeg/f47a24862b176b4058cd843d38d7aa3c 0 0 0 0 0 1
train_jpeg/17f57814aa95b2294e9fd97cc27c995e 0 0 0 0 0 1
train_jpeg/0fb9235fdd9d442cb03f221a12e67d04 0 0 0 0 0 1
train_jpeg/1042eb8ffeadf2c7f54f7e776a449b05 0 0 0 0 0 1
train_jpeg/93ec2bf65c8ffa29564af48cbe39813c 0 0 0 0 0 1
train_jpeg/2a176d08f99af402c877cde732008c46 0 0 0 0 0 0
train_jpeg/be6b07923e33b791410d42b507c4eeae 0 0 0 0 0 1
train_jpeg/c6316be6006c29fafbd1edf0203264b2 0 0 0 0 0 1
train_jpeg/cf39c28c29e15231c3956e0f83a8bf97 0 0 0 0 0 1
train_jpeg/e4ac7ebc707ed34608338b58d0917e94 0 0 0 0 0 0
train_jpeg/00c4051383149d0dbe166f38b67c9b52 0 0 0 0 0 1
train_jpeg/bc46c6a65d46f457b076e6fded74d067 0 0 0 0 0 1
train_jpeg/373cf1c3c0455a997b1ac686ab36f4d0 0 0 0 0 0 1
train_jpeg/bb2a98f5ad31e0ddd17b5b4217bec2af 0 0 0 0 0 1
train_jpeg/8258afbbe83207620eabb049c4fa899d 0 0 0 0 0 1
train_jpeg/a7ae31b4052444b8f576b657b1753445 0 0 0 0 0 0
train_jpeg/adf3f5f748328486ebbf775b1a7e38b3 0 0 0 0 0 1
train_jpeg/ed12402a2b76cda47517d5073b35eb9a 0 0 0 0 0 0
train_jpeg/f0c706b26dbde58165d6222251401a9f 0 0 0 0 0 1
train_jpeg/75fa564a500cd6dbeca84c55c5bf4d2a 0 0 0 0 0 1
train_jpeg/2f4adab67a67f3ee8322175840092fe5 0 0 1 1 0 0
train_jpeg/eabff4780c183c33d17681a21f1356b4 0 0 0 0 0 0
train_jpeg/75b703cf3b87d52796a734a89d5dc328 0 0 0 0 0 1
train_jpeg/fcb8064b44fc9ed89e8d275e459708d1 0 0 0 0 0 1
train_jpeg/8cbbc48f4f7d217892a6caff8152dc6d 0 0 0 0 0 1
train_jpeg/5ec73b313975b1a2fdb77e792aab5d88 0 0 0 0 0 1
train_jpeg/634692d5bae08695f3c842dfbabb902b 0 0 0 0 0 1
train_jpeg/314b28b21a620ea16d0de1103157b37d 0 0 0 1 0 0
train_jpeg/9d6a1fc14c01ca45f4220860f1be4900 0 0 0 0 0 1
train_jpeg/747df8b2c29aaf56f537c56926518815 0 0 0 0 0 1
train_jpeg/3998abd4fc8f8535b85dbcc3bba21759 0 0 0 0 0 1
train_jpeg/80825dba437faa3185cf44702a3c5a2e 0 0 0 0 0 1
train_jpeg/77aa663e67f30ee7bb6bad7d9ce63627 0 0 0 0 0 1
train_jpeg/70c3fc71e71d12f5ae1ce6f58da48c3c 0 0 0 0 0 1
train_jpeg/719ef3ece6314f7962ffe89cfd4cdb7f 0 0 0 0 0 0
train_jpeg/efebd8c8b98c08c6d5dec1a4f522a3fe 0 0 0 0 0 1
train_jpeg/1b5bc1e4045bdae07a04b56cc725ac3e 0 0 0 0 0 1
train_jpeg/ca13b9ec000feeadce49117fd75a6287 0 0 0 0 0 1
train_jpeg/df22170b3f5ebed270d0de29adae140a 0 0 0 0 0 1
train_jpeg/e7375b4dfc336c7b166b688f72d86b34 1 0 0 0 0 0
train_jpeg/2ea39599aeefff928759cb241558a69e 0 0 0 0 0 1
train_jpeg/42f2378d29befde9ac467597a332425c 0 0 0 0 0 1
train_jpeg/6b44b2c4a86f4e2b8ac0092fab505f22 0 0 0 0 0 1
train_jpeg/5ae8f6ceff28bad716f18316f4f64df0 0 0 0 0 0 1
train_jpeg/71e04c353e9b82649d44d07c07232089 0 0 0 0 0 1
train_jpeg/8ce5061ba0f285cd7d2763473d94a2fc 0 0 0 0 0 1
train_jpeg/79f44ace1ff31bccc215504c4e9d95de 0 0 0 0 0 1
train_jpeg/87c4e738629ba2dfbb78ea55247908f8 0 0 0 0 0 0
train_jpeg/2026ba3e6ae94ed9817a5df2cf0d4e27 0 0 0 0 0 1
train_jpeg/fa699f706543166a8e4206f25d19ce1e 0 0 0 0 0 1
train_jpeg/8801bd9d1f5e318eb79124c7b2438ac5 0 0 0 0 0 1
train_jpeg/27eeacb2cf6ea95a95e0c60a914d45a3 0 0 0 0 0 1
train_jpeg/7d06c9906257d557aa101e9c73cb10e6 0 0 0 0 0 1
train_jpeg/9e104788d948797f70790dce9067c277 0 0 0 0 0 0
train_jpeg/f4962890f0c6db4611fec9d3d0e97ea2 0 0 0 0 0 1
train_jpeg/6b1629617f13b37b41af2c15243bf277 0 0 0 0 0 1
train_jpeg/c862c97fc685115573fc5e6a4d3cae9a 0 0 0 0 0 1
train_jpeg/63f9a83dda6ed196317c68a725988a24 0 0 0 0 0 1
train_jpeg/ff42ad0b2cf2dcc50bee99e74826f33e 0 0 0 0 0 1
train_jpeg/f13e4e049d96ab0cd9216f8e548e5c8a 0 0 0 0 0 1
train_jpeg/324c95fc84fb0b3c3a8808fccb459434 0 0 0 0 0 1
train_jpeg/1250c704cc9307bf84b43f1aca4d997b 0 0 0 0 0 0
train_jpeg/922669e581a24946daa161a62906bdf7 0 0 0 0 0 1
train_jpeg/1516651227a420f879b4cea1500ee7db 0 0 0 0 0 0
train_jpeg/74ea7c95d4910affdaa09dc2d06edac4 0 0 0 0 0 1
train_jpeg/1358ac2ad4c2aa92b97102ca7a6588c1 0 0 0 0 0 1
train_jpeg/bcdf0364c02fc489f7a8a7b94e913c5e 0 0 0 0 0 0
train_jpeg/76f60361e862c32200eb9c6fa5686124 0 0 0 0 0 1
train_jpeg/ecd1275cbffcd530452e2b20dd070b4e 0 1 1 0 0 0
train_jpeg/0a411e44ec67f3d5d80a5b3d5a3edca3 0 0 0 0 0 0
train_jpeg/ed06295915b52f5fcc88e158ab0c7100 0 0 0 0 0 1
train_jpeg/db27424385c4070805371285c300b59a 0 0 0 0 0 1
train_jpeg/f3e804892343e3b12e2542939d9101a6 1 0 0 0 0 0
train_jpeg/be95363066a0f6e2d9644cc14b39d3e1 0 0 0 0 1 0
train_jpeg/eda707d79298458f23f778b0c8229d73 0 0 0 0 0 1
train_jpeg/59463dec11bd9627f875e0372d9ce1e2 0 0 0 0 1 0
train_jpeg/a1af684b8e0ce8e5cd4223881451a5af 0 0 0 0 0 1
train_jpeg/2dd46318c5cf710a174e74bf5cc5fc39 0 0 0 0 0 1
train_jpeg/a225e74af503ba30e411a674716bf87e 0 0 0 0 0 1
train_jpeg/4c6b4bdeeca13b091e52dd6d674b90f8 0 0 0 0 0 0
train_jpeg/6772119ecff6fdfd3d04adbce8c8bd49 0 0 0 0 0 1
train_jpeg/543278633eea00a31aa950d65ad504c3 0 0 0 0 0 0
train_jpeg/41d6159222d3c8aa480f2ca9acd915d3 0 0 0 0 0 1
train_jpeg/66788537d9ccbd575dcc30db63d21db2 0 0 0 0 0 1
train_jpeg/6230d822745eb0d7b5a9e8a5728d8e1d 0 0 0 0 0 1
train_jpeg/745dd954945d76615e8785c39b91b6fb 0 0 0 0 0 1
train_jpeg/9696f133b6337e31d8961638df6d89af 0 0 0 0 0 1
train_jpeg/a43d700412de5ab25b800bd283e1baa2 0 0 0 0 0 0
train_jpeg/32712661995a66ff7b5193dd351ce5d3 0 0 0 0 0 1
train_jpeg/9209eb472d8c5200cbc8ad2015cbf1a2 0 0 0 0 0 0
train_jpeg/24c7e3233b6ebe3d1159f81ae97daed1 0 0 0 0 1 0
train_jpeg/24bf0f138643ee4141ebefba54fb6843 0 0 0 0 0 0
train_jpeg/310c786eccfed6cb9c04cf9e2d31a5fa 0 0 0 0 0 0
train_jpeg/59782bef0d73440e75ec2f92b4d4e38d 0 0 0 0 0 0
train_jpeg/aa1203b1ecab0cddec19f07eb68d4dee 0 0 0 0 0 1
train_jpeg/482b87eee32062b04427c763c699ccbf 0 0 0 0 0 1
train_jpeg/f224161c258185b891f08b298c9a517d 0 0 0 0 0 1
train_jpeg/8c000de5f90b8dd6ed6f77923874c20e 1 0 0 0 1 0
train_jpeg/7653a1c4431f1929ae8c73588e39b8d5 0 0 0 0 0 0
train_jpeg/e5e87589e79c3431da6e89518703f6aa 0 0 0 0 0 1
train_jpeg/1b03ffc81d549227fc6c640d9a4833f6 0 0 0 0 0 1
train_jpeg/7af1da4ba8580aa54a0bfce36071c8d9 0 0 0 0 0 0
train_jpeg/b12061bf52b1440df272f8d83ed6aa10 0 0 0 0 0 1
train_jpeg/314517b694426a160b93fcdf447fa355 0 0 0 0 0 0
train_jpeg/4c45e0b9cd4114eecc4510fdd5a5f15a 0 0 0 0 0 1
train_jpeg/b9c91241b3005180d1dd6ee867ed2d1a 0 0 0 0 0 1
train_jpeg/7b6003f966d8b3ced34c44c6ae7fb842 0 0 0 0 0 1
train_jpeg/150d31135e59d2d8897464b0fd2a3464 0 0 0 0 0 1
train_jpeg/956968f00cae86775c7b54bdc9f8ec0e 0 0 0 0 0 1
train_jpeg/5a70ef003acc38170f844fe25d894c6f 0 0 0 0 0 1
train_jpeg/f748b43c3d793b2aad106513f27afa49 0 0 0 0 0 1
train_jpeg/00150343289f317a0ad5629d5b7d9ef9 1 0 0 0 0 0
train_jpeg/cee9182867dea695829e246be6723d2b 0 0 0 0 0 1
train_jpeg/b77b6064737f5bb86d979b5f73bdb894 0 0 0 0 0 1
train_jpeg/ca0a885e3c32fa7800c77c06f656bad6 0 0 0 0 0 1
train_jpeg/cc98d7fef25d526a411629ad598eca3c 0 0 0 0 0 1
train_jpeg/d2dee39867d39782f7c921b7aefe5b8f 0 0 0 0 0 1
train_jpeg/205ab4c7971675f49bb2befa32ccce7e 0 0 0 0 0 1
train_jpeg/e31a4af73d8ab3e4cff4d9efd4dc6579 0 0 0 0 0 1
train_jpeg/6de52312fdea24626d088690e140cec8 0 0 0 0 0 1
train_jpeg/bd614133fff2654050bab43a8a150c60 0 0 0 0 0 1
train_jpeg/571ffeb5344b749ef4e99c75b8449a86 0 0 0 0 0 0
train_jpeg/d1bb581de986967b12d4ee6a064d70e8 0 0 0 0 0 0
train_jpeg/dafe6d3ffe818409176b801fc4798881 1 0 1 0 0 0
train_jpeg/82336f39711a91abff06905932f534d7 0 0 0 0 0 1
train_jpeg/cd52827613a1182e63a13781cdf9ea20 0 0 0 0 0 1
train_jpeg/628ab07625d7ac80f9c909b4380e75b3 0 0 0 1 0 0
train_jpeg/ee625759d64b45d5e8a4e4803576080c 0 0 0 0 0 1
train_jpeg/9852b93d2e984a4c427f7d14be534717 0 0 0 0 0 0
train_jpeg/d2a96a8872fd5f2f9f1f23eedc97839b 0 0 0 0 0 1
train_jpeg/ce2d0c66228625bb75fac802d13e49da 0 0 0 0 0 1
train_jpeg/18cf33473f5d32b6af44413f43b535a1 0 0 0 0 0 1
train_jpeg/0885a49e00250499aa19b3f21be0904a 0 0 0 0 0 1
train_jpeg/4c5bf28c7cdb9d7c5ac93c78bbd7bdef 0 0 1 0 0 0
train_jpeg/e1bf1c0bec552c714a37911ab0f63c48 0 0 0 0 0 1
train_jpeg/90d8e7b88a0d29d30f98e069b0e2cceb 0 0 0 0 1 0
train_jpeg/d2e2ee47077011f2329f3dd5df7c795f 0 0 0 0 0 1
train_jpeg/e652b2cebae0a6c74e292b3112d29e6e 0 0 0 0 0 0
train_jpeg/308f48494437d6e5a03366869dfad5a9 0 0 0 0 0 1
train_jpeg/01fa6111c3fc03f33b2d2f9cc90a9e2f 0 0 0 0 0 1
train_jpeg/f47a24862b176b4058cd843d38d7aa3c 0 0 0 0 0 1
train_jpeg/af50b2347162ada5207a107466c23c30 0 0 0 0 0 1
train_jpeg/4b1cc160e3288b5dcc65654cbcd06307 0 0 0 0 0 1
train_jpeg/3624ae2cb0c9dcff4dbf33914dd2ab93 0 0 0 0 0 1
train_jpeg/5e02cde47ed2fd338141e3dcff3139b9 0 0 0 0 0 0
train_jpeg/abac6c7bdaf2149035157fd02883dbcd 0 0 0 0 0 0
train_jpeg/40f55f48d045042b8f061a718155b852 0 0 0 0 0 1
train_jpeg/75b4afff533ef3bbced8fdae06ac6511 0 0 0 0 0 1
train_jpeg/cfbb4effef1cb2fe0311d38e3d35b5ea 0 0 0 0 0 1
train_jpeg/3ec7d6d24ce3775c542d67669d262e7c 0 0 0 0 0 1
train_jpeg/7bf14801ba177b4d09cee3dd3e452973 0 0 0 0 1 0
train_jpeg/675e5601303ca20ac0ba119ec95c3ce7 0 0 0 0 0 1
train_jpeg/bb3616e0e07167fe64e8f90a3886a8a3 0 0 0 0 0 1
train_jpeg/d0ea942db524a895c4bc433e03c3cd3a 0 1 1 0 1 0
train_jpeg/fe9e2c89c75a48f88d5d7274ff939b31 0 0 0 0 0 0
train_jpeg/3cf61dc2b7c2ae524feb3361b9a4513b 0 0 0 0 0 1
train_jpeg/c38c9a98d30027a18e88f39346987f78 0 0 0 0 0 0
train_jpeg/3e83503a5827e14a52348814b5864a99 0 0 0 0 0 1
train_jpeg/cf1642c65354293ea697cacc8fbb52a5 0 0 0 0 0 1
train_jpeg/128f71b941bb2354e1536afa37a4fda2 0 0 0 0 0 1
train_jpeg/6889e2bb71d3d5625baaf6914785cd2e 0 0 0 0 0 1
train_jpeg/b19ed7f40285fbd541be0bacde17fae3 1 0 0 0 0 0
train_jpeg/2a3cc19a099f06f80007cceb75d43bf0 0 0 0 0 0 1
train_jpeg/a19d17172cbbd5db342510e0308d9bff 0 0 0 0 0 1
train_jpeg/0a995008837cb48086dfe044a726f355 0 0 0 0 0 1
train_jpeg/07325facc2362d5ecd32c521edf8145b 0 0 0 0 0 1
train_jpeg/e07b71d8648f36747632a87acc3f2e21 0 0 0 0 0 0
train_jpeg/924c710624ba217ea2a275babf7903a6 0 1 0 0 0 0
train_jpeg/d42c8cdbeea7094d8a3e4899742cdda0 0 0 0 0 0 1
train_jpeg/1afec08ab61e966e8481c56d2a1c522e 0 0 0 0 0 1
train_jpeg/d52e11e25123f98e8bc0c3deea100fc6 0 0 0 0 0 1
train_jpeg/a3ddfa552c6cd137bf46a5db89f5a2ce 0 0 0 0 0 0
train_jpeg/3368f56c5e66bc4f6111b5cf5d701f30 0 0 0 0 0 0
train_jpeg/edc6ab1b2233143d011edf7706c32b6c 0 0 0 0 0 0
train_jpeg/b872e348b0ba7c7259853c8312f9daa4 0 0 0 0 0 0
train_jpeg/f3a391ef5f03ec35c7f460dd2ed908a6 0 0 0 0 0 1
train_jpeg/d7c8b14cc4c55e569c6bb92637b27595 1 0 0 0 0 0
train_jpeg/2b8d23b406077cd35596765abe6930c8 0 0 0 0 0 0
train_jpeg/67b1a34beb5896bbe6f41f45b0d5e91e 0 0 0 0 0 1
train_jpeg/548bf08ac3fb4268aec314b42911af13 0 0 0 0 0 1
train_jpeg/d7669b42813def6eb17280d762fb7fc8 0 0 0 0 0 1
train_jpeg/0a4d6ab40e013041bc8a6d2ed5426316 0 0 0 0 0 1
train_jpeg/890c7efc23b2a23439c301dca707c33f 0 0 0 0 0 1
train_jpeg/b62207f9f70c0463155f5b6bb9c8e67f 0 0 0 0 0 1
train_jpeg/5676a1ef18ac8cdb07653e858fbd999d 0 0 0 0 0 1
train_jpeg/3f7daa8c216b9501d1d2603a86e6a5f9 0 0 0 0 0 1
train_jpeg/4ad3dfee1499ccfb79e36a5dbe629aff 0 0 0 0 0 1
train_jpeg/ef3577342a00289f6fccf26d6b61c7ac 0 0 0 0 0 0
train_jpeg/0a9304d103869d45553070a5717cf82f 0 0 0 0 0 1
train_jpeg/af4ab9c77eca05d706b877bb52a23303 0 0 0 0 0 0
train_jpeg/82d5f09eac7d3abea784450255fddc78 0 0 1 0 0 0
train_jpeg/815f7e3d1d0a2a46aac6f847ca913787 0 0 0 0 0 1
train_jpeg/71e10644f08c83fb33735cee1c32d63a 0 0 0 0 0 1
train_jpeg/f3adcfd01d642fb478c008211b135c12 0 0 0 0 0 1
train_jpeg/7b87ff45f630da27a103b7e587bc6fd1 0 0 0 0 1 0
train_jpeg/a6317cca482e4c5e020ab5e4c94fe921 0 0 0 0 0 1
train_jpeg/5490238e4b5a6db48861f1b36faced5a 0 0 0 0 0 1
train_jpeg/5c0e5d5565e95746f3760193c38a48bf 0 0 0 1 0 0
train_jpeg/d5b83f7e5dd6954c3e5613d1e7792e1e 0 0 0 0 0 1
train_jpeg/47322c3b3510df3e395773eca7e06dc8 0 0 0 0 0 0
train_jpeg/5ee7d7e6df4cda91b44134754044751c 0 0 0 1 1 0
train_jpeg/0452d38f45e4e79f91821e88bb812608 0 0 0 0 0 0
train_jpeg/5ec79a35752f7b502f063d69d55f676c 0 0 0 0 0 1
train_jpeg/12ede510c82b53705e33fa758ff03131 1 0 1 0 0 0
train_jpeg/bb0fca75c321ec35bed77909b7b7b6aa 0 0 0 0 0 1
train_jpeg/da80aff78196208d9395ced4a9f0d485 0 0 0 0 0 0
train_jpeg/84547a6761681374285126a29b0b2941 0 0 0 0 0 1
train_jpeg/1625249b80df13df89d06b2c30877a1e 0 0 0 0 0 0
train_jpeg/a16e8cac18790f70d392d937cea948cc 0 0 0 0 0 1
train_jpeg/a6bcb9f5d59588d699c5aa83cd3039c7 1 0 0 1 0 0
train_jpeg/4efd7c1cdcbb8f3fcd12cbc09e2ca847 0 0 0 0 0 1
train_jpeg/e8e942a087b1d099bb72843816e40406 0 0 0 0 0 1
train_jpeg/7f1ab64a12e1ecb30b80d4f5266c07d6 0 0 0 0 0 1
train_jpeg/46146ca33aff63a17f30385d1ea90b10 0 0 0 0 0 1
train_jpeg/09db1fa1b7d13702536a3d244e2e086e 0 0 0 0 0 1
train_jpeg/b9f09915187c2cc01e958da90d97ac89 1 0 0 0 0 0
train_jpeg/86c7d82f307176899c3b25cc82f8d69f 0 0 0 0 0 1
train_jpeg/76b3ac42fafec422e9e25c5ae8fab603 0 0 0 0 0 1
train_jpeg/07011dce1196d722a672c30918252dea 0 0 0 0 0 1
train_jpeg/7b49c7eb3eff83290826dc9b4eb8ea2f 0 0 0 0 0 1
train_jpeg/5af9cf3407df191a1c8fb59d76593d22 0 0 0 0 0 0
train_jpeg/5a44f80a50071f57b2f365bde4865356 0 0 0 0 0 1
train_jpeg/515b5247a057b966fa2d1bd50907fd79 0 0 0 0 0 1
train_jpeg/bd6bbe058d3f37c07a78644a97d6ef42 0 0 0 0 0 1
train_jpeg/ff45df5e7c2a2724c532d13eba7cde2f 0 0 0 0 0 0
train_jpeg/fbc1bf59ac6832df4802bd8a473d26f4 0 0 0 0 0 0
train_jpeg/36379256682369d26c08f3e87cd8f9a4 0 0 0 0 0 1
train_jpeg/0dde4c1aab003e908ec917aabbd256d4 0 0 0 0 0 1
train_jpeg/c3199a50684fb8409f579f363763a97f 0 0 0 0 0 1
train_jpeg/9b5a3d8b727195a1b0252c359ccc3429 0 0 0 0 0 1
train_jpeg/b5a0555e2c623c355901601a907c6342 0 0 0 0 0 1
train_jpeg/04d3efc7a608c4d58edb8c1b7f90a708 0 0 0 0 1 0
train_jpeg/33cf3f2f72ca3c8480456091f6ccedfb 0 0 0 0 0 0
train_jpeg/35e38672875ff60d5a131d91b4db5a6d 0 0 0 0 0 0
train_jpeg/f81f93687cba8415a59774bb7dce0d77 0 0 0 0 0 1
train_jpeg/479f688143635e866da68da5dcd88efc 0 0 0 0 0 1
train_jpeg/4b8c24a1eaeabd898c28a92d25cc3632 0 0 1 0 0 0
train_jpeg/a751b16e4a8cfa7956561dea5bf0cbb3 0 0 0 0 0 1
train_jpeg/bfe751a05700d19728f9a56d2524a98a 0 0 0 0 0 1
train_jpeg/8247693176745ce4b49fb7079af038b1 0 0 0 0 0 1
train_jpeg/20b70e16705cf1e99116b00a056d439e 0 0 0 0 0 1
train_jpeg/43db0bb6195edb1265e22e1b3c333d28 0 0 0 0 0 1
train_jpeg/1a9c6bd1a0b592c94e4d254d7e1b68bb 0 0 0 0 0 1
train_jpeg/565f54b1b1426c62c262f41a2a6daa88 0 0 0 0 0 1
train_jpeg/3a8d4d0553fda8c1021a74a0e59ae131 0 0 0 0 0 1
train_jpeg/37097f7608e3b19fd015b45cd85104ca 0 0 0 0 0 0
train_jpeg/0e8ced5dabd650baa9bbd937a1211785 0 0 0 0 0 1
train_jpeg/b41fd5f3e08360e72cc4d73a83a1b610 0 0 0 0 0 0
train_jpeg/f71641309f591c6ccd3e0c98ff3d60c6 0 0 0 0 0 1
train_jpeg/6f0231d5ec13130df2de4cf1a4541a15 0 0 0 0 0 1
train_jpeg/a6adbed163583ebad6e6f761611d02ef 0 0 0 0 0 0
train_jpeg/92e9e7ccc49692f0c6fa6917d7289f6f 1 0 0 0 0 0
train_jpeg/1bbd7232924e951e7fa87ffa0f62ec3d 0 0 0 0 0 0
train_jpeg/adc6f4b5339f7178055838776bf49dd7 0 0 0 0 0 0
train_jpeg/6f9c69586ff53e488b23e7bb6b0556c5 0 0 0 0 0 0
train_jpeg/af6c2af494e80270066b4d883e5ba1de 0 0 0 0 0 1
train_jpeg/1973a067f26b35dc448358baaf03ae76 0 0 0 0 0 1
train_jpeg/be869b141b0483aaa10e62ec407c0010 0 0 0 0 0 1
train_jpeg/52c85584532b1c23d447ab91ac1787ef 0 0 0 1 0 0
train_jpeg/2c71d64c36258deed0de846014db0813 0 0 0 0 0 1
train_jpeg/69e693c4c5f1f8ad419b1d2ed43c7375 0 0 0 0 0 0
train_jpeg/b6bb5088976d0d3d51f3041b2172cffb 0 0 0 1 0 0
train_jpeg/fe8a1d8d8c764f03fe6eaa552a390c50 0 0 0 0 0 1
train_jpeg/7355afc2a3a775378d54578397734408 0 0 0 0 0 0
train_jpeg/c78df27e9e63b80f48276833e833fffd 0 0 0 0 0 1
train_jpeg/f25ec631ffb49b8bff836ba317dad42a 0 0 0 0 0 1
train_jpeg/dcbe7cd300844e5e702e7dd68a54794c 0 0 0 0 0 0
train_jpeg/3c98c90840a9290511ae8192107f8250 0 0 0 0 0 0
train_jpeg/97b852252c11692b6353a2ee4c808355 0 0 0 0 0 1
train_jpeg/e6c11e8758d467b1317e136070cef52e 0 0 0 0 0 1
train_jpeg/2c69ecb7713836b2637306bc11cce405 0 0 0 0 0 1
train_jpeg/27ca6b9bd9b4c1f284e450201cfc4613 0 0 0 0 0 0
train_jpeg/3c98c90840a9290511ae8192107f8250 0 0 0 0 0 0
train_jpeg/07db76e6cc063ce8bb90de18216e8ccf 0 0 0 0 0 0
train_jpeg/efa04d79ffa8a98858baa82209b4923f 0 0 0 0 0 1
train_jpeg/79b85dec29cceb5f24cc6b46eff2f6a0 0 0 0 0 0 1
train_jpeg/033ff76227ffb160868813782a3c3a1a 0 0 0 0 0 1
train_jpeg/6ab69f995bbbc0522d8819fec2cf1d3b 0 0 0 0 0 0
train_jpeg/5f89de5a869c83dd96ac9c5916d6b466 0 0 0 0 0 1
train_jpeg/cb3feb272cd646bb7a4c612f3336a221 0 0 0 0 0 1
train_jpeg/12eb6f4552609edfddfc69189e7c891e 0 0 0 0 0 0
train_jpeg/388bddb20ee04d97f64e49c1472c9f2d 0 0 0 0 0 1
train_jpeg/345639c3ba00cacecffade02ebad61ba 0 0 0 0 0 0
train_jpeg/2d8a1464e95c23639c7e9cd396b50a91 0 0 0 0 0 1
train_jpeg/078fc0b0a1eed8b7fd09eb6cbb5923e2 0 0 0 0 0 1
train_jpeg/9637e54d9a4162ab8c4370d45eb3a069 0 0 0 0 0 1
train_jpeg/7430af9cdc5fa56f86d71b66a837390c 0 0 0 1 0 0
train_jpeg/3f3acd7f9f383c01b4392b8dd8bb8f10 0 0 1 0 0 0
train_jpeg/9e425b61222cdcc8f2ff75f588e7c5c2 0 0 0 0 0 1
train_jpeg/5448e1c9dcfbf590e62b7e862754fbac 0 0 0 0 0 0
train_jpeg/b4db27f83c152fb40adc9bd6a4e742d8 0 0 0 0 0 0
train_jpeg/9259faeeda26a934fb32c74b8682e15f 0 0 0 0 1 0
train_jpeg/e4b3710c1d18a0fe70a8eb0bfc5de2cc 0 0 0 0 0 0
train_jpeg/6a6eedf58734b9728fe4894507946828 0 0 0 0 0 1
train_jpeg/683ec9af11ca7fe33686ddce989d3768 0 0 0 0 0 0
train_jpeg/10d100f6b480361b2b5c9e1ce4f4f9f2 0 0 0 0 0 1
train_jpeg/8dc970b9549c5a8d043bdc9136fb07a9 0 0 0 0 0 1
train_jpeg/65e08c58565cb7c1707b3a63040837d5 0 0 0 0 0 1
train_jpeg/ffe6f9fe648a7ec29a50feb92d6c15a4 0 0 0 0 0 0
train_jpeg/c3adefe651baf211a73e391f3068e916 0 0 0 0 0 0
train_jpeg/f09fa6609d7e6c22846d8326bdcca804 0 0 0 0 0 1
train_jpeg/a62197f08a9d755712d126c4c8c93541 0 0 0 0 0 0
train_jpeg/0fdba5b4298773f488709251e49b26a2 0 0 0 0 0 1
train_jpeg/0906a09b04f8d82c2cad5b820602a403 0 0 0 0 0 0
train_jpeg/d35ffd8afe3f0ff397f387509049885e 0 0 0 0 0 1
train_jpeg/fc979a294242406c565414d75dd68f9f 0 0 0 1 0 0
train_jpeg/77b13d39f6c20a45830c2a09659eb00a 0 0 0 0 0 1
train_jpeg/3091912bc947841085f33e214d077348 0 0 0 0 0 1
train_jpeg/8596ba22a0324a295aa986fa60680492 1 0 0 0 1 0
train_jpeg/a663d37cb099452caaa1ad5930db9dce 0 0 0 0 0 1
train_jpeg/46c76222a5a77d4670f091a7952f2b26 0 0 0 0 0 1
train_jpeg/7d3e79d32d233140b7e30880739a42c4 0 1 1 0 0 0
train_jpeg/f2ba1c2dc7bc41f0caf034a0b47db93c 0 0 0 0 0 1
train_jpeg/969d1591fb0b4bf7041938b6fbcfbdc8 1 1 0 0 0 0
train_jpeg/f1ece4212015e746f3d90a95feb17546 0 0 0 0 0 0
train_jpeg/dd21b69f4894c1215c90169738c4f221 0 0 0 0 0 1
train_jpeg/3126f384167edfe4650413888feb60f1 1 0 0 0 0 0
train_jpeg/15b164c54f0bf0baac308b47a45a1468 0 0 0 0 0 0
train_jpeg/6427115ce48b05c57243f29d6943d208 0 0 0 0 0 1
train_jpeg/1af9eca90157fa3d3c04c3ac90ccb9a9 0 0 0 0 0 1
train_jpeg/413ecd510b79fbda7a17ceebfa45736e 0 0 0 0 0 1
train_jpeg/b7ed3ca8b564fe363a53b557e9d15299 0 0 0 0 0 1
train_jpeg/f384ca39bd5710003c8f4277057afd81 0 0 0 0 0 1
train_jpeg/b76ad070314f34864342db8c2d19a6fd 0 0 0 0 0 1
train_jpeg/01abaf7c7b831bba7403d08f56e58a94 0 0 0 0 0 1
train_jpeg/9bf651ff4849732663eb74736c46e5c6 0 0 0 0 0 1
train_jpeg/4869a847a5271f2eeffe65ff1db8a9b1 0 0 1 0 0 0
train_jpeg/71f08a2dd41ba4c93fed4a4f9e33ce0b 0 0 0 0 0 1
train_jpeg/33e56cba92c37d947c7d9a2f681d696d 0 0 0 0 0 1
train_jpeg/0a212b35778c1bce896d4574124c6441 0 0 0 0 0 1
train_jpeg/74464c6b0f2b89fa3e8d7262571d86c8 0 0 0 0 0 1
train_jpeg/bc1ea629af3708b8aa54d8fd5ade64f5 0 0 0 0 0 1
train_jpeg/57e0f7ded402e2fac6be1f00fd7c0b19 0 0 0 0 0 0
train_jpeg/ccd403a2a0b24d9d67ebf996e03224d3 0 0 0 0 0 0
train_jpeg/4193b70ebecde523e99a9f29ca31538a 0 0 0 0 0 1
train_jpeg/36cf5300d146ed2c232acd54b45f317e 0 0 0 0 0 0
train_jpeg/fc206ae1d3ef8a63e90642dba9f75e4a 0 0 1 1 0 0
train_jpeg/300f0557394e4f85b5704774106a2067 0 0 0 0 0 0
train_jpeg/d81f22275882ba993b3b681a0c99c610 0 0 0 0 0 1
train_jpeg/37443a0363383344165898080f9458a7 0 0 0 0 0 1
train_jpeg/e18a21af6b22a09f4cbd7f3e60170f77 0 0 0 0 0 1
train_jpeg/79b85dec29cceb5f24cc6b46eff2f6a0 0 0 0 0 0 1
train_jpeg/d8df1cd5564e9a9f4d72b17049d5d79e 0 0 0 0 0 1
train_jpeg/b8e90cc60a6ebf150fe7fbfbdfea59eb 0 0 0 0 0 1
train_jpeg/a4c71296aa5ce5ac4f5d4b244dfd0a11 0 0 0 0 0 0
train_jpeg/a41a7b67cb8b8be58c3debae5c40c676 0 0 0 0 0 1
train_jpeg/cbe8f7bfbd743675fbb4e5c5995ed17d 0 0 0 0 0 1
train_jpeg/13df80547c48fd7d14d22e9322f4a17d 0 0 0 0 0 0
train_jpeg/ef0c1fe356460c25e02dd26a6013e895 0 0 0 0 0 0
train_jpeg/66d28ab317b915eb7a400ad4a005ebc0 0 0 0 0 0 0
train_jpeg/c78a429b728a3b35c6e4b4a560dee407 0 0 0 0 0 1
train_jpeg/632a53c1bc02e9eafb81ee3e51812d20 0 0 0 0 0 1
train_jpeg/dc50912f4b027506434b409550322d6c 0 0 0 0 0 1
train_jpeg/9f9c6cde56f7e1b36c94f6d72fe0a2f3 0 0 0 1 0 0
train_jpeg/fc638ad95b1da436a018c3c083099aa3 0 0 0 0 0 1
train_jpeg/4987937425ec6478ba2f1c7549cb5369 0 0 0 1 0 0
train_jpeg/f4d7a04f379295bb190b0c95567f7e0a 0 0 0 0 0 0
train_jpeg/ddea1271d3e59d7e26c8f5d7ae93165b 0 0 0 0 0 1
train_jpeg/5c3e47918186111b16b0a90f0f75bbc9 0 0 0 0 0 1
train_jpeg/9f6216c295e2d8343baf1a4149a025e1 0 0 0 0 0 1
train_jpeg/ade920190df997d55ce44df3222eb842 0 0 0 0 0 1
train_jpeg/231f7662ddb1e997de7ae4e11840960f 0 0 0 0 1 0
train_jpeg/33ed20be9a746debd37b0f77d8f09549 0 0 0 0 0 1
train_jpeg/76b23891649862f2b3b95f9bebf0a70c 0 0 0 0 0 1
train_jpeg/81379203cd3cd758dc3bb8bd754067d9 0 0 0 0 0 1
train_jpeg/95c2870d757bad3e0bf865d79c95a047 0 0 0 0 0 1
train_jpeg/9d124eeeddaf6132854c92ac76a9ca16 0 0 0 0 0 1
train_jpeg/f2f7a0f3169acfe68c8efa1e7eb1b358 0 0 0 0 0 1
train_jpeg/c4d6eecd144d4d9a850aa0640f21777a 0 0 0 0 0 1
train_jpeg/452703255619cb09069451f795789b97 0 0 0 0 0 1
train_jpeg/54e0ba972c320dff17869991619db028 0 0 0 0 0 1
train_jpeg/4c7ad3fca0d9c09fb5c649ac91cbad14 0 0 0 0 0 1
train_jpeg/14523cfe6ff3f9a2ddb73613d458c77f 0 0 0 0 0 1
train_jpeg/ee0d65c2402ce79f2d7a66502b3ca321 0 0 0 0 0 1
train_jpeg/af274ab115b34a7c0eca41ed997fd214 0 0 0 0 0 0
train_jpeg/d8c4c835692b1951a853152460c04dc0 0 0 0 0 0 1
train_jpeg/8788745c121bcbce59873c943afa0ebd 0 0 1 0 0 0
train_jpeg/88d218de86341304f817a7fb7a6e2fc1 0 0 0 0 0 1
train_jpeg/84b3b3b5c73b0798b732b4f34f84ca05 0 0 0 0 0 0
train_jpeg/15c3fc505c414c69ba757cb3be3ed213 0 0 0 0 1 0
train_jpeg/eacc53e9f724bd51a38d76306e6db8d2 1 0 0 0 0 0
train_jpeg/b0422c3902cc60d1cfee9d71b3b002d1 0 0 0 0 0 1
train_jpeg/3531c673ad643e73b007a9e9a0a2aadf 0 0 0 0 0 0
train_jpeg/5806d4429fb183d924976bfd1dfbd4d9 0 0 0 0 0 1
train_jpeg/3d0b606d126dabc5c407491c3ae6f78a 0 0 0 0 0 1
train_jpeg/9c6ef524f6e29ace53a1a9b60f6186e6 0 0 0 0 0 1
train_jpeg/985aa6789515f5ad438d2384ed52cda9 1 0 0 1 1 0
train_jpeg/c99e5789567b5e4ed38074edbc33ac10 0 0 0 0 0 1
train_jpeg/bfe751a05700d19728f9a56d2524a98a 0 0 0 0 0 1
train_jpeg/1c4d23bf90d9e32947d50b5e01ce4d78 0 0 1 1 0 0
train_jpeg/88ddf35371237909c6910163445bff97 0 0 0 0 0 1
train_jpeg/4c0fe0b6802a31da4542dc797e314cd9 0 0 0 0 0 1
train_jpeg/46c8b5f28cbb1efaa2a301ab718265c7 0 0 0 0 0 1
train_jpeg/23ca1279bcbf10d8dc39e769e145a516 0 0 0 0 0 0
train_jpeg/96a75857c0c98d3f8713d10e0f9531ca 0 0 0 0 0 1
train_jpeg/47ae412991a2007b884e35d473f4c0d1 0 0 0 0 0 1
train_jpeg/1cd0875e0a37e347301306ae881b2a24 0 0 0 0 0 1
train_jpeg/1a4f3604083f0bb00c748cd1c19236c2 0 0 0 0 0 0
train_jpeg/fd23b01b59784498154c9ee6b60dab4a 0 0 0 0 0 0
train_jpeg/c2bdc729e1623c6c142d9f4e6ed48418 0 0 0 0 0 0
train_jpeg/b6c61c719bdbdf7ef6ae273d15affe49 0 0 0 0 0 1
train_jpeg/177ce2efbcef5fb1abae2633f89c85a7 0 0 0 0 0 1
train_jpeg/eab57c526a617da691b80234ed8ee9d9 0 0 1 0 0 0
train_jpeg/f1190be5b190b5f8d3b7893ac107ce9c 0 0 0 0 0 1
train_jpeg/38d665e8c7e8cc518e6a640da3bd7147 0 0 0 0 0 1
train_jpeg/85d1b400cd6c4f2fcdb62e6d882a66aa 0 0 0 0 0 1
train_jpeg/4419710c732522b5b8c26c8680e7b9ee 0 0 0 0 0 1
train_jpeg/a1058b4368a7e3d945757f218393baf9 1 0 0 0 0 0
train_jpeg/1049b2ea72618fc2406996e0d869d317 0 0 0 0 0 1
train_jpeg/a5a77ddfdb5fe27206c524134a27ff4f 0 0 0 0 0 1
train_jpeg/fc89fd328df2a724d19d1cb78fb97f3c 0 0 0 0 0 0
train_jpeg/3a377dcc1d8747ccd388578f46c0d405 0 0 0 0 0 0
train_jpeg/89e8492c73bfe6fbc7c7d891ea477f3c 0 0 0 0 0 1
train_jpeg/fad7d9b912b9cd36ea45ba0c4ac51060 0 0 0 0 0 1
train_jpeg/497b6b6d79d765833efdaa2a36076382 0 0 0 0 0 1
train_jpeg/711991c764d453cc308e861a7912555d 0 0 0 0 0 1
train_jpeg/d24f6cd1af8b44256ed82ed8ebab1771 0 0 0 0 0 1
train_jpeg/8e056b6acacd513d1155beaf975c387c 0 0 0 0 0 1
train_jpeg/872604dc857534985da9501c4720cadd 0 0 0 0 0 1
train_jpeg/2047ebfae1b23a9fd4fffaa5411bf566 0 0 0 0 0 1
train_jpeg/0501d62912b9a6ff04eae4ffc56affc2 1 0 0 0 0 0
train_jpeg/de677a79760938f997da578067ede9f7 0 0 0 0 0 1
train_jpeg/230089e37547436f78d31e27470000f8 0 0 0 0 0 1
train_jpeg/76c39b1acee002408cc8956065ea105e 0 0 0 0 0 1
train_jpeg/fd8af9c6f7a66a823f719ec20f2412b0 0 0 0 0 0 1
train_jpeg/0370b082971fe47663fedaf76fa5e492 0 0 0 0 0 1
train_jpeg/fae0a817c65ac6e549e94ac021544c22 0 0 0 0 0 1
train_jpeg/325c062a860bca024758a223755d74a6 0 0 0 0 0 1
train_jpeg/89348dd8566589ca223f29a5da897bdd 0 0 0 0 0 1
train_jpeg/a4787a54239a90d47cc2cd41ccc3def4 0 0 0 0 0 1
train_jpeg/376db5a51206e038e8d19e294b316139 0 0 0 0 0 1
train_jpeg/525b1b6250d8959a4cdbff2c432c91bd 0 0 0 0 0 1
train_jpeg/39b3e751f3256e7b2da318acd07303d3 0 0 0 0 0 1
train_jpeg/0b3f09a003f9cbc1e8c54f230be2ba2d 0 0 0 0 0 0
train_jpeg/340162a33a2a57d13809cb19d818c6d8 0 0 0 0 0 1
train_jpeg/21086ab046da90a4526e5604670a96ce 0 0 0 0 0 0
train_jpeg/5aad1179b1863fb90670f5051e4278cc 0 0 0 0 0 1
train_jpeg/2dd5e1ec060f1389e24a4caffa6d534e 1 0 0 0 0 0
train_jpeg/5495c10794cb7b637d5b4312d076efa5 0 0 0 0 0 1
train_jpeg/2d70630c628ce68b15cdade82d508322 0 0 0 0 0 1
train_jpeg/0e86ebc2195ea6cb9733f1c95a86b012 0 0 0 0 0 1
train_jpeg/2bb880f8593d5682e59341514bafceeb 0 0 0 0 0 1
train_jpeg/2d9ab2ffbe16685705860765de59fb44 0 0 0 0 0 1
train_jpeg/1b420f79b18aeb2c7644d4998d313f37 0 0 0 0 0 0
train_jpeg/c611c82f7f180affd38ac971f3bfdac3 0 0 0 0 0 1
train_jpeg/b84f3ca1815191737e4e635dc93d124a 0 0 0 0 0 1
train_jpeg/9cb2caee92dbc3f4567df483ae880a6a 0 0 0 0 0 1
train_jpeg/8dc560b60321213566bdb9fa221a2749 0 0 0 0 0 1
train_jpeg/8a454755517a41861d07dd898e6572a5 1 0 0 1 0 0
train_jpeg/648f133ac0f1120858a5ec22d9931a7d 0 0 0 0 0 1
train_jpeg/8de556d9cd8d026b8eba03870cc6acba 1 0 0 0 0 0
train_jpeg/a8c660e329167de455edee73f47606d1 0 0 0 0 0 1
train_jpeg/b1d77ef5e81e364764c2f97a3a317be6 0 0 0 0 0 1
train_jpeg/43f22f6c7dbc889c799fb3c49bfecdf6 0 0 0 0 0 1
train_jpeg/7deef26247fdc651a426c666cc5262d8 0 0 0 0 0 1
train_jpeg/349cbc5c5af9165155f2b901fd57c45a 0 0 0 0 0 1
train_jpeg/9dfc32d8ff0e7a5b65dcda7fc2899881 0 0 0 0 0 0
train_jpeg/8ea2e975842aba964064eb3f5525f0aa 0 0 0 0 0 1
train_jpeg/75692666e09ea0a3cbfcc4b36241c7c0 0 0 0 0 0 0
train_jpeg/db04e7d8d4fa53156dd306b7f7a18f51 0 0 0 0 0 1
train_jpeg/a5a2a3b02ccb9c3145d553d269e4b0b8 0 0 0 0 0 0
train_jpeg/50b13defc76ed84a3b775856bfda2dfb 0 0 0 1 0 0
train_jpeg/75de97fbdf15aa3e1927a97ff9479327 0 0 0 1 0 0
train_jpeg/1fc6b580fadfdc6a9d259d2a7f1b1631 0 0 0 0 0 1
train_jpeg/4bf7b94ffe8c0f8de6b5697bbbc8c620 0 0 0 0 0 1
train_jpeg/87582e6226d2bfd8eaeb07ba32def9a9 0 0 0 0 0 1
train_jpeg/a386c477e7330e967b23747cecc77973 0 0 0 0 0 1
train_jpeg/58f1092e67574175f2f17b06b1f66911 0 0 0 0 0 0
train_jpeg/a257e58a06d3267edc82453ae093ac97 1 0 0 0 0 0
train_jpeg/3362408dd6a238f4bc0660e763f37e94 0 0 0 0 1 0
train_jpeg/c1fa57577704ee34b018a1c646a49cd0 0 0 0 0 0 1
train_jpeg/6392ea0d9845c559fa4b8214cc578f18 0 0 0 0 0 1
train_jpeg/85bf2bce1d8ac45002dee50ffa3e014a 0 0 0 0 0 1
train_jpeg/54e9f8deb096dd86e83938332fb366da 0 0 0 0 0 1
train_jpeg/3e6903dff8934276b284f7de62f8449a 0 0 0 0 0 1
train_jpeg/82a4c0bdccef102a1504accb1df36b82 0 0 0 0 0 1
train_jpeg/cc2a06afd95b1114894b3dc2b37f1c5e 0 0 0 0 0 1
train_jpeg/79ef441bfa234970dd72d7f5739fb483 0 0 0 0 0 1
train_jpeg/044c53b3fd48fc029318fbcee70ae0d1 0 0 0 0 1 0
train_jpeg/b31cded9486986079d87d7212f1089a7 0 0 0 0 0 1
train_jpeg/53aff192d260d5ddc4d8c5c244871dd6 0 0 0 0 0 1
train_jpeg/7e2bff94e12195f70cc102b1f25cd331 0 0 0 0 0 1
train_jpeg/2f3bb25eb6ae1a19b982c6ba56f725e2 0 0 0 0 0 0
train_jpeg/841349d6e240934033ee62fb73d8d8d9 0 0 0 0 0 1
train_jpeg/01c9bb647fc30bb3f2bf508bb2e7749c 0 0 0 0 0 1
train_jpeg/014b381459563f39d15b37e327f2766e 0 0 0 0 0 1
train_jpeg/c62cdee56fb21cc3554bdecb019539a2 0 0 0 0 0 1
train_jpeg/14766a5e19611bdec2cbc3d41ef64283 0 0 0 0 0 1
train_jpeg/a302f45dd2d8b7b698c3ce3121cb7cfc 0 0 0 0 0 0
train_jpeg/c14553d5fb7f2b0e80663ea45d7ad55a 0 0 0 0 0 1
train_jpeg/3d0d40df6ca457cffd70889b40439022 0 0 0 0 0 1
train_jpeg/6dc207746578921c58e86d97b78534bd 0 0 0 1 0 0
train_jpeg/5cd4502fe4f079cdfd99362d8f5e1b69 0 0 0 0 0 1
train_jpeg/4bdb4a65644acac57b6e97e158a20186 0 0 0 0 0 1
train_jpeg/1bcf6203521944e6222a000fec9fab38 0 0 0 0 0 1
train_jpeg/e58b1e546bdafafadf8b7b23c80c6430 0 0 0 0 0 1
train_jpeg/0b9dd99214ab1ef052cdfd62fdfe82c4 0 0 0 0 0 1
train_jpeg/af1c3fcfea8167599cbcf8da584aacba 0 0 0 0 0 1
train_jpeg/f9ba5de7801dea90494e679809bcf55a 0 0 0 0 0 1
train_jpeg/d4f176ded79443b0148bdba314d3b102 0 0 0 0 0 1
train_jpeg/be0cc63b7335bd1fb95a2ad432209a14 0 0 0 0 0 0
train_jpeg/88d9194c48b5943eb9349491a3c31830 0 0 0 0 0 1
train_jpeg/458c16f2648bd04054649d10a11b9fdf 0 0 0 0 0 0
train_jpeg/b2c2fe47d60c98c9e3064bb0c569104b 0 0 0 0 0 1
train_jpeg/5dbc58bd87b127636276cef3773b7204 0 0 0 0 0 1
train_jpeg/1c4d37f9cbacdce0f114ed4c3fd94dd5 1 0 0 0 0 0
train_jpeg/bd8c7589043ee4023f4c7df4b4b83249 0 0 0 0 0 1
train_jpeg/3e8719d1ba69b36c24ad3e39a8dd83ed 0 0 0 0 0 0
train_jpeg/ec50f4e31b95d1bd6ea1e3fc42687c1f 0 0 0 0 0 1
train_jpeg/385d82961cbca7cecdfac03c9b028522 0 0 0 0 0 1
train_jpeg/029dfb1193774921840f1d7d72089805 0 0 0 0 0 1
train_jpeg/34c83a38559d01f09ab25ee8ffc79511 0 0 1 0 0 0
train_jpeg/140b60eeeb9546c76310f06e9284990d 0 0 0 0 0 1
train_jpeg/eef863d1c51cdd8c55fc98e585eeb949 0 0 0 0 0 1
train_jpeg/f427a602bd5118f325550a3f00320551 0 0 0 0 0 1
train_jpeg/61966d6f39bef799d5a19a7bc8215ab7 0 0 0 0 0 1
train_jpeg/d14f7d9469a5cdf6a60feea8f190f38d 1 0 0 0 0 0
train_jpeg/874293e652f872c8cfd0db737e797afd 0 0 0 0 0 1
train_jpeg/a88295796bf6bc9cec53f76527a08cc4 0 0 0 0 0 1
train_jpeg/bacf76976dff64f707ced998bda67b43 0 0 0 0 0 1
train_jpeg/be3bbacb9b3c148eae9549bce68bf0db 0 0 0 0 0 0
train_jpeg/c8d7cfd98042f8559f680518a33d34bf 0 0 0 0 0 1
train_jpeg/93412e625969f373cc62e6fd703d49db 0 0 0 0 0 1
train_jpeg/d1a8198c7b0b4c094b6f13216d49d6ee 0 0 0 0 0 1
train_jpeg/bdd8423e5deae0ae5dc7e0547887fafc 1 0 1 0 0 0
train_jpeg/10137d91f76a4457acf44e15fa3ddc71 0 0 0 0 0 1
train_jpeg/d0f5c4ab003b51700ba82fab2eeef905 0 0 0 0 0 0
train_jpeg/a90c8201d35d87aa2d504736e5196414 0 0 0 0 0 1
train_jpeg/88a0b5919b1cdeb9eaf6ba2bb6995430 0 0 0 0 0 1
train_jpeg/2f7b26e9f3534d1c1e18c6859b194489 0 0 0 0 0 1
train_jpeg/2f000bd78273737ac4ddbb618666746a 0 0 0 0 0 1
train_jpeg/21e18889d750d9b7e7be2ecdb429c555 0 0 0 0 0 1
train_jpeg/ce8b46850c858e736ebef9136c271699 0 0 0 0 0 1
train_jpeg/32aba4a2e972fae5f1485d2f40bd4d26 0 0 0 0 0 1
train_jpeg/f61ac5d1e80c2332240594868a6da019 0 0 0 0 0 0
train_jpeg/a84fae30f42f9978cfd9fcaf91544792 0 0 0 0 0 1
train_jpeg/1e78773b772343629858fee07ab051ec 0 0 0 0 0 0
train_jpeg/df62393cfc31ac473af77c85dafa09f4 0 0 0 0 0 1
train_jpeg/64270329938ad97b7309acf2c4cbbda1 0 0 0 0 0 1
train_jpeg/6feeabe1a1221a8a4da9560cc86157ed 0 0 0 0 1 0
train_jpeg/c629819adb86c5d0cfd7d454a64d508a 0 0 0 0 0 0
train_jpeg/6d21340ee5ea1bc8d883716885ae6eeb 0 0 0 0 0 1
train_jpeg/da725779464a7fc47b836ab2b5ad22a5 0 0 0 0 0 1
train_jpeg/1d9c6b2d965a1eb5bacb24df247005df 0 0 0 0 0 1
train_jpeg/7ed01df33497667609ef5a2585b5e36d 0 0 0 1 0 0
train_jpeg/764eeaca1e91f7410e68f3daf40de6ab 0 0 1 0 0 0
train_jpeg/e148695926cc6d6cec7837d90e498ff3 0 0 0 0 0 1
train_jpeg/4ba445edf32750faf59f06cb09f1ed93 0 0 0 0 0 0
train_jpeg/0a4fbc9ade84a7abd1680eb8ba031a9d 0 0 1 0 0 0
train_jpeg/c7ce99e81ceea73f99d919b38d8df460 0 0 1 0 0 0
train_jpeg/ff42ad0b2cf2dcc50bee99e74826f33e 0 0 0 0 0 1
train_jpeg/0f76d35a022a7188cad9a83e283fdc8f 0 0 0 0 0 0
train_jpeg/05ebb3c5e091a8322a50672d478d117e 0 0 0 0 0 1
train_jpeg/8d8ac0cdeb07adc1805e5c986b0034c3 0 0 0 0 0 0
train_jpeg/60ef7a89da46636e62b8351d15bff6c6 0 0 0 0 0 0
train_jpeg/119c830643a83d9d7d6c624e4e34cacd 0 0 0 0 0 1
train_jpeg/770056bc025c16784e467f41cb65858b 0 0 0 0 0 1
train_jpeg/d7b5e0cfb39837916673bed6e5e8071b 0 0 0 0 0 1
train_jpeg/e4be367babe3680af9278fa53a5f6224 0 0 1 0 1 0
train_jpeg/e238991c30a0138640205bd05314f400 0 0 0 0 0 0
train_jpeg/a92879d1bc65ab8fbda2755e55f6462a 0 0 0 0 0 1
train_jpeg/2d13fc4ff7c24e1110fa0c5593e7c3e7 0 0 0 0 0 0
train_jpeg/a1d1cbb23e3efdbbbcfccc03e9624356 0 0 0 0 0 1
train_jpeg/eac6f12e7d804e2b20a2bc1efed48d9a 0 0 0 0 0 1
train_jpeg/59ab79bb1fce73184425a6572169999e 0 0 0 0 0 1
train_jpeg/ee5c789882b4ee2061224b9e39195f55 0 0 0 0 0 1
train_jpeg/5999e9610932a293d57fa921d4a4905c 0 0 0 0 0 0
train_jpeg/5698eedb67eb44f90ac632998e414ed3 0 0 0 0 0 1
train_jpeg/449a3aebe76cd3a80eb7cad327375554 0 0 0 0 0 1
train_jpeg/e31a4af73d8ab3e4cff4d9efd4dc6579 0 0 0 0 0 1
train_jpeg/2e1a90ec09ee43cd8f066dfe887e4e80 0 0 0 0 0 1
train_jpeg/0aebd7e296fbaae90a154e7989cb7e06 0 0 0 0 0 1
train_jpeg/a751b16e4a8cfa7956561dea5bf0cbb3 0 0 0 0 0 1
train_jpeg/900fa6baa0c15f5c96eaed57294ec6d4 0 0 0 0 0 0
train_jpeg/d56fd281ce49dd0ed4dfcf1d72ca78d0 0 0 0 0 0 0
train_jpeg/3aa551a987c904204d7b59d3dd11d680 0 0 0 0 0 1
train_jpeg/4d74dcaf2f76dd250ef660648ef8acc5 0 0 0 0 0 1
train_jpeg/0bb76fb5f7cfb1dd4c3760f7481a1d05 0 0 0 0 0 0
train_jpeg/639a44bdf6f3cfe5d05f96683604e758 0 0 0 0 0 0
train_jpeg/001d127bad87592efe45a5c7678f8b8d 0 0 0 1 0 0
train_jpeg/37443a0363383344165898080f9458a7 0 0 0 0 0 1
train_jpeg/e2f74cb96fb90ec20839f4ff497c007f 0 1 0 0 0 0
train_jpeg/baee2b2532f77cf56a0961369c712346 0 0 0 0 0 1
train_jpeg/1243c42adee814077ef070d6c8492ebe 0 0 0 0 0 1
train_jpeg/b2ef37ed5522134cc9ec28895ed4d932 0 0 0 0 0 0
train_jpeg/e07b71d8648f36747632a87acc3f2e21 0 0 0 0 0 0
train_jpeg/41e5bc861c69b00689a8252212c61385 0 0 0 0 0 1
train_jpeg/696c8f0c827772481b1f896016ce4472 0 0 0 0 0 1
train_jpeg/152e42ed344d3522d48ca940d2458c0c 0 0 0 0 0 1
train_jpeg/5869fc566e6cf8443a772d649887c63e 0 0 0 0 0 1
train_jpeg/75bfa455b272abe5205fa73695322558 0 0 0 0 0 1
train_jpeg/273a53879b3ba9afa3d6d1e3aea0a453 0 0 0 0 0 0
train_jpeg/b950af50962b6b8fafa4ef89fd81550b 0 0 0 0 0 1
train_jpeg/276eab8db40adc114124d1383afeba5c 0 0 0 0 0 0
train_jpeg/75c70312985c506280ee77675cc07a1e 0 0 0 0 0 1
train_jpeg/01c8d075b499b3079616e56503bf9168 0 0 0 0 0 1
train_jpeg/1b5bc1e4045bdae07a04b56cc725ac3e 0 0 0 0 0 1
train_jpeg/70328941c11c28b63f934a2a0591c95b 0 0 0 0 0 1
train_jpeg/0d96a4bffbd85c60c4eec095f4c6d34b 0 0 0 0 0 0
train_jpeg/c7b9587b468a1cba5d0a1bdf7b4db5a9 0 0 0 0 0 1
train_jpeg/5a6ef5147f914367d3aaf6aeca998839 0 0 0 0 0 1
train_jpeg/9b3c46e22c6d7280065ddeaf9230d730 0 0 0 0 0 1
train_jpeg/e732e04b5ca9b45181f1c5fd640b845c 0 0 0 0 0 1
train_jpeg/3df3f28df05bf2d1abaa7ff039c87597 0 0 0 0 0 1
train_jpeg/69ff3c692e683c861e29f83d58e17659 0 0 0 0 0 1
train_jpeg/1c9e6dbfe347fb693c6c9e0cd82113c8 0 0 0 0 0 1
train_jpeg/06fb5119d9b405dc7f26140820025e73 0 0 0 0 0 1
train_jpeg/4cbc9c033fe06b8037718e3a4c52be21 0 0 0 0 0 1
train_jpeg/d8985fce9c13cc806c68bd6b98843a8f 0 0 0 0 0 1
train_jpeg/90af64fe3973c461c3c0d7378fc8413d 0 0 0 0 0 1
train_jpeg/cb6b115f3d9475f82109c6142a0d88e4 0 0 0 0 0 1
train_jpeg/0071fbed56e53f6bfe416b7558b31f98 0 0 0 0 0 1
train_jpeg/93ec2bf65c8ffa29564af48cbe39813c 0 0 0 0 0 1
train_jpeg/f78e1c855e003640a3d79723f16f5f1e 0 0 0 0 0 0
train_jpeg/d625c5cde62b9fe8caed92b9a8971579 0 0 0 0 0 1
train_jpeg/edb67efb2fbf3647dbf9c4daec79da3f 0 0 0 0 0 0
train_jpeg/f986361b73fb2d464ae4c550d8e95529 0 0 0 0 0 1
train_jpeg/a8f1ef14b75d62f292591997909c258c 0 0 0 0 0 0
train_jpeg/f2905bfcd1555bd73c1af30688e5f7e1 0 0 0 0 0 1
train_jpeg/212863572a589065a200069a59d5223c 0 0 0 0 0 1
train_jpeg/3624ae2d9b29823f90e1c0bf833e90cd 0 0 0 0 0 1
train_jpeg/e0544e178ecea2d19d462e0c332e5d5a 0 0 0 0 0 1
train_jpeg/e553a378133c655abbda6a0b64b3077e 0 0 0 1 0 0
train_jpeg/747ce4b7d59d56bee197ddcbcc18f0d5 0 0 0 0 0 1
train_jpeg/592d8b548a45338c899adeb96b355f32 0 0 0 0 0 1
train_jpeg/5303496f0f979e8cc2414a3c1522302e 0 0 0 0 0 1
train_jpeg/2469a8efd790f12eb9304f5c013a966e 0 0 0 0 0 0
train_jpeg/7019341063506a9850df00a5bcf46efa 0 0 0 0 0 0
train_jpeg/c354798201d7802b6d4a9cb2854229e3 0 0 0 0 0 1
train_jpeg/4c08ca0e2bce2f1fc972f5b0b10312c7 0 0 0 0 0 0
train_jpeg/2064c0ca2857f38fe43d1a3e30847a1b 0 0 0 0 0 1
train_jpeg/c45226d7045d432c0eb71d1cf24b46f8 0 0 0 0 0 1
train_jpeg/7882c56e6d4e2ec8b97556d8cfce4cf0 0 0 0 0 0 0
train_jpeg/f53e577cf1a0951d0ec569f7f297dcec 0 0 0 0 0 1
train_jpeg/61b4f4821217a812bb5f63967f241d2a 0 0 0 0 0 1
train_jpeg/528a04e45f2ca14007ffb8e276c83a0d 0 0 0 0 0 1
train_jpeg/9a1a909b3cc2641976339609258c1b04 0 0 0 0 0 0
train_jpeg/276de0cc9affcee266d655c8b89f4fdd 0 0 0 0 0 1
train_jpeg/c11d3ecd50753dd90a46892c3b5d697c 0 0 0 0 0 1
train_jpeg/951f37f1a2b9eeda8687588d6c1395f0 0 0 0 0 0 1
train_jpeg/72ff64b0ef1232b9e57d51a2cadf8173 0 0 0 0 0 1
train_jpeg/fe5d3904b77a0086b1a1b92bc92ac29d 0 0 0 0 0 1
train_jpeg/cc00743f13df1c135d3bb29b98e458b8 0 0 0 0 0 1
train_jpeg/335c54cca869510a063780bc0fba7ede 0 0 0 0 0 0
train_jpeg/46d982e058cc3040b8f5dff7cccd82cb 0 0 0 0 0 1
train_jpeg/389f1d56cf1e148ff92cc8725960377c 0 0 0 0 0 1
train_jpeg/4645e78e996e7180631441f98765fabe 0 0 0 0 0 1
train_jpeg/0a466b4369d04de6d5a339f57f605765 0 0 0 0 0 1
train_jpeg/7f8ca51aa5f8d0d80888d05a6b80475e 0 0 0 0 0 1
train_jpeg/3e40696236bdb6dec60938d7f7d8aa2b 0 0 0 0 0 1
train_jpeg/af218542c3b79c55efc30ad23392695b 0 0 0 0 0 1
train_jpeg/cabc60a2e6877d2726b6bfcb6e4c3678 0 0 0 0 0 1
train_jpeg/a34030ca164b1392e6e40f6787d8333f 0 0 0 0 0 1
train_jpeg/2d914572fd6d5cd4b158067b5a1eda1e 0 0 0 1 0 0
train_jpeg/394138b182cad5c9af7cac9bd1649a24 0 0 1 0 0 0
train_jpeg/7b4726628fcb57846496c2f6a4e1db5f 0 0 0 0 0 1
train_jpeg/d40bd97f8d9ecb4aef25402cee0b4fe7 0 0 0 0 0 1
train_jpeg/9fa1f57835a35ba90dade380288ca769 0 0 0 0 0 1
train_jpeg/f6af2a5e063c579c60c35a75d2f1eaf2 0 0 0 0 0 1
train_jpeg/31f5b46cdcd525cb7851cb8d0c0ca276 0 0 0 0 0 1
train_jpeg/3123f4eaee1eb304261c91bb668b0631 0 0 0 0 0 1
train_jpeg/4776617e574fa45d09e2c46a0e7357d1 0 0 0 0 0 1
train_jpeg/8b1d99768092df4a92ed2e3e2eb962e9 0 0 0 0 0 0
train_jpeg/75f07790506738b26f09b3a4cafda424 0 0 0 0 0 1
train_jpeg/89a42d2cbb43c51f6541b17130f3c03e 0 0 0 0 0 1
train_jpeg/4721648c0f5fa94283a62a33f7caa38a 0 0 0 0 0 1
train_jpeg/27a01bcb032c0dc79e5c21befb84b143 0 0 0 0 0 1
train_jpeg/b39aaa1c011c9244c1040aea5159e100 0 0 0 0 0 1
train_jpeg/80566ec123fa2c9bbb6483c7d9ed9643 0 0 0 0 0 1
train_jpeg/c4d6eecd144d4d9a850aa0640f21777a 0 0 0 0 0 1
train_jpeg/dfb91e05ce090dbd08177c0b4531dae3 0 0 0 0 0 0
train_jpeg/19a9ad6a6e1309893b094c2e405df5b3 0 0 0 0 0 1
train_jpeg/27e113d3d158dbdd548b534c26164e55 0 0 0 0 0 0
train_jpeg/7944aab8e3c02270d273b8b65fad7305 0 0 0 0 0 0
train_jpeg/3624ae2cb0c9dcff4dbf33914dd2ab93 0 0 0 0 0 1
train_jpeg/76890e5a55be1076e0e4367b1a2b35db 0 0 0 0 0 1
train_jpeg/59552a12c5613e106f17771314f64712 0 0 0 0 0 1
train_jpeg/ca23e139746a14d9de312dc7271d84e4 0 0 0 0 1 0
train_jpeg/d9687ac9e261719bc57563116d0b64e4 0 0 0 0 0 1
train_jpeg/37ec1f4e30acc60a1dd892ab9036274a 1 0 1 0 0 0
train_jpeg/36165f2d5e7831f8666339541eb63bf7 0 0 0 0 0 1
train_jpeg/320ec834b1f64d745ebb19de0cfc184d 0 0 0 0 0 0
train_jpeg/60777cca3cc074eab3f5793f9f54a694 0 0 0 0 0 1
train_jpeg/72cff1cc5cbc178dce3b1627f6d3d299 0 0 0 0 0 1
train_jpeg/0b9a96125c03add5610316081f13aa2e 0 0 0 0 0 1
train_jpeg/be42e7727e0a972845ddfb5d7f760eef 0 0 0 0 0 1
train_jpeg/bc7483c563cf172e46390a235cdc63b9 1 0 0 0 0 0
train_jpeg/0c75be7070d22662ecf98dda0ea724b5 0 0 0 0 0 1
train_jpeg/df4a20d12faf0be8952b9bbaf2e532f3 0 0 0 0 0 1
train_jpeg/373135eb64bc78017d32d5a80807100d 0 0 0 0 0 1
train_jpeg/e6d737cf8600e9b07168c04ca7541980 0 0 0 0 0 1
train_jpeg/27bcde2e800c383cfb9c021b0817202c 0 0 0 0 0 1
train_jpeg/9823c13f2412bfef40728c2f08972b03 0 0 0 0 0 0
train_jpeg/6284e06225c1bba8f413896721002e1f 0 0 0 0 0 1
train_jpeg/24b77560428d23bcaf7c06a536fbb287 0 0 0 0 0 0
train_jpeg/0c0e47b7e0ebd10209a81d01e3c889a6 0 0 0 0 0 0
train_jpeg/d33e30f362a5e816c72f2d2e81b810bd 0 0 0 0 0 0
train_jpeg/ec33e08b79cebf4cc4ad56fb494388db 0 0 0 0 0 1
train_jpeg/bddf4fb6f1b93e7401ce177ddfe7ff8e 0 0 0 0 0 1
train_jpeg/67cfebc952a1751733ad336895f0d73c 0 0 0 0 0 0
train_jpeg/409977cb168c09ba2c1eb85aba6d7b06 0 0 0 0 0 1
train_jpeg/53d4fbf11ca8be107a343df37ca9eddc 0 0 0 0 0 0
train_jpeg/57a083a3936273d9308af1bb7c83791b 1 0 0 0 1 0
train_jpeg/16673695e72045bfd9c0c97a80c3f709 0 0 0 0 0 1
train_jpeg/046c58187c0ca245b8b5408ec3575949 0 0 0 0 0 1
train_jpeg/66cd940a7bbf8b37c6abecc0a4004661 0 0 0 1 0 0
train_jpeg/2e4b0a0fb7faf81bc42b46c3247ae8ad 0 0 0 0 0 0
train_jpeg/a33cd2473556d2cdfd77ba3d2fa78349 0 0 0 0 1 0
train_jpeg/a2db24e0035fff4a5e08cf0dabd93a19 0 0 0 0 0 1
train_jpeg/5d915a93afa7a4d47aeb206eefba2465 0 0 0 1 0 0
train_jpeg/df22170b3f5ebed270d0de29adae140a 0 0 0 0 0 1
train_jpeg/8c717fbd10400d0cea8af2a1f59d050b 0 0 0 0 0 0
train_jpeg/04a01c0728db27ddb9d284ca99aac9a2 0 0 0 0 0 1
train_jpeg/8a04adf0c99895fd4a0ca9c67d5aaa53 0 0 0 0 0 1
train_jpeg/0885a49e00250499aa19b3f21be0904a 0 0 0 0 0 1
train_jpeg/aba445ebea68177bc4f3a519ee27daff 0 0 1 0 0 0
train_jpeg/3c3050b54b5ffefafd7d144497cf04d4 0 0 0 0 0 0
train_jpeg/c8ca0da31b2911a5dbfb02c9fb769f74 0 0 0 0 0 1
train_jpeg/1fc0841f014f99bb62074454fe7ebe0a 0 0 0 0 0 1
train_jpeg/efea0c46d7679075d3b7456f7ce0a3df 0 0 0 0 0 1
train_jpeg/6477e048ea0bdb984f8339a0b61ad933 0 0 0 0 0 1
train_jpeg/c1fe966fafa39724332514048cc662a9 0 0 0 0 0 1
train_jpeg/780af107204cb03ec998564505246007 0 0 0 0 0 1
train_jpeg/485d22df0c99d17579ec2b44799ffb50 0 0 0 0 0 0
train_jpeg/237ce92f123e9d628f2e466906201256 0 0 0 0 0 1
train_jpeg/44d27ae011ba5ec163264667b89fdb89 0 0 0 0 0 1
train_jpeg/fd03dd80e6e2940d7527e52670f3c21a 0 0 0 0 0 1
train_jpeg/f5f1591393eb38f422ba01ece830b176 0 0 0 0 0 0
train_jpeg/b12338c2820aaefeefd56814e205cb3c 0 0 0 0 0 1
train_jpeg/91aa108182ceacfb0798d606eb77d417 0 0 0 0 0 1
train_jpeg/6a53a62b736fb59c4e2c35f99778656f 0 0 0 0 0 0
train_jpeg/c5a7e4e8c5e3dcd9bbea22e9ce075334 0 0 0 0 0 1
train_jpeg/780af107204cb03ec998564505246007 0 0 0 0 0 1
train_jpeg/8766c893e8db0ac33f5a57ae6f270bfb 0 0 0 0 0 1
train_jpeg/34cf0e0224b5351949b986a7c0c51524 0 0 0 0 0 1
train_jpeg/d42d27467595a3a181d3b5c1e67746fa 0 0 0 0 0 1
train_jpeg/90dcff38c040287173fa24f87da5270b 0 0 0 0 0 1
train_jpeg/59fbbdafd6047dd3a7abf9af242129a3 0 0 0 0 0 1
train_jpeg/396a2b32af68125392e457567dbe24e6 0 0 0 0 0 1
train_jpeg/813baea3385e698664e12a7bd3d1ff51 0 0 0 0 0 1
train_jpeg/2a59e57437c724c8b7d0e978b3a06d32 0 0 0 0 0 1
train_jpeg/a71df51f1b1e144c1f219b240c875179 0 0 0 0 0 1
train_jpeg/ed9f5c40c389c115089e5a8f15e162b0 0 0 0 1 0 0
train_jpeg/d04f6328a4f309158aabe9818ab3e2eb 0 0 0 0 0 0
train_jpeg/42a8f34246396b5d8da506d4e722f3d4 0 0 0 0 0 1
train_jpeg/56182f27385d9cc8a1c9bc5ae5ad18af 0 0 0 0 0 1
train_jpeg/85c5077db75674eafc432cd315a343b5 0 0 0 0 0 1
train_jpeg/9ca97574cdfcbcd1db8ba2fb76e2dd34 0 0 1 0 0 0
train_jpeg/d1b4553441c406530f7622d50316782f 0 0 0 0 0 1
train_jpeg/833bb05dc01fd8833fcfb6647297ec09 0 0 0 0 0 1
train_jpeg/af15833e946fa12ce1815ffbb05a2f51 0 0 0 0 0 1
train_jpeg/b2f27d2012c01954853edfdf3eb577c6 0 0 0 0 0 1
train_jpeg/50658f30cbb06cb5d25d52175c03997d 0 0 0 0 0 1
train_jpeg/f0b8c0d06a7cccc003f214b216673324 0 0 0 0 0 1
train_jpeg/9378e938afe891b372d0d7a1924c7aa5 0 1 1 0 0 0
train_jpeg/c5a01b193b0a3ee49e5e2c96ee7563bc 0 0 0 0 0 1
train_jpeg/756afb66aecaf0675273016e8991d8d4 0 0 0 0 0 0
train_jpeg/b108458c4649e4bc6c85d773f45728ae 0 0 0 0 0 0
train_jpeg/964cafc7a5ad06e8af2f1ff34ac9f463 0 0 0 0 0 1
train_jpeg/006e2726c6aa72f042a08b1406c39d52 0 0 0 0 0 1
train_jpeg/0428eb1ea4b373245cfc3934cde6d55a 0 0 0 0 0 1
train_jpeg/86e2b226f3234397d9f7f3f2915c803d 0 0 0 0 0 1
train_jpeg/d0aaeb5ff5cce6172bcc58fa56a566b9 0 0 0 0 0 1
train_jpeg/169e94bdbffa80c0c00be2439c5fe2c7 0 0 0 0 0 1
train_jpeg/541e1c8eccc493eca63cb8482f1ad36f 0 0 0 0 0 1
train_jpeg/dea14aee7ebd5d25d36ac440bad3e62d 0 0 0 0 0 1
train_jpeg/f30e73a8f425ebd80f5c55fbe7edc261 0 0 0 0 0 1
train_jpeg/0e8291c45a5ef61d2d9ecfcf3224899d 0 0 0 0 0 0
train_jpeg/d8665f6554ccbbdd0e88543133067412 0 0 0 0 0 1
train_jpeg/b62cf5cdba136db74de102d0c008f83e 0 0 0 0 0 1
train_jpeg/ad7509d83d7cb53bd2f1f0081372af0b 0 0 0 0 0 1
train_jpeg/e7a7039949a6418db2f3845203dde79e 0 0 0 0 0 1
train_jpeg/178fec733e92dffa7bdf5b6a0b0d54b7 0 0 0 0 0 0
train_jpeg/72e97629bdb1cfffb805a0a260a81e71 0 0 0 0 0 1
train_jpeg/4b02649bf322cc8f57be8468b50e85f8 0 0 0 0 0 1
train_jpeg/acc683e2a47d5d1a475ef4f0c1c4fe05 0 0 0 0 0 1
train_jpeg/9dc06dc651df290e2f3cd30ac1513c7e 0 0 0 0 0 1
train_jpeg/12187bffa708115e7e67e893abb2ee6d 0 0 0 0 0 1
train_jpeg/644ce5af82ecc76391728df8cd2bfb3d 0 0 0 0 0 1
train_jpeg/31c4f79a0513c0470deebbfb0a2231e1 0 0 0 0 0 1
train_jpeg/d64ce56d57c57b5cb6ea43a8b274dc13 0 0 0 0 0 1
train_jpeg/ace8679282aed8bfb0586dc2ece0a75b 0 0 0 0 0 1
train_jpeg/8a04adf0c99895fd4a0ca9c67d5aaa53 0 0 0 0 0 1
train_jpeg/8cf951aea8a4cfcf5d65fb16b22c4d4d 0 0 0 0 0 1
train_jpeg/75d5b31a2cb644f55fff250df27d130e 0 0 0 0 0 1
train_jpeg/8965639210be111a2ca52fa441ebc55e 0 0 0 0 0 1
train_jpeg/6239478bf2803a285a55051f24fc1c5d 0 0 0 0 0 1
train_jpeg/0905c0dc82fb8fe621c43f53719a55ca 0 0 0 0 0 0
train_jpeg/e988f84d11f5903f930dd67fa55ce628 0 0 0 1 1 0
train_jpeg/ee6c07d4bebff60ce328cd0e59d39305 1 0 0 0 0 0
train_jpeg/c7b9587b468a1cba5d0a1bdf7b4db5a9 0 0 0 0 0 1
train_jpeg/23b8b9881d7effc2a5aa2b7372f01d7f 0 0 0 0 0 0
train_jpeg/dd0c118ff9da545fd6af880d1bfd0d80 0 0 0 0 0 1
train_jpeg/749839e6c3338d328068bcd3dfefecc9 0 0 0 0 0 1
train_jpeg/7b692197176f29c71158ffc95b3c1e18 0 0 0 0 0 1
train_jpeg/865a0a1a1781b55fa40887566aa9cd67 1 0 0 0 0 0
train_jpeg/b2c002bcee4f53855b238c491956f953 0 0 0 0 0 1
train_jpeg/ba0ee85ac58311c7f1413a3af2f3f7c7 0 0 0 0 0 1
train_jpeg/75f607dc3da03725d98c522e7284a635 0 0 0 0 0 1
train_jpeg/7eee7f91dd12bfb94f3be1162453b90a 0 0 0 0 0 1
train_jpeg/23d1c67775a1f20404642b6086b74cc8 0 0 0 0 0 0
train_jpeg/d4af89b10179e630276e21f2f12f2631 0 0 0 0 0 1
train_jpeg/a958385942b02ab4483188ba5c5a3dad 0 0 0 0 0 1
train_jpeg/0999a23a7982827edaf16f0244d2e2d7 0 0 0 0 0 1
train_jpeg/3253ee812271b2c6a28f3d006d628c9e 0 0 0 0 0 1
train_jpeg/7998e75d4e0f0ada2898d673c8ffecb3 0 0 0 0 0 1
train_jpeg/078b40b11842c2df626d71a60e971f1b 0 0 0 0 0 1
train_jpeg/526af54d112b00a1dbca49ef5c009bc1 0 0 0 0 0 1
train_jpeg/093e0876aa291878d6725561b08addcc 0 0 0 0 0 1
train_jpeg/fcf451b16c4dd6fe2f066ad3d471cbdd 0 0 0 0 0 0
train_jpeg/c732bac2d377365788676148636994f4 0 0 0 0 0 1
train_jpeg/05f202ee95a17a4b1e6dbe1916ffe8bf 0 0 0 0 0 0
train_jpeg/ef41aa7d4bd4f4aa3b83893fba44cb47 0 0 0 0 0 1
train_jpeg/2c61061cab4605143ca51eba6ec952ec 0 0 0 0 0 1
train_jpeg/3e6903dff8934276b284f7de62f8449a 0 0 0 0 0 1
train_jpeg/973b11ed160c27c132551b977e2035a2 0 0 0 0 0 1
train_jpeg/af87d8551f297c7521d71609885c6e15 0 0 0 0 0 1
train_jpeg/e96d18f0d425aaedc12782dc33aec7a4 1 0 0 1 0 0
train_jpeg/734bbd50e6a2265ae0092510852c9c24 1 1 1 0 1 0
train_jpeg/d8b16ea0320a52d536fef0e076eeddd6 0 0 0 0 0 1
train_jpeg/09718eae273ebf9f6cb11ed3134cf1d9 0 0 0 0 0 1
train_jpeg/e7a58f5647d24fc877f9cb3d051792e2 1 0 0 0 1 0
train_jpeg/0aad4ac2ea24742e3f9de3d29fae6d95 0 0 0 0 0 0
train_jpeg/0a3022286196be410476be6b60733b43 0 0 0 0 0 1
train_jpeg/c4aa9f4f97ba03ea7aa610e204119de2 0 0 0 0 0 1
train_jpeg/6977e610df3f5274b2c66ab4e54417c6 0 0 0 0 0 1
train_jpeg/bbf7e1f98708b3e698b20b788bc7aeb4 0 0 0 0 0 1
train_jpeg/eac6f12e7d804e2b20a2bc1efed48d9a 0 0 0 0 0 1
train_jpeg/1e28e5318ff7a316ceda590d6dad2044 0 0 0 0 0 1
train_jpeg/8f90045aebf8ed0960242cf8441c7413 0 0 0 0 0 1
train_jpeg/3d3f2310d40e573250591e1238b92a07 0 0 0 0 0 1
train_jpeg/66fccfbfc9d28fc707abb09ce631a42d 0 0 0 0 0 1
train_jpeg/4599c55610569c803b33273415bbf023 0 0 0 0 0 1
train_jpeg/3cfb18675d613c5c42d55faaf6a75afd 0 0 0 0 0 1
train_jpeg/7f9ef435cb6fb4d05ba6e67dfb479324 0 0 0 0 0 1
train_jpeg/e4cb3ec2dabafa7b640c747d31d55377 0 0 0 0 0 1
train_jpeg/b649709e399f4ee636dec128f3122ffe 0 0 0 0 0 1
train_jpeg/5e8a39bba1e7b9eb27e3b99fdcf8d2a4 0 0 0 0 0 1
train_jpeg/7f8e7583dc56d91be3977f5ff49a1c61 0 0 0 0 0 1
train_jpeg/4318100e0bc2513dc4972f6186555070 0 0 0 0 0 1
train_jpeg/c50bb66530634bfac9d5487a607e8211 1 0 1 0 0 0
train_jpeg/7341eae9f319b13214ef1d1e8a0f4dd1 0 0 0 0 0 1
train_jpeg/a40005597b3bc65839f2b3fc7bb8d054 0 0 0 0 0 1
train_jpeg/53f7a492d7b85d63e84cca2d36d29809 0 0 0 0 0 1
train_jpeg/58fd4c10629953eaa182909d57ad5098 0 0 0 0 0 1
train_jpeg/3510b78c9c3bf89c1a68ffc05354354d 0 0 0 0 0 1
train_jpeg/f5d78a935a1360644d9583fbdef0552e 0 0 0 0 0 0
train_jpeg/6b6f79dad019a4dee92fa35456f75a48 1 0 0 0 1 0
train_jpeg/d73add6550804e3da302f96e50e463af 0 0 0 0 0 1
train_jpeg/65624a2cdd11858b1ebadc900859214d 0 0 0 0 0 0
train_jpeg/8a85b4a8aa474ad0d1537b50da88477c 0 0 0 0 0 1
train_jpeg/9afff561bc73077fdbbcb1dbe817d112 0 0 0 0 0 1
train_jpeg/d0ee1f0d610ba10422616672c0b06b80 0 0 0 0 0 1
train_jpeg/566706c785a16e57c297029ba11efc2c 0 0 0 0 0 0
train_jpeg/0777120fdd60f6a3cf8eaf3b8cf3585a 0 0 0 0 0 0
train_jpeg/a7b803eab4edff55323e868d3238480a 0 0 0 0 0 1
train_jpeg/af0417dbc6afc8bdf3ab0fc5e6891ed6 0 0 0 0 0 1
train_jpeg/c47bf1efb40dc9e8eb8975abcb539ab8 0 0 0 1 0 0
train_jpeg/c4c9fea6b04fa09516a12fa302545bf6 0 0 0 0 0 1
train_jpeg/a2509450b933cc298fbc4f25ed31baba 0 0 0 0 0 0
train_jpeg/c1b56c6b38aa09f0f32f0605deb5a240 0 0 0 0 0 1
train_jpeg/724342ef3bd617856cc0a9c843a1f5ce 0 0 0 0 0 1
train_jpeg/209984855d71b90339d062d156aee959 0 0 0 0 0 1
train_jpeg/c9e5a7d70ab7f51f7183827c277dc3ac 0 0 0 0 0 1
train_jpeg/20ba10679336cfa529043ba50e3474b0 0 0 0 0 0 1
train_jpeg/1dbb725a05c9543e9bd2593ac079f970 0 0 0 0 0 1
train_jpeg/1f532f5aef048a623ba10b5662c6220d 0 0 0 0 0 1
train_jpeg/366026de955921cce6a1020277c36295 0 0 0 0 0 1
train_jpeg/84bf377f6955ebd1fb6f38b7387a186e 0 0 0 0 0 1
train_jpeg/17fc311041dbdb50c502716ca8302a93 0 0 0 0 0 1
train_jpeg/2e05d6cd09b716b210e4bcc13768da4a 0 0 0 0 0 1
train_jpeg/fd8b4cd2cef008b9fff719a170e9b32d 0 0 0 0 0 1
train_jpeg/f78a273e30b5cd8a2d580fa4959c8433 0 0 0 0 0 0
train_jpeg/4aaec6ad1732f8814fc6f37918bac314 0 0 0 0 0 1
train_jpeg/e47967282a430fab54691801b86d65e4 0 0 0 0 0 1
train_jpeg/ae0166b5aa0bd2b27ef90feb99fb86e5 0 0 0 0 0 1
train_jpeg/45de8fa7b7ab9b6369c22cd8577ab25e 0 0 0 0 0 1
train_jpeg/834088205c0b6066ebacac10dc6375d5 0 0 0 1 0 0
train_jpeg/3695e9b858bf3ef80689b571e42fbebe 0 0 0 0 0 1
train_jpeg/77d3620998cc503217bf563868f80fe9 0 0 0 0 0 1
train_jpeg/b3c87c973fa2f929ad454b04cdaa949b 0 0 0 0 0 1
train_jpeg/9943805f08872ab64d994fc84ff1b25d 0 0 0 0 0 0
train_jpeg/f809740607325f2f735035aa7cab5a05 0 0 0 0 0 1
train_jpeg/0cf6af447e4e8502ae9d0370c7edf918 0 0 0 0 0 1
train_jpeg/9181d4eeda0ebc4ef8f7e2ea50ed627c 0 0 0 0 0 0
train_jpeg/152cf16bf60fb9f758109711b872ee37 0 0 0 0 0 1
train_jpeg/da9778a74d1eb6016acd497948eae1d1 0 0 0 0 0 0
train_jpeg/905d6346bebc810030ee08c1baf5af91 0 0 0 0 0 1
train_jpeg/d907f02b0f0a70c1640620759c5c886e 0 0 0 0 0 1
train_jpeg/8f53904e77e3c20fc28a489d9737d973 0 0 0 0 0 1
train_jpeg/ad74c895feae8a322c54bbce08626812 1 0 0 0 0 0
train_jpeg/dd33d776a968a49960feaf128b103983 0 0 0 0 0 1
train_jpeg/4d08dd43be2d1dbf38fab2f5120cc1f8 0 0 0 0 0 1
train_jpeg/d4a67043b09bca469a46c16b763c0391 0 0 0 0 0 0
train_jpeg/63318c2118f609fbddeb52e09fae2cf4 0 0 0 0 0 1
train_jpeg/427f680886a20f68647f639e86ccf770 0 0 0 0 0 1
train_jpeg/84e091e3362ea2e10f11c790f89fc033 0 0 0 0 0 1
train_jpeg/d7c74a341abc7d3ea523821a6a0fe16d 0 0 0 0 0 1
train_jpeg/515fa6a2f756494eb4b19d7248989268 0 0 0 0 0 0
train_jpeg/b39766eebb3128e9d7614eeb12a8572d 0 0 0 0 0 1
train_jpeg/e51f4e56fc5e970b796959961c10ce26 0 0 0 0 0 1
train_jpeg/73c08b6efeac411a439eb28d4c1aa0a1 0 0 0 0 0 1
train_jpeg/fd1bd078f5f30ad02ed984c94077bbdb 0 0 0 0 1 0
train_jpeg/4a4a73ec783c1cdf4bd15d5e2a9b52bb 0 0 0 0 0 1
train_jpeg/26f736f4ae211cb29c19a3e57ba3e7f4 0 0 0 0 0 1
train_jpeg/92b5ba0eccd95a3401e033704f52dbdf 0 0 0 0 0 1
train_jpeg/ed9e3e1e5f13fb447f7363fc1c020cff 0 0 0 0 0 1
train_jpeg/9df823bdb8130ffcea2bee7544a0db94 0 0 0 0 0 0
train_jpeg/85baff8a49bf10cd282817f74dba32f1 0 0 0 0 0 1
train_jpeg/6669f6481deca63ed9c421d5ac012c76 0 0 0 0 1 0
train_jpeg/f62e254cf73362e117599c99791f706f 0 0 0 0 0 0
train_jpeg/d4573dcdd0c4c1ba4db6c952ee2ad41c 0 0 0 0 0 1
train_jpeg/3d538819cef059b1797685d349c18661 0 0 0 0 0 1
train_jpeg/131adb006bb6b9dcc365b3e645f8a47e 0 0 0 0 1 0
train_jpeg/7b49c7eb3eff83290826dc9b4eb8ea2f 0 0 0 0 0 1
train_jpeg/3b98cc0cea5e99fc3156af93f1129145 0 0 0 0 0 0
train_jpeg/ad76a8c1b7087d5161e5d65094b9c718 0 0 0 0 0 1
train_jpeg/47110277377a779131d0e08d4389a503 0 0 0 0 0 0
train_jpeg/1bb1a91b8f1b1904e54df4a344caf85e 0 0 0 0 0 1
train_jpeg/e65784ed3ae371e991d3362ab0eb8a35 0 0 0 0 0 0
train_jpeg/d461101a96937c7b9f6d97314b66ac7b 0 0 0 0 0 1
train_jpeg/b3c2272bc118aea4ddac51463090d75e 0 0 0 0 0 1
train_jpeg/d876531e63395c48eb797e61c98fdc76 0 0 0 0 0 1
train_jpeg/87b100f01516cfb6df61ef263ac818d1 0 0 0 0 0 1
train_jpeg/e8d40665b176bbee70d4db91b4b04838 0 0 0 0 0 1
train_jpeg/88fc7d51600e39fc2183addc13439c39 0 0 0 0 0 1
train_jpeg/77a86229631c04f92af02336b28db006 1 0 0 0 1 0
train_jpeg/ac6f3e00be540393756dd8f31050a9ae 0 0 0 0 0 1
train_jpeg/9342071474f8ca79c7d33b2e00bad6d0 0 0 0 0 0 1
train_jpeg/4da6d92e1eeeed4658aaa52ce11fe8f4 1 0 0 0 1 0
train_jpeg/0d3b1464574b7db3d664dc0aa0b66549 0 0 0 0 1 0
train_jpeg/a3f5ac68c8d1b1805be21f18c47fc186 0 0 0 1 0 0
train_jpeg/84e9db691be943466b0c2087c840a129 0 0 0 0 0 1
train_jpeg/a856ceb08a968a90562df73417bdc1d8 0 0 0 0 0 0
train_jpeg/4849b3d33dee7a3644c2e5d8b69ebf47 0 0 0 0 0 0
train_jpeg/305e4add9c72c91e9984305bf4e85aee 0 0 0 0 1 0
train_jpeg/56dd85ec693c65d811902a9054610f8b 0 0 1 1 0 0
train_jpeg/49d5b90070caab91081e5e3b26b1a0f5 1 0 0 0 0 0
train_jpeg/1038d42bccd9b51c786f23fa24aec9e0 0 0 0 0 0 1
train_jpeg/1a690f48bc8212140e1318412c558a6a 0 0 0 0 0 1
