train_jpeg/4142e0645234ffd87a9fa0b8aaa6bbb5 0 1 0 0 0 0
train_jpeg/76f31fc612e65b8eb12f222dc655e254 0 0 0 0 0 1
train_jpeg/efffa6250327e060be9e821859843dff 0 0 0 0 0 1
train_jpeg/a1796a20b25a191f6ede84984eab7097 0 0 0 0 0 1
train_jpeg/40c5bb0fb2daacf73f49b8cdfc278a27 0 0 0 0 0 1
train_jpeg/15a0f6bc04df6fafdc50b7637fbde815 0 0 0 0 0 1
train_jpeg/6037626f8f22c760de042de41d1e8020 0 0 0 0 0 1
train_jpeg/5e679b95d1ce29e2bb0938b6b305a265 0 0 0 0 0 0
train_jpeg/9b27b45920317438ac2f866166a3e9f2 0 0 0 0 0 1
train_jpeg/306d35d649f4fe90bec5b21eb3d8c42f 0 0 0 0 0 0
train_jpeg/33db2b371f7527ae2cd349abe5a7c062 0 0 0 0 0 0
train_jpeg/031f23b4a8658fe9b4fc18007cc95851 0 0 0 0 0 1
train_jpeg/e92bd7118f3a35ab5a2f1a905b8d4d9b 0 0 0 0 0 1
train_jpeg/adac80611898114bb1cd5cb47d80ffb4 0 0 0 0 0 1
train_jpeg/910e6bb0acb1c0b9156b4b7ae0dc752c 0 0 0 0 0 1
train_jpeg/158038e087e9cded6fd693f21c814608 0 0 0 0 0 1
train_jpeg/360f5ab03e18a007bd96f0cd66d55ce4 0 0 0 0 0 1
train_jpeg/83b4d1f7278c7fa5db6248a51e6e6880 0 0 0 0 0 1
train_jpeg/b95286549f34d421ef45672a044a8090 0 0 0 0 0 1
train_jpeg/7680bbcc548a3cba98bec277e163523f 0 0 0 0 0 1
train_jpeg/ac2a615b3861212f9a2ada6acd077fd9 0 0 0 0 0 0
train_jpeg/5937d0be76fb99f55a94c2199845eb09 0 0 0 0 0 1
train_jpeg/0d266f5353352d86d3c092da96dc67f5 0 0 0 0 1 0
train_jpeg/0d35328406239f0b97cd410036d8046f 0 0 0 0 0 1
train_jpeg/872f88171d441e9c419a5ee96560ae50 0 0 0 0 0 1
train_jpeg/11669fd60f163f0c6faf201a05d0c72a 0 0 0 0 0 1
train_jpeg/51c9555c13a2ce6554d4592c95b80a39 0 0 0 0 0 1
train_jpeg/22141f53eba2088f460be5d3f323121b 0 0 0 0 0 1
train_jpeg/9eda421bef2cf66e06dd8ae2d155ac2a 0 0 0 0 0 1
train_jpeg/d65dd042db4be270a94d7486a4f33ddf 0 0 0 0 0 1
train_jpeg/56e12dd250d23cb2199f1f90eb5a337f 1 0 0 1 0 0
train_jpeg/7216517a6e4daf3bd95b7b065dac16dd 0 0 0 0 0 0
train_jpeg/004dc2a50591fb5f1aaf012bffa95fd9 0 0 0 0 0 1
train_jpeg/9757c977ba527a1ad244512136a52825 0 0 0 0 0 1
train_jpeg/6085cce5790edb408d38ec35ae6a2959 0 0 0 0 0 1
train_jpeg/b39a285d468234c4934c6d5489727fa2 0 0 0 0 0 1
train_jpeg/cbd2f5efa80b32f45ca5a95124e5b2c0 0 0 0 0 0 1
train_jpeg/5252046bf8431ea9065c9f4e82d8cef9 0 0 0 0 0 1
train_jpeg/015bf89fc34cde9fafe7c79366fecee7 0 0 0 0 0 1
train_jpeg/06fb5119d9b405dc7f26140820025e73 0 0 0 0 0 1
train_jpeg/c95359f0c33d3992b83edd0880e531f3 0 0 0 0 0 1
train_jpeg/32459f62247d44d5da83192aa03400e4 0 0 0 0 0 0
train_jpeg/be68ec0ff4c6093fc3ffba8dd83b033d 0 0 0 0 0 1
train_jpeg/ca894c6c888a3d7490387a79557c5120 0 0 0 0 0 1
train_jpeg/a592ab7261f7319a4815f58e5cb9c472 0 0 0 0 0 1
train_jpeg/76218624c7da972d76e09fa47edca768 0 0 0 0 0 1
train_jpeg/fca6ec628aaba74b867c27fec104fd3a 0 0 0 0 0 1
train_jpeg/63f9a83dda6ed196317c68a725988a24 0 0 0 0 0 1
train_jpeg/3e6e72072389875f30042b041fc837de 0 0 0 0 0 1
train_jpeg/0b6c10e0cd5868289d11c20da87410b8 0 0 0 0 0 1
train_jpeg/f1a700126451c58e895df07f90c8b1ee 0 0 0 0 0 0
train_jpeg/ca34a257cdf676ad462893fe3325e22f 0 0 0 0 0 1
train_jpeg/f24f5cb1232f59b8688e655a48127b43 0 0 0 0 1 0
train_jpeg/ed427a3b0eb541083e0d2d6c2ae2ac31 0 0 0 0 0 0
train_jpeg/8e056b6acacd513d1155beaf975c387c 0 0 0 0 0 1
train_jpeg/50454d9d187709b92281d016553b2a75 0 0 0 0 0 1
train_jpeg/97bdb0096786b6ac9b5f0901cf144084 0 0 0 0 0 0
train_jpeg/d2e2ee47077011f2329f3dd5df7c795f 0 0 0 0 0 1
train_jpeg/dff0b05ec36121a537d59148ac0443ca 0 0 0 0 0 0
train_jpeg/d16f5fd6c9f2c17efe75b084d527c2a5 0 0 0 0 0 0
train_jpeg/11dbd33fc77075c94a202362ed8e197e 0 0 0 0 1 0
train_jpeg/644b2b3c6b3e706926b92840144ab869 0 0 0 0 0 1
train_jpeg/3ffb156c2d5e299fb0b69c542862f832 0 0 0 0 0 0
train_jpeg/4ecccb854e4e2d710c4859b402ab4880 0 0 0 0 0 1
train_jpeg/df5dd80aab0aa6e0a6d8ea17860855fb 0 0 0 0 0 1
train_jpeg/2495e10bf142081ccd4c3118c241b98a 0 0 0 0 0 1
train_jpeg/c723c6ffb2f746dff02c9538c6c593f4 1 0 1 0 0 0
train_jpeg/4654d647c5fbf15bcb773a250d085d3d 0 0 0 0 0 1
train_jpeg/2461ca359068b06237e93aae140a25f3 0 1 1 1 0 0
train_jpeg/4c36c53b6c25b8d65baff1aefb8de7f2 0 0 0 0 0 1
train_jpeg/29bc6bb7d887f4f00a21c7b3db862a07 0 0 0 0 0 1
train_jpeg/a6be2e43de24f6b2d0b1f908f181cbe5 0 0 0 1 0 0
train_jpeg/863827ae84bd3b17640ce459b0022d15 0 0 0 0 0 1
train_jpeg/ddfe291fa3e2d21ce8681a2e9e4b300a 0 0 0 0 0 0
train_jpeg/be965185f4128002ad591b91c41e0211 0 0 0 0 1 0
train_jpeg/d47efdd2527ed1646f31bec6dcbbcdc1 1 0 0 0 0 0
train_jpeg/a398135fec0dd0d8239d5b6d8d24454b 0 0 0 0 0 0
train_jpeg/88e33acc19c4296385bb217cf333d8ce 0 0 0 0 0 0
train_jpeg/68a3cfb287da47ccfeb4441a7b715979 0 0 0 0 0 1
train_jpeg/01de1bb192f4e192190408af5cb14c68 0 0 0 0 0 1
train_jpeg/ba039c491afed09da2133bd93292f5e8 0 0 0 0 0 1
train_jpeg/ce371ba7a1fb344e711357b2a55c8754 0 0 1 0 1 0
train_jpeg/915a9e93eb85584d74397f15f7a45755 0 0 0 0 0 1
train_jpeg/e0f2fa46c093b9e83772d44f4d949986 0 0 0 0 0 1
train_jpeg/c7818846caabb4c8a3f18f0b15dc4ea9 0 0 0 0 0 1
train_jpeg/f91f424e517f2801d18fdac0c06545fd 0 0 0 0 0 1
train_jpeg/e707f143c902ef21f41f4d1377785673 0 0 0 0 0 1
train_jpeg/bc2be005526db7ab9d5ec6741ddee945 0 0 0 0 1 0
train_jpeg/3b0adb12d741b889f22974d7b1c1b797 0 0 0 0 0 1
train_jpeg/be0f83e72885a4e4baab1892305ca060 0 0 0 0 0 1
train_jpeg/137bd68875a086c43c2f2693e423ba19 0 0 0 0 0 1
train_jpeg/d04d4c8e2d4a4338994e37f3eec158ca 1 0 0 0 1 0
train_jpeg/acd377b981077dfd46028b37d3efb502 0 0 0 1 1 0
train_jpeg/b41fd5f3e08360e72cc4d73a83a1b610 0 0 0 0 0 0
train_jpeg/2e1a90ec09ee43cd8f066dfe887e4e80 0 0 0 0 0 1
train_jpeg/6cbdc71410309c03dd894fa3470f7b8d 0 0 0 0 0 0
train_jpeg/5325bdc682cf5b460a489405dc2369f0 0 0 0 0 0 0
train_jpeg/fd709b976ae14089b17bea48208573d8 0 0 0 0 1 0
train_jpeg/fde0dc4919750b5bbc571fe138bf36f6 0 0 0 0 0 1
train_jpeg/7f5c4dbb6749c3f053e0b7c3bf326891 0 0 0 0 0 1
train_jpeg/ac9d59d07dbe13164b9965b59eb7bcb0 0 0 0 0 0 1
train_jpeg/cde6b59dc5447237fd9f9b264567a653 0 0 0 0 1 0
train_jpeg/9accdad5369d3b030a1f380f4ebdd6b9 0 0 0 0 0 1
train_jpeg/68a836d705676b4b9f22c54ef2d700ec 0 0 0 0 0 1
train_jpeg/98f00bae3d65ebcebd046c12e5b27f7c 1 0 0 0 0 0
train_jpeg/a077f8b8a0f82348128918516eacff8a 0 0 0 0 0 0
train_jpeg/2d2ed136d5f942317aa539fcc455e42b 0 0 0 0 0 1
train_jpeg/b99a097e12daedcc1d269899c813db0c 1 0 0 0 1 0
train_jpeg/628ab07625d7ac80f9c909b4380e75b3 0 0 0 0 0 0
train_jpeg/970dcfd176e4fdaaf9bcb511a82e3b70 0 0 0 1 0 0
train_jpeg/8bf59d2126095730fe534504609bcc9d 0 0 0 0 0 0
train_jpeg/fe84b42ec9a773a7b37d50fdc5249ebc 0 0 0 0 0 1
train_jpeg/5b737f3ebfbfb5c4b517fd0efdb63ae0 0 0 0 0 0 1
train_jpeg/fa9cd1a78a6d2d8d6e918a8c4125faf4 0 0 0 0 0 0
train_jpeg/ab6ed4b7e99b6cf19c7979cf1cbe3944 0 0 0 0 0 1
train_jpeg/3e1a02b6f7ce6c76c7b778f0fcf61140 0 0 0 0 0 1
train_jpeg/a567f9e053e55522545a133a59ee59e9 0 0 0 0 0 1
train_jpeg/2c72d8a4d628b8219c45cd6ae145b8ca 0 0 0 0 0 1
train_jpeg/50ef49ff922da321c54cff028a8ec837 0 0 0 0 0 1
train_jpeg/369bf7d495f4a800910764a6f9a9a071 0 0 1 1 0 0
train_jpeg/e775f6fe473aff98cc9069780a78a906 0 0 0 0 0 1
train_jpeg/103fb193578933a2d53ae31ff0fc3319 0 0 0 0 0 0
train_jpeg/97d4fd52cbbd22a1c481a29958375731 0 0 0 0 0 1
train_jpeg/87338831ec1c16676d1fae3f33346fb4 0 0 0 0 0 1
train_jpeg/e00865c737626ba91f966e0c05fa6a5e 0 0 0 0 0 1
train_jpeg/8bbafb60613e55d5fd4f9ee2fccbf7a1 0 0 0 0 0 1
train_jpeg/a08bfa3b5a3a7486a5b226df103847d6 0 0 0 0 0 1
train_jpeg/d786442ae2ad8b9bec49fece2659d564 0 0 0 0 0 0
train_jpeg/e254b92ab7c0d3f3d332ac04e063c571 0 0 0 0 0 1
train_jpeg/38b7b8d461d181eacea2aa075dd6e64e 0 0 0 0 0 1
train_jpeg/d79e29f792f1225d45994d75d624f8d1 0 0 0 0 0 0
train_jpeg/6841a2a1958e9d99a4ec620de11bcea2 0 0 0 0 0 1
train_jpeg/53547034fe6b3a3740651e80a31a70f1 0 0 0 0 0 1
train_jpeg/d10c5ea4f82c32708ac41f11ace41dcb 0 0 0 0 0 1
train_jpeg/6cb240d269bf2e5f8acc33733a81c16b 0 0 0 0 0 1
train_jpeg/1722c7262a821be25de56e351d641993 0 0 0 0 1 0
train_jpeg/54aad5d5d1589175489c59e1d2993a53 0 0 0 0 0 1
train_jpeg/ff60d1425ffd67d12aa61e3eb3b45040 1 0 1 0 1 0
train_jpeg/10137d91f76a4457acf44e15fa3ddc71 0 0 0 0 0 1
train_jpeg/165784158c1e04bccdad5e3941cd03d6 0 0 0 0 0 1
train_jpeg/bef844d1170fb7200d1ae296c150c0fb 0 0 0 0 0 1
train_jpeg/d6d578dc1f8f07b421ddac66113c0ab4 0 0 0 0 0 1
train_jpeg/e7818a86758495de750484d160db1451 0 0 0 0 0 1
train_jpeg/444bd40454c432150f88db1c137c588e 0 0 0 0 0 1
train_jpeg/2ceaa4c6e93b4496df1831cccc3e433a 0 0 0 0 0 0
train_jpeg/d059a758010e50fc0b9d511c45bc9836 0 0 0 0 0 1
train_jpeg/965a988dca32e8d9295b8307c997121d 0 0 0 0 0 1
train_jpeg/c5aa9d492605510ce5fc2403df57cd6a 0 0 0 0 0 0
train_jpeg/c9c761e1d3bf899273a06ca2e24610ef 0 0 0 0 1 0
train_jpeg/3951bee26f75813c40d3b5dc4fd661d6 0 0 0 0 0 1
train_jpeg/8e8f6687544bfcd254e60e5e28b260d6 0 0 0 0 0 0
train_jpeg/d28f1f4fdbb37d98f802678fc174ff21 0 0 0 0 0 1
train_jpeg/211df242014f50bb0340e68a5e6355e8 0 0 0 0 0 1
train_jpeg/b9b2a7a46b88db57379c59db58cc2228 0 0 0 0 0 0
train_jpeg/bc89dfd66b1662e2aaf94bc7e1e7f630 0 0 0 0 1 0
train_jpeg/1394611583c5d8795faf68d0175f7cdb 0 0 0 0 0 1
train_jpeg/82098f027f4ca53025ea8d9355405071 0 0 0 0 0 1
train_jpeg/1da48524f9e1dc707b4f1652caa756d0 0 0 0 0 0 1
train_jpeg/09125244cb0f0db65b66ce7f33fa02c8 0 0 0 0 0 1
train_jpeg/2b54a107cfa7753b2f625a4fd122df3a 0 0 0 0 0 1
train_jpeg/38e987ce7d99adc13adeebb0ca3e3182 0 0 0 0 0 0
train_jpeg/beb357c406c659f5dbb222f148b382f7 0 0 0 0 0 1
train_jpeg/4345be313f4d62bb6b2a56feefe891e7 0 0 0 0 0 1
train_jpeg/52a4ee5944586edccdb0e1f25b7a9ef8 0 1 0 0 0 0
train_jpeg/6b6f79dad019a4dee92fa35456f75a48 1 0 1 0 0 0
train_jpeg/a51a0cb0da15ea00fd9d1c711b7eb0d6 0 0 0 0 0 1
train_jpeg/ddff143851d1399b550480a41b4c6fe2 0 0 0 1 0 0
train_jpeg/3085ed0a12c197811897a37ca8702d89 0 0 0 0 0 1
train_jpeg/3695e9b858bf3ef80689b571e42fbebe 0 0 0 0 0 1
train_jpeg/e613a63ea3e1262cd599a32571d11c2e 0 0 0 0 0 0
train_jpeg/a27b4781f4fe3b83ffa487caec5a4d16 0 0 0 0 0 1
train_jpeg/4726c4907566b5876c5c1fc7c5e876f1 1 0 0 0 0 0
train_jpeg/4b074c4182d4d43ff94d2378aad17a7e 0 0 0 0 0 1
train_jpeg/472f3026622ada341776f965a62e17a0 0 0 0 0 0 1
train_jpeg/b63da32227179e33a483375d8ac52031 0 0 0 0 0 1
train_jpeg/e92bbeb7b1adea54c20f40f3ad2a8037 0 0 0 0 0 1
train_jpeg/e704c615ae82f6b2d7cd8f6b218b6fed 0 0 0 0 0 1
train_jpeg/baed9de3a99725b845a6249519224adb 0 0 0 0 0 1
train_jpeg/e04c58b55093d601257c9017dbba66e0 0 0 0 0 0 0
train_jpeg/bf67bbd3530ec0e16297cd078c7043d5 0 0 0 0 0 1
train_jpeg/04e78baf5f049a01b6b4f9a14f0b7c78 0 0 0 0 0 1
train_jpeg/904c10ed0347e0a4636ff9d752fad6cd 0 0 0 0 0 0
train_jpeg/138502b56b9623e8e76276ba67d7e98c 0 0 0 0 0 1
train_jpeg/41e5bc861c69b00689a8252212c61385 0 0 0 0 0 1
train_jpeg/8387908e191592ccf24bf9ef2c66c01e 0 0 0 0 0 1
train_jpeg/11e5836536df98d46a3e51c7aba02115 0 0 0 0 0 1
train_jpeg/56a510efae9f88727958a953dee94ef1 0 0 0 0 0 1
train_jpeg/e3d7652996e4df2db412c9a5f5635911 0 0 0 0 0 1
train_jpeg/ea0ab2737896670ca5d52dd4b10285ab 0 1 1 0 0 0
train_jpeg/057fb23418bbab7f82689ab76a54cbac 0 0 0 0 0 1
train_jpeg/5e6f63376103299f2251a23a696459cd 0 0 0 0 0 1
train_jpeg/14c4435ad1dd7514a114db60e978f9db 0 0 0 0 0 1
train_jpeg/1485678dd9f53068a797ec094735828b 0 0 0 0 0 1
train_jpeg/e93bd0d901e4aca5e71c05f0927e0c24 0 0 0 0 0 1
train_jpeg/a438c8d6ab8ed7c43fe2e39d72f8387c 0 0 0 0 0 1
train_jpeg/f344e6e15a4f63685f522336942dc735 0 0 0 0 0 1
train_jpeg/969f92dade803e5bd9896ef191754f3a 0 0 0 0 0 1
train_jpeg/d6ae6b5679baa03a2aff209b1a1e68d8 0 0 0 0 0 1
train_jpeg/272afe1d2fb115b3486368e7ea07f98e 0 0 0 0 0 1
train_jpeg/4025c27b4f2c32d297a538200a220e13 0 0 0 0 0 1
train_jpeg/a17d16f7dab3766d399874f36dbca552 0 0 0 0 0 1
train_jpeg/f352d2c0a0995fdcd5b3cf903550a5e9 0 0 0 0 0 1
train_jpeg/36172f7de00633f73845c217d3420091 0 0 0 0 0 1
train_jpeg/6097e21640f344e315fe9d99d2cbe307 0 0 0 0 0 1
train_jpeg/4fa30afdf5d4bbfcfd9071e2a56e7a4b 0 0 0 0 1 0
train_jpeg/df5aa1123fb533c8865b8eaf0bb9c5c8 0 0 0 0 0 1
train_jpeg/8a8dfb35de1667ab00b27caf1d4b61df 0 0 0 0 0 1
train_jpeg/6a69a393d7beccc1043d5ee8cf0517d4 1 0 0 0 0 0
train_jpeg/82f987e8c28fe9a0d65491604e0d2a21 0 0 0 0 0 1
train_jpeg/f18c89973850bc27910dcdbc30c68fe6 0 0 0 0 0 1
train_jpeg/2f4573aa154b6ee5f4ba4dc90626f5ec 0 0 1 1 0 0
train_jpeg/424ad76d9a27d9430ced5f6f6f81bfbc 0 0 0 0 0 1
train_jpeg/2d9460539592c4e6b6eb126d15ca63a3 0 0 0 0 0 1
train_jpeg/76b94abea3d34cdea83ca5011ccab53a 0 0 0 0 0 0
train_jpeg/641b241f919b3e8a2c5c94604fac0c51 0 0 0 0 0 1
train_jpeg/c813e85dd9f9e07aca07f8d7267e6898 0 0 0 0 0 1
train_jpeg/315749c6f7397c42913f97db8388f4c2 0 0 0 0 0 0
train_jpeg/2e9af508d4449491681118a3cc3f2f87 0 0 0 0 0 1
train_jpeg/cc398f956e6eb52101027360302a66f8 0 0 0 0 0 1
train_jpeg/47ef2a8348be7693bf8c85b4d8b0e7bc 0 0 0 0 0 1
train_jpeg/a2db24e0035fff4a5e08cf0dabd93a19 0 0 0 0 0 1
train_jpeg/bd152be0a921cfee79bffbdbf53e84d6 0 0 0 0 0 0
train_jpeg/b950af50962b6b8fafa4ef89fd81550b 0 0 0 0 0 1
train_jpeg/1ab9f45bb3e61f3125758d02fb1a845a 0 0 0 0 0 1
train_jpeg/0be2bdac4e84982ad1b24830d2cce470 0 0 0 0 0 0
train_jpeg/23f1167e98727ee4b2f098240209b7d6 0 0 0 0 0 1
train_jpeg/b1f71b5ef16dce633e4033237b761cdf 0 0 0 0 0 1
train_jpeg/ba8a7c29746f9d773028e6a500439a2f 0 0 0 0 0 1
train_jpeg/3c4863368b0bf5c811a52e24fa2cd2d8 0 0 0 0 0 0
train_jpeg/0bf07e1bacd4a1c2c9b62960445fc0c6 0 0 0 0 0 1
train_jpeg/52ed2f5f58b7b0547c37a78e735b4e4f 0 0 0 0 0 1
train_jpeg/4cfc490f49c25569f4f2590ad88ae115 0 0 0 0 0 1
train_jpeg/a83a592882c4d218a715673ee31cc5fb 0 0 0 0 0 0
train_jpeg/828f0b1c0bdfa274f59abdb3291ad911 0 0 0 0 0 1
train_jpeg/aff3ad83a6b6a86cb6ff098d920b2da9 0 0 0 0 0 1
train_jpeg/7a292f45c54655d0fa19dba160b07c4b 0 0 0 0 0 1
train_jpeg/261af362ed1f38f6e17801d41b079ae7 0 0 0 0 0 1
train_jpeg/931e92a65f8ec5eb009c0afa0f52e0c1 0 0 0 0 0 1
train_jpeg/9b9c8cc2a7eb9c66f77432e677f7fdb5 0 0 0 0 0 0
train_jpeg/559fdfb3b9db3eb206b9521824f716e3 0 0 0 0 0 1
train_jpeg/ae29d483e1fa3a3e2bb56a8c517609b1 0 0 0 0 0 1
train_jpeg/201fe56b23f0d58ff4991763af834267 0 0 0 0 0 1
train_jpeg/7eb40f6abadc14f9b9f195c674cc2fd7 0 0 0 0 0 0
train_jpeg/52448f4ee36620bad15bf4c097c6f17e 0 0 0 0 0 0
train_jpeg/aee0d37d1129e6666c5e6158c400d5a7 0 0 0 0 0 1
train_jpeg/886159a41e7589ba0d0713980591e27d 0 0 0 0 0 0
train_jpeg/d1713f5cf5838c1592e5f712b5d4928e 0 0 1 0 1 0
train_jpeg/9aca89cb31a6b994bb3152388e177a3f 0 0 0 0 0 1
train_jpeg/4ba1d94812bf9828f4bb2c37e9faca4a 0 0 0 0 0 1
train_jpeg/bb3616e0e07167fe64e8f90a3886a8a3 0 0 0 0 0 1
train_jpeg/d56ea61e0f01104d8e27e9372141ecd8 0 0 0 0 0 1
train_jpeg/9e4b2f92ffd41f2da0d3b45d48dc3e16 0 0 0 0 0 1
train_jpeg/413010bcfa8857cbd34a99f115926686 0 0 0 0 0 0
train_jpeg/e98a76eaefca34840133986ed53cd210 0 0 0 0 0 1
train_jpeg/25673b843469af61ad711cdd1d920a8b 0 0 0 0 0 0
train_jpeg/6a490ce94b409d71940fb3b8907f7009 0 0 0 0 0 1
train_jpeg/715278d742ca1d668e20ffab02e7fe36 0 0 0 1 0 0
train_jpeg/5471e14817cfcb537075c9707d8100d3 0 0 0 0 0 1
train_jpeg/e2441e5b3cbecdd27c65aea20353cc1d 0 0 0 0 0 0
train_jpeg/cdec18e6b510cd8bce4f881275e0878f 0 0 0 0 0 1
train_jpeg/24f427a6a95cd0db024269c897508ed5 0 0 0 0 0 1
train_jpeg/34b63ee871b59cc84249bc3c3ec8a4bf 0 0 0 1 0 0
train_jpeg/c7fdae9d85d89e828fcdebcff31b2bc6 0 0 0 0 0 1
train_jpeg/f8e09e1878afbde523ffbccbf3f7eded 0 0 0 0 0 1
train_jpeg/da668869900c862ce12bd06fde5feb8d 0 0 0 1 1 0
train_jpeg/b032ac7819acaa4f77832aea268c800a 0 0 0 0 0 1
train_jpeg/e3ceb9b83afd35a505e319807e42338d 0 0 0 0 0 1
train_jpeg/51a476e1c278cc4a59f103432c929b79 0 0 0 0 0 1
train_jpeg/5ac979705194fc05735e532dae71f3b3 0 0 0 0 0 1
train_jpeg/7a5ed0a74ecc27101ba9cb64066cf452 0 0 0 0 0 0
train_jpeg/ff00fd8abeb1fb6646fc3943f802cb8d 0 0 0 0 0 0
train_jpeg/7bca9e4aa6b3a8786fcb6443bd5d7d0e 0 0 0 0 0 1
train_jpeg/08ca5715d79a32bb574d28b34c0ed052 0 0 0 0 0 1
train_jpeg/9ba0cb91053c58194976504994cd1a6c 0 0 0 0 0 1
train_jpeg/945b35c1ec9bc26e688c5c1e6250a796 0 0 0 0 0 1
train_jpeg/a8ca5feabfe90a8e8e0362edce19cab6 0 0 0 0 0 1
train_jpeg/f5beade7c5512c1fc557930bbaac7cff 0 0 0 0 0 1
train_jpeg/ad2367bde2706f692c2e1a1d12c492b9 0 0 0 0 0 1
train_jpeg/04031e57794b9e8861e3c65e935f11d2 0 1 0 0 0 0
train_jpeg/5da459bb842baf8b844d998f5b6c996c 0 0 0 0 0 0
train_jpeg/223460cf2baad672dfdeab0e5df45320 0 0 0 0 0 1
train_jpeg/29ef577fc5d98ec967f9ebc3ac3257a3 0 0 0 0 0 1
train_jpeg/5d262e61cd37483a1110e0adfb1b0aa2 0 0 0 0 0 1
train_jpeg/a91d9ed2e9fbcafe227935cb5509a801 0 0 0 0 0 1
train_jpeg/109905458873872aa344241bfbd1a86d 0 0 0 0 0 1
train_jpeg/c3abe21f7e07452e6760cdc2cab95296 0 1 1 0 1 0
train_jpeg/822d5d396e5c35ea7ef54f8c36540ab9 0 0 0 0 0 1
train_jpeg/0622cd29e4e0e4f198abf15614819ae8 0 0 0 0 0 0
train_jpeg/66569d87fafc99530129656a623d9671 0 0 0 0 0 1
train_jpeg/27689b23167e89e1142f6fa265921a3a 0 0 0 0 0 1
train_jpeg/52dbeb6b2cfb9cfa21f3b23fe65ad916 0 0 0 0 0 1
train_jpeg/3ce550440d97864d9ff03a8c35d2c9a8 0 0 0 0 0 1
train_jpeg/6d21340ee5ea1bc8d883716885ae6eeb 0 0 0 0 0 1
train_jpeg/cd130c23c3fefd255a96444a430432b8 0 0 0 0 0 1
train_jpeg/e26ff6648ca1758df295c0a4e259d926 0 0 0 0 0 1
train_jpeg/9e4494bb24faf76970a1116cda4da0fc 0 0 0 0 0 1
train_jpeg/70c57f59ed881d79ba9c1071b605c42f 0 0 0 0 0 1
train_jpeg/7868a5eefc5e79174cc349f5e1e1965a 0 0 0 0 0 1
train_jpeg/7c6bf9b40c9b53c6b49b00c0fa1e61e5 0 0 1 1 0 0
train_jpeg/a0192049f3bf7fc5eda0246551e442ae 0 0 0 0 0 1
train_jpeg/a0ce63b3ddb71128a0da1431c906b6ab 0 0 0 0 0 1
train_jpeg/d55d4475b3ac41f32bad9085b2e4a2e2 0 0 0 0 0 1
train_jpeg/31f5b46cdcd525cb7851cb8d0c0ca276 0 0 0 0 0 1
train_jpeg/61fee17f99b29fc46130613d0e7ba7c2 0 0 0 0 0 1
train_jpeg/7b3c95aed302fd5d3f25bff1108f3e44 0 0 0 0 0 1
train_jpeg/f515d9f74c83e9d8c6bd9869bf32112d 0 0 0 0 0 1
train_jpeg/6d22a8f9bcd1d5a2805ca474415e8403 0 0 0 0 0 1
train_jpeg/debcc0c8e3b22dd08b85037c91da1df7 0 0 0 0 0 0
train_jpeg/488c611601f22f461f859d5fcd681ebe 0 0 0 0 0 1
train_jpeg/88d426cc4eac97da6e32f5533597fb59 0 0 0 0 0 1
train_jpeg/211fb0b1fae0691e21159bcff77672a7 0 0 0 0 0 1
train_jpeg/8b0839b2cc2d11420e6cfbc46b5f0f87 0 0 0 0 0 1
train_jpeg/3312ab0661750f9899b4589eae97731a 0 0 0 0 0 0
train_jpeg/7d0090c158c1835dce5e0adc9819847b 0 0 0 0 0 1
train_jpeg/fa9cd1a78a6d2d8d6e918a8c4125faf4 0 0 1 0 0 0
train_jpeg/b232e2ebbf7d6abc27c4613ba5ae28a2 0 0 0 0 0 1
train_jpeg/93f02f17536af0ee36d448146d4b7519 0 0 0 0 0 1
train_jpeg/eb504655d27862892ea7c99c352d5aad 1 0 1 0 0 0
train_jpeg/bc38a48bbec6ee4e1ccb6eb453529cae 1 0 0 0 0 0
train_jpeg/8ce6c7dde1ae91258e671bd86f665332 0 0 0 0 0 1
train_jpeg/3fc0763ebdef87b4c27cfb2a062b6496 0 0 0 0 0 1
train_jpeg/d2ad9acebc6d5dc97dd76f72d570d9de 0 0 0 0 0 1
train_jpeg/919c823190b3fbfdb8e921dbb0875737 0 0 0 0 0 1
train_jpeg/f150daaf3bef251be0199b6f2662077d 0 0 0 0 0 1
train_jpeg/5693c05f27a960d3f1eb833095c2325c 0 0 0 0 0 1
train_jpeg/5f842d19dfff1ffa372c9320e77acf80 0 0 0 0 0 1
train_jpeg/ada5ba2e729f9b4518de5a6bc31e1eca 0 0 1 0 0 0
train_jpeg/9d7c22898d0b7a9573d83bcaee15e168 0 0 0 0 0 1
train_jpeg/f8e3ac34e2e71746164cbbc2679c986f 0 0 0 0 0 1
train_jpeg/31c3c45bb22a836798cc2293e7a70661 0 0 0 0 0 1
train_jpeg/812d2563bd6a37a35577e7098ff0ed9d 0 0 0 0 0 1
train_jpeg/3c022a8f6192af3d7ca567e509d44801 0 0 0 0 0 0
train_jpeg/3d51d381e84870cd453748be166fb7ce 1 0 0 0 0 0
train_jpeg/62b1f58bd6a88916305c9db2c6c93c53 0 0 0 0 0 1
train_jpeg/c621ecbf63efd8c0b545c36a33e5cab3 0 0 0 0 1 0
train_jpeg/5b2e28bd44d10e3e10605d0d95ffba22 1 0 0 1 0 0
train_jpeg/b3088e1910bee181e42e6e4ea97f4371 0 0 0 0 0 1
train_jpeg/7ffe83778375bb8229b12c2ad4570c0e 1 0 1 0 0 0
train_jpeg/de10b739cceaddfbbb0ffd65edbd4e75 0 0 0 0 0 1
train_jpeg/8af84125f707b873c506f65de72e02e4 1 0 0 0 0 0
train_jpeg/a19f61e07dea95985126f5b8d030145c 0 0 0 0 0 1
train_jpeg/adfe90c34b98624c05f71c12dfe963d1 0 0 0 0 0 1
train_jpeg/9acf00a894081893f94bda4f32cd12c9 0 0 0 0 0 1
train_jpeg/7d57de3c3c7f81da4daab6094e01e9e8 0 0 0 0 0 1
train_jpeg/528b0f9791c96c9cb1b2e4f510223f8e 0 0 0 0 1 0
train_jpeg/be904250a48381ded92ee7d690cf3687 0 0 0 0 0 0
train_jpeg/49eebefcfec20d1e94df3fe97f3464fa 0 0 0 0 0 0
train_jpeg/9255e7154b30dcddd72f1f5ae6e46470 1 0 1 0 0 0
train_jpeg/a6b0aa30513d283981609465d2b9fd9a 0 0 0 0 0 1
train_jpeg/7686dfb913f7e7bfdcd9cf85e7946d28 0 0 0 0 0 1
train_jpeg/718d1b889b934822019fa35c8b669afb 0 0 0 0 0 1
train_jpeg/65da184f886ea37d826544f08cadb91f 0 0 0 0 0 1
train_jpeg/2e7877d32d52c2b3b974383eab1bafb0 0 0 0 0 0 1
train_jpeg/0812e5efe41ac63eb29583269843d8e2 0 0 0 0 0 1
train_jpeg/a2ad4ced634ca7eb03c12a84d7a98445 0 0 0 0 0 1
train_jpeg/f4a4135cfc8282ed85c17c27a5b6aa75 0 0 0 0 0 1
train_jpeg/5045cda9aba2d22df0b9a26dfafa73ef 0 0 0 0 0 1
train_jpeg/519438d01ecc33b5d8f1313abe2a0257 0 0 0 0 0 1
train_jpeg/67e142bee76b89f0ca09bab8d7adaa2e 0 0 0 0 0 0
train_jpeg/b117813585c3d832d90eabc3cce04721 0 0 0 0 0 0
train_jpeg/bcf9792862d3dc05bfe130a65f4d0dfe 0 0 0 0 0 1
train_jpeg/3d2719da36bc090cbf84b826ac951609 0 0 0 0 0 1
train_jpeg/7a29d7ca5d541a8ee262fcf4147a7a10 0 0 0 0 0 1
train_jpeg/13fcd440ee477324ffe130645d60b350 0 0 0 0 0 1
train_jpeg/34621088325983505745f058223e081c 0 0 0 0 0 1
train_jpeg/edd5c7d4d08bce0f94b0eb8b76bc450a 0 0 0 0 0 1
train_jpeg/18295ee21f34ffd95d339778527a8129 0 0 0 0 0 1
train_jpeg/4f55eff35e0c162fcde67c36b159e6c2 1 0 0 0 1 0
train_jpeg/eab0be019f53390dbbb3225e86506c09 0 0 0 0 0 1
train_jpeg/4cccd244506af875fc9d2a32ad2b4b96 1 1 1 0 0 0
train_jpeg/95ec8f08322eb76c65acc94ba599da04 0 0 0 0 0 1
train_jpeg/5f21557d7c24e3f023db5c6e866b5119 0 0 0 0 0 0
train_jpeg/41c5464286501600f3a4c2f7a5c4c9e3 0 0 0 0 0 1
train_jpeg/5b54d1b745eaa7fedf8bd9268c2be605 0 0 0 0 0 1
train_jpeg/cfe2a83e8e5520b17dfd5b68658af5a3 0 0 0 0 0 1
train_jpeg/7487afc84cf5bbc3de57737b08f6e87a 0 0 0 0 0 1
train_jpeg/14fbd0bf63f33188f29e54275fb7cafb 0 0 0 0 0 0
train_jpeg/d65dc1ea247c2f0244fbb720b7c9f515 0 0 0 0 0 1
train_jpeg/511b2a7296990326bdc26ed3ca30a329 0 0 0 0 0 0
train_jpeg/cdfb27f0268e0803530e4511ed89b0c1 0 0 0 0 0 0
train_jpeg/3b28cc5fd6c4d1e9cae948145a45d2a1 0 0 0 0 0 1
train_jpeg/ab5a33b1a98f405f60d41b563e741164 0 0 1 0 0 0
train_jpeg/ed5dc278e2170bf5766529cdc1e60f29 0 0 0 0 0 1
train_jpeg/708c17c8b98d0e99bbd697599584e36c 0 0 0 0 0 1
train_jpeg/145691883baff4df3e4863ca6354c44e 0 0 0 1 0 0
train_jpeg/c79a0c426c686a8ba6bcefd9ef058886 0 0 0 0 0 1
train_jpeg/560960578a1c7856f46c9cd1d7220818 0 0 0 0 0 1
train_jpeg/db33ef6234c141325aa449789c23d869 0 0 0 0 0 0
train_jpeg/06c4364c837021fda2868310025cbb4b 0 0 0 0 0 1
train_jpeg/754e5c9903b4b9bec894ebde02b54db8 0 0 0 0 1 0
train_jpeg/8bf59d2126095730fe534504609bcc9d 0 0 0 0 0 0
train_jpeg/1224f07d895107573588225f692e94f9 0 0 0 0 0 0
train_jpeg/62deaf5f6e7d93b940f8dcdec0b6c121 0 0 0 0 0 1
train_jpeg/87fdaa98d570ac156bfaa0d863401373 0 0 0 0 0 1
train_jpeg/6ce61a39f1e1bff629566de047ab8775 0 1 0 0 0 0
train_jpeg/4d0948aafddbf11a1d3ded0e8a28907e 0 0 0 0 0 1
train_jpeg/c156a4adc33cd20a2ad75a07ff245b09 0 0 0 0 0 0
train_jpeg/2f23b99eea815fe9633b1a072218920b 0 0 0 0 0 1
train_jpeg/ebf4ffbcf6de699bf9deab70f0dee8ff 0 0 0 0 0 0
train_jpeg/4f4674e95b0a0de0263bc63b457a7c9d 0 0 0 0 0 1
train_jpeg/a3dcbf04ea4cf926b6efb6ac526d5ff9 1 0 1 0 0 0
train_jpeg/a9ed4b5aaf129325369ebae1cfd5e321 0 0 0 0 0 0
train_jpeg/17f6dee4cb5a49d4831d3be2f3d276d4 0 0 0 0 0 1
train_jpeg/6ecf4d9fc47523ed028206ab33244f8c 0 0 0 0 0 1
train_jpeg/1809586171b812f61efdb34ec7078a3b 0 0 0 0 0 1
train_jpeg/50454d9d187709b92281d016553b2a75 0 0 0 0 0 1
train_jpeg/26603f3c325594b0a07a9fd73d74bbce 0 0 0 0 0 0
train_jpeg/a1099e200fda2e6dc8c80d691fc6e70d 0 0 0 0 0 0
train_jpeg/57f2a1834a03f38792b4c118af510804 0 0 0 0 0 1
train_jpeg/876e41e8261b265474fb8989b2233a0f 0 0 0 0 0 1
train_jpeg/f563e53055a915e206843aebcb335859 0 0 0 0 0 1
train_jpeg/56d1fd3be3db90b601c4e0b6926f7214 0 0 0 0 0 1
train_jpeg/4f036e31965cccce5cc7a4f38d4240e1 0 0 0 0 0 1
train_jpeg/bdd7f0b920e6c5ea82526986ffb63001 1 0 0 0 1 0
train_jpeg/995c671dc373b8d7347ce89d52e1f243 0 0 0 0 0 1
train_jpeg/5a43f10c267152bdbf23851b50c1c52d 0 0 0 1 0 0
train_jpeg/ebf68a2caca0ac6a30a0a7641f62b44a 0 0 0 0 0 1
train_jpeg/0235435d2b28a3dcdfd96752a6357780 0 0 0 0 0 1
train_jpeg/d2e0669da801bd7a9c76aed2de5ee913 0 0 0 0 0 1
train_jpeg/f6041a083375b309d68267242fe547a5 0 0 0 0 0 1
train_jpeg/1172de6d573beff0890bdd58889464cc 0 0 0 0 0 1
train_jpeg/f41016cc32c5ed986f15e4d6169c1c2f 0 0 0 0 0 0
train_jpeg/131a5aebed48ad2591a6c20f30eec857 0 0 0 0 0 1
train_jpeg/4524f9b0da0eb546173210ef937b583c 0 0 0 0 1 0
train_jpeg/864162106b4c83be91a86d4d38595977 0 0 0 0 0 1
train_jpeg/452c5e2036c4068330a7f95ab257fe2d 0 0 0 0 0 1
train_jpeg/682651014e9e033303c15905df3769ca 0 0 0 0 0 1
train_jpeg/fc4daa6e130ddd63ee819aea314c6527 0 0 0 0 0 1
train_jpeg/656744b811b1f0e3c65dd457b3cd8cd9 0 0 0 0 0 0
train_jpeg/8f0256af9634bee76dccf87a76b03c0f 0 0 0 0 0 1
train_jpeg/f6348dc02c0ea39b81e2006c6d9c69b1 0 0 0 0 0 1
train_jpeg/28743fad0599afa0e2574382b4f3c936 0 0 0 0 0 1
train_jpeg/fa1ffc0e890d0d6fa472f8abb1590b88 0 0 0 0 0 1
train_jpeg/e6e1f33532a2f3f93d17d2be963cd122 0 0 0 0 1 0
train_jpeg/0423124ca41c984335554a43267db7fa 0 0 0 0 0 1
train_jpeg/144868aa3abc5c32412b9dd804c8e9eb 0 0 0 0 0 1
train_jpeg/57c7edc9eb729f36ed89fc83a54aa2a0 0 0 0 0 0 1
train_jpeg/d39f64f6fd449db87754893c4214f8c8 0 0 0 0 0 1
train_jpeg/5a906d95202259b2e2ac0a2aee8f2f65 0 0 0 0 0 0
train_jpeg/88c814a309754c7abdb8cab5bc33756c 0 0 0 0 0 1
train_jpeg/28bd3d433b7bfe05edfdc6b85d0a27bc 0 0 0 0 0 1
train_jpeg/2099c66502ccd43cfe67820c44d9c545 0 0 0 0 0 1
train_jpeg/b15b9b1b0af05f9ebdf361407582a541 0 0 0 0 0 1
train_jpeg/cb9cfff99f0aa6a0e618e2310a68f186 0 0 0 1 0 0
train_jpeg/af9c771b799b3ee71772e9a32e167e20 0 0 0 0 0 1
train_jpeg/fb49f0ac68ebc19772754e39d4a59329 0 0 0 0 0 1
train_jpeg/4462595f31d1a2c5aac2b3a8a49536d4 0 1 0 0 0 0
train_jpeg/d0ba377bc03a5a48dd61f31a59823791 0 0 0 0 0 1
train_jpeg/b67097ef52cee62bf9a0b2ff35d5a72e 0 0 0 0 0 1
train_jpeg/91ce578ebdd959abb3c14b7c24711d19 0 0 0 0 0 1
train_jpeg/0f03e1f69371e5c554e2cbd56d52fa23 0 0 0 0 0 1
train_jpeg/0df039cf0cc8aaf508ef16c5488c52e1 0 0 0 0 0 1
train_jpeg/1606093b9d036cda7e30316ada6ea2cf 0 0 0 0 0 0
train_jpeg/d395c0b411e829fdea7ce9ce8130ee98 0 0 0 0 0 1
train_jpeg/f140d1a6b8993e35ded449669a69d2f7 0 0 0 0 0 1
train_jpeg/6a69a393d7beccc1043d5ee8cf0517d4 1 0 0 0 0 0
train_jpeg/04d3efc7a608c4d58edb8c1b7f90a708 1 0 0 0 1 0
train_jpeg/316d5ac9e200cfa69672ca72823d4cdd 0 0 0 0 0 1
train_jpeg/bf742708d94bd9f8620db2f6f4b596f5 0 0 1 0 0 0
train_jpeg/90d8e7b88a0d29d30f98e069b0e2cceb 0 0 0 0 0 0
train_jpeg/819c130c4f0913a8b96b8fd858935c81 0 0 0 0 0 1
train_jpeg/20895c96139e8c3af0ca53e7f872ea97 0 0 0 0 0 1
train_jpeg/7bd506ddbe0c59432e3c3a24aa2205e1 0 0 0 0 0 0
train_jpeg/a0a45351a08e5bd53cbb655a60af6127 0 0 0 0 0 1
train_jpeg/1cfebd799d9854a50bfa74e0271f358e 0 0 0 0 0 1
train_jpeg/56fba4cf02658d0592281bf6545798bc 0 0 0 0 0 1
train_jpeg/6b33644865832cf3e25c5d00049c0380 0 0 0 0 0 1
train_jpeg/fe620114981e611e4e92f017dafc254f 1 0 0 0 0 0
train_jpeg/86dbe6128679f9c5752c1c82d040caa2 0 0 0 0 0 0
train_jpeg/6d3cd7503968e1d95d46dccb35e6b617 0 0 0 0 0 0
train_jpeg/4097c94da1f21b9d8a9c19a56e228458 0 0 0 0 0 1
train_jpeg/fc2aa495a2db14cd4cf06a0e8a4c255b 0 0 0 0 0 1
train_jpeg/cd2ca6c232cc1c107ad1249579b457be 0 0 0 1 0 0
train_jpeg/9d08785c39241414b688666eadc627e4 0 0 0 0 0 1
train_jpeg/8de556d9cd8d026b8eba03870cc6acba 1 0 0 0 0 0
train_jpeg/de46379f042249fb8683991262d01937 0 0 0 0 0 1
train_jpeg/331f05c8b34e9c18c7ab59597fbc9080 0 0 0 0 0 1
train_jpeg/c47b6a4a8fe719b12ecb764d34fa0fd8 0 0 0 0 0 1
train_jpeg/3080ba6fdba05ff8e001a1f4582e8d56 0 0 0 0 0 1
train_jpeg/461918c2343be661e38f3d9ac106d37d 0 0 0 0 0 1
train_jpeg/ab9d58c665c19627affd36ec20815090 0 0 0 0 0 0
train_jpeg/9d35317bc33f38271a0d6df1b9a9f470 0 0 0 0 0 1
train_jpeg/20d9e4989fab7ecae4243324d81ad309 0 0 0 0 0 0
train_jpeg/d0a21c90766c6f054eddf748610ff98c 0 0 0 0 0 1
train_jpeg/d497ad2a6e6acaf87742250ee2a652b9 0 0 0 0 0 1
train_jpeg/e74196547e67dcd2a52e241cd917b15a 0 0 0 0 0 1
train_jpeg/936a8f06b5ebeb1ebd1651305ef3e916 0 0 0 0 0 1
train_jpeg/153acc5aa91dd9471cd76450f781afa7 0 0 0 0 0 1
train_jpeg/6ec170e7aaf33f59cb30c51a86232fb0 0 0 0 0 0 1
train_jpeg/a7132079baef51b7d55e2e59b1003d2a 0 0 0 0 0 1
train_jpeg/171c5e2bbf7f95d2fb60a8bd81dc9d37 0 0 0 0 0 1
train_jpeg/56ff603702d5731385e17026e6acd868 0 0 0 0 0 1
train_jpeg/e0a078144e3167316fa44673aa5e3aab 1 0 0 1 0 0
train_jpeg/f384ca39bd5710003c8f4277057afd81 0 0 0 0 0 1
train_jpeg/76a1048b8c17f80c46fdd525ade1f59f 0 0 0 0 0 1
train_jpeg/d212344842add313b06476bc1fcae66c 0 0 0 0 0 1
train_jpeg/152cc961492edc9e778b6c337f971258 0 0 0 0 0 0
train_jpeg/307e70b7731863533062ee155b6d28af 0 0 0 0 0 1
train_jpeg/6b75fcf73e3630eca7c4f1df3c7b4fa8 0 0 0 0 0 1
train_jpeg/83d5daa9e2dfbb786f5be821a8255c7e 0 0 0 0 0 1
train_jpeg/bcad73b36d8e807373b5cdd184ced763 0 0 0 0 0 1
train_jpeg/81b2b950caf9b6c1f2ba9162f3fd259b 0 0 0 0 0 0
train_jpeg/900a59a0a1b45b4596687dc929fcac29 0 0 0 0 0 1
train_jpeg/6f95a9001875b9dd105324cac339e4f0 0 0 0 0 0 1
train_jpeg/4350258eb4d7ec91137c01233fe0a51c 0 0 0 0 1 0
train_jpeg/a302f45dd2d8b7b698c3ce3121cb7cfc 0 0 0 0 0 0
train_jpeg/60d769f30bc9d356998abeeba51fa6ff 0 0 0 0 0 0
train_jpeg/bfbbb3c77f965726e05343efafb2eb86 0 0 0 0 0 1
train_jpeg/c9c20878263092133d1af3e513d3f122 0 0 0 0 0 1
train_jpeg/2a364dea24600221fb6208567bda008b 0 0 0 0 0 0
train_jpeg/0f34355eca9e6fb0fabab21711f0a2ec 0 0 0 0 0 1
train_jpeg/f3c614f39c7d68c6971bfff50eefda78 0 0 0 0 0 1
train_jpeg/6c8d15e1aadce8cc5dc0a4b719818a4c 0 0 0 0 0 0
train_jpeg/ddae224726cc363800e54cf9a2152831 0 0 0 0 0 1
train_jpeg/68389e585575ff6e536f3fbff8101474 1 0 0 0 0 0
train_jpeg/05091dc13df663abfa0144b15276fb44 0 0 0 0 0 1
train_jpeg/99bac8deff3eb3beb9479e0c080940f7 0 0 0 0 0 1
train_jpeg/fe095046c8e69bfe5d169425c73b3135 0 0 0 0 0 1
train_jpeg/9e79f1f5fa8e0638ed9770cf90f370ae 0 0 0 0 0 1
train_jpeg/19735d182fff4091e4ec19e851b1d27a 0 0 0 0 0 1
train_jpeg/441a8ebadbd678f89684eb3f067ed205 0 0 0 0 0 1
train_jpeg/6d47aabfec517967b9b34cb52a4d5064 0 0 0 0 0 1
train_jpeg/9c83d9f88170cd38f7bca54fe27dc48a 0 0 0 0 0 0
train_jpeg/16835128f61ef2de217a0d9378f661f8 0 0 0 0 0 1
train_jpeg/3d6289c09d2f30aeadb0366309b574c1 0 0 0 0 0 1
train_jpeg/95625401433eba6be4112e9a6f4fb55a 0 0 0 0 0 1
train_jpeg/f60a22a654a81b883da3709445dffba3 0 0 0 0 0 1
train_jpeg/8ce6c7dde1ae91258e671bd86f665332 0 0 0 0 0 1
train_jpeg/76f31fc612e65b8eb12f222dc655e254 0 0 0 0 0 1
train_jpeg/ab77771bd9ac7881c2f19fe8015eb1d3 0 0 0 0 0 1
train_jpeg/53e43be426df92536795168580504df4 0 0 0 0 0 1
train_jpeg/b552fb1120a4211fd165a73ddb91e6e7 0 0 0 0 0 0
train_jpeg/4b8c24a1eaeabd898c28a92d25cc3632 0 0 1 0 0 0
train_jpeg/b13d914db2c2fd9b1b443dca87cb3ab7 0 0 0 0 0 1
train_jpeg/25ea0b3ba039f05031bd95927a978073 0 0 0 0 0 1
train_jpeg/1b5bc1e4045bdae07a04b56cc725ac3e 0 0 0 0 0 1
train_jpeg/4737dc6ce8a5c9b9ebae0fd9e6c7ae64 0 0 0 0 0 1
train_jpeg/be860ebccc28f0e9b0bc70ceb8951a59 0 0 0 0 0 1
train_jpeg/c87d5f5e300b2c1b30b635750f60bc4b 0 0 0 0 0 1
train_jpeg/968172a174cec0c1f043932fd8a4576b 0 0 0 0 0 0
train_jpeg/76339ec8c17dbcdd117914581cee59f5 1 0 0 0 0 0
train_jpeg/6392ea0d9845c559fa4b8214cc578f18 0 0 0 0 0 1
train_jpeg/82cc080c1b41686a81fcf03aedae2442 0 0 0 0 0 1
train_jpeg/7f71a9ac115f976a323e6a346fb99bad 0 0 0 0 0 1
train_jpeg/decea87fdcb267729e84d3842721d33d 0 0 0 0 0 1
train_jpeg/804638e9e4b21d90bf768b24a4ac1249 0 0 0 0 0 1
train_jpeg/a7b2ca38302119263e65ac7b629ae9cb 0 0 0 0 0 1
train_jpeg/9a2fe0b72ea7f89bb7e1a08857890576 0 0 0 0 0 1
train_jpeg/cf7d44685ac3a9566e53d665efe1ee28 0 0 0 0 0 1
train_jpeg/7b9e4e3ba89ca58d7a0e4e9a13d7dbc4 0 0 0 0 0 1
train_jpeg/309ca3d3a6991e2a001d75f734d88099 0 0 0 0 0 0
train_jpeg/ded121c1fb2afcda23e7eb5aefa7daa0 0 0 0 0 1 0
train_jpeg/a4f40c4718e772c3c4386dcf734dffab 0 0 0 0 0 1
train_jpeg/d69f18c4025dda6eb24faa09453fea2c 0 0 0 0 0 1
train_jpeg/0a75c2f2e7bc1090077b8ef4aeeeacce 0 0 0 0 0 1
train_jpeg/623e33982a8f6421b5126b39db5b8109 0 0 0 0 0 1
train_jpeg/03cd593a310656563a5aa3886ff30380 0 0 0 0 0 0
train_jpeg/e45bf032d966f8d3e6fdd0f03a7fdec4 1 0 1 1 0 0
train_jpeg/21f596b4f75fd3d0ff54f55ad760272b 0 0 0 0 0 0
train_jpeg/7bd506ddbe0c59432e3c3a24aa2205e1 0 0 0 0 0 0
train_jpeg/106f429f6701dbf750e07d6746082995 0 0 0 0 0 1
train_jpeg/f69544d8d9ec0d571302f4f534eb3a10 0 0 0 0 0 1
train_jpeg/20e27597c972c6e7fdb4d1e7638e227e 1 0 1 0 1 0
train_jpeg/36bd6eab0e53e5b1c62f8c51fee5b892 0 0 0 0 0 1
train_jpeg/1146548e94da58c6989a1a6408dfc886 0 0 0 0 0 0
train_jpeg/8d6a0dcadf3c7322e146e729f4ac4ebf 0 0 0 0 0 0
train_jpeg/7be2d2fc4e5821cbf3f5fb7d7d3a3c8e 0 0 0 0 0 0
train_jpeg/24051b6c68ac93e887c70b671d9197cb 0 0 0 0 0 0
train_jpeg/4d86666aef656a96dbc6cca83eafb36e 0 0 0 0 0 1
train_jpeg/2340b39c863eda2a829ebabb07df6417 0 0 0 0 0 1
train_jpeg/d647ae4618fc943d965b25c3aab3fb4c 0 0 0 0 0 0
train_jpeg/efbc03067e522ed1127276e445913fdf 0 0 0 0 0 1
train_jpeg/4db77a5ffb5fa45be829a1cb9f6bc281 0 0 0 0 0 0
train_jpeg/3fe7a2818356490d2feb85870c8b34c6 0 0 0 0 0 1
train_jpeg/3fec185dc5672de87eb58712a241e02e 0 0 0 0 0 1
train_jpeg/3db74e12f7a319c5dfe45cd06487b590 0 0 0 0 0 1
train_jpeg/83599fcac79a00ba92f63d978615d7f7 0 0 0 0 0 1
train_jpeg/1ba651ae8bc6ee9f54a09088442b930c 0 0 0 0 0 1
train_jpeg/9c9f556eea533f066368e0f4a452bee7 0 0 0 1 0 0
train_jpeg/151aade5871241a6deb39da83b9d2c47 0 0 0 0 0 0
train_jpeg/132315bde3e2d1a5a1feabcfed2dcd76 0 0 0 0 0 1
train_jpeg/360a688352f87c7439063929bf33a0d1 0 0 0 0 0 1
train_jpeg/0f4f55a6f4ee73564de09ab3ecfe77a3 0 0 0 0 0 1
train_jpeg/930f6e2711b6440e986e5d8c93afc46b 0 0 0 0 0 1
train_jpeg/eb36ce1af5512454384f751932c15d67 0 0 0 0 0 1
train_jpeg/9dd1d50bb89f2e149f8df8adaadeb7bb 0 0 0 0 0 1
train_jpeg/7d3b018402be661c433f2438b91e02a5 0 0 0 0 0 1
train_jpeg/427b2490fbab40e41d35a618a6947de8 0 0 0 0 0 1
train_jpeg/adfeecc2c9520591fa8e12688bcebda9 0 0 0 0 0 1
train_jpeg/ec21a5357ab9785e5a784b89c1617e01 0 0 0 0 0 1
train_jpeg/deb4afdb821024fd5dfedaddbd7800d3 0 0 0 0 0 0
train_jpeg/c438d1ff72b5848adb7a063ebc90cd12 0 0 0 0 0 1
train_jpeg/e301d37e30e70046bf72db9a95b2235f 0 0 0 0 0 1
train_jpeg/bbf7e1f98708b3e698b20b788bc7aeb4 0 0 0 0 0 1
train_jpeg/ff4cd5b2a61258ac551673d1311fa2a8 0 0 0 0 0 1
train_jpeg/1066a058b5bae597f2dbb33780c2577d 0 0 0 1 0 0
train_jpeg/7ed24ce6b41f8756cc9cd5fc6a669e14 0 0 0 0 0 1
train_jpeg/3441c644b35ade894f7a773095219d4f 0 0 0 0 0 0
train_jpeg/b4a3b4549f36a6e9c3a7a216b1a00279 0 0 0 0 0 1
train_jpeg/79de04cf4fa83ad72fdaa6b5a829abdb 0 0 0 0 0 1
train_jpeg/a6b03f9aef0bc01e04e69bd0d9f63aa6 0 0 0 0 0 1
train_jpeg/3fad3a7c3d91d5d5eca2c522ac7df822 0 0 0 0 0 0
train_jpeg/9d17bc29af339d800b49518e9fdd0e72 0 0 0 0 0 1
train_jpeg/5c970a83ef1efb8bdc051e5468d9a093 0 0 0 0 0 1
train_jpeg/d40bd97f8d9ecb4aef25402cee0b4fe7 0 0 0 0 0 1
train_jpeg/be3bbacb9b3c148eae9549bce68bf0db 0 0 0 0 0 0
train_jpeg/6ff3cb95475fcb55f114ba9dff8256c1 0 0 0 0 0 1
train_jpeg/f41ccbeeaa2f48cbb13110e15c20a538 1 0 0 1 0 0
train_jpeg/8d7e15fd2b6278369b0945c5beccb644 0 0 0 0 0 1
train_jpeg/b2a72be7f8d33c71d5861bab5548885b 0 0 0 0 0 1
train_jpeg/5f7e9dab96933463abbb0c5bc5964f96 0 0 0 0 0 1
train_jpeg/b6e15b40a6370f847f1cb97f73528068 1 0 1 0 0 0
train_jpeg/271f9008a6ac0c2fbed2ee6d40ff8750 1 0 0 0 1 0
train_jpeg/f737d59bfbd9baeb93f351676ba5ac5a 0 0 0 0 0 1
train_jpeg/fc862e174bfc6e9d23a18034b5c8ae78 0 0 0 0 0 1
train_jpeg/a78f1eee245f31219a997e3c1d6b63a0 0 0 0 0 0 1
train_jpeg/7742fcac45069aafbd81f1d49f63e3c4 0 0 0 0 0 1
train_jpeg/87292fd850fa8494048bbdae18312907 0 0 1 0 0 0
train_jpeg/856364e47288b146e47f7ad05d0f0dfc 0 0 0 0 0 1
train_jpeg/b14e41bf98655037ab84678990a51851 0 0 0 0 0 1
train_jpeg/492287f7430033ab1c12a7562792e184 0 0 0 0 0 1
train_jpeg/ed57637a8ae14f12291bd0bd0deecffc 0 0 0 0 0 1
train_jpeg/a443127a3d4eb9dd304ed8a1da095d03 0 0 0 0 0 1
train_jpeg/df7fe8e460b7a7c1fafbf6a9abe1bfe6 0 0 0 0 0 1
train_jpeg/f7cca0874f0a8fdfdcb8952ec15c2e24 0 0 0 1 0 0
train_jpeg/0f1d4b4d710b982a1786054c5357f427 0 0 0 0 0 1
train_jpeg/7f1d7f3172c881299c6055db6ae127c1 0 0 0 0 0 1
train_jpeg/a567f9e053e55522545a133a59ee59e9 0 0 0 0 0 1
train_jpeg/bd31ad174a1f856a24728995281b505b 0 0 0 0 0 1
train_jpeg/6d97962c2b2e8d905451c3222fd828be 0 0 0 0 0 1
train_jpeg/d5869324e1ee4f36139aab8d631a7ec9 0 0 0 0 0 0
train_jpeg/8b99531f50784b381ad6d73a4a4c15b5 0 0 0 0 0 1
train_jpeg/518c26b70e40c67f016a3da260e5cf92 0 0 0 0 0 1
train_jpeg/de16372ec8bfa3b590a001fa5d864df5 0 0 0 0 0 1
train_jpeg/0464251a01ee7eeedd2a537dafc82844 0 0 0 0 0 0
train_jpeg/799915888fe8902eddfe9a19627c618c 0 0 0 0 0 1
train_jpeg/10058b093368fbcf159b0ff8eff23692 0 0 0 0 0 1
train_jpeg/8af84125f707b873c506f65de72e02e4 1 0 0 0 0 0
train_jpeg/edeef2dceeafd6d5ebe67880f2f9162c 0 0 0 1 0 0
train_jpeg/aa47b9a61e0440f6a82c46f57b07cb6a 0 0 0 0 0 1
train_jpeg/7400b2fabd02ad5d59195da5002f929e 0 0 0 0 0 1
train_jpeg/5e06a5e29082d7c841672d9d5ee5173d 0 0 0 0 0 0
train_jpeg/7c3eb59ae4e838ad4632fe96c25bcdf4 0 0 0 0 0 0
train_jpeg/2ebbdc1f6da69baa019b996322c7479b 0 0 0 0 0 1
train_jpeg/561c75ae692419d4480e0b5f82ee9a18 0 0 0 0 0 1
train_jpeg/d947047dbcf04119ee04c1aef5030cc0 0 0 0 0 0 1
train_jpeg/fa01f17d4e4ffc5f8e3de1af2fd282f0 0 0 0 0 0 1
train_jpeg/ff8e792afe941fdc029a9b898c71510d 0 0 0 0 0 1
train_jpeg/670c2ddd42c86d8502924bd453b969e4 0 0 0 0 0 1
train_jpeg/59fbbdafd6047dd3a7abf9af242129a3 0 0 0 0 0 1
train_jpeg/6c4b3875e507999d883e7bda6428fa30 0 0 0 0 0 0
train_jpeg/46b68ee414b81b8920c646debda1317f 0 0 0 0 0 1
train_jpeg/ab37cbf66e86936027846e53ac03e3c0 0 0 0 1 0 0
train_jpeg/2da024888d146f663f550e794eda1d83 0 0 0 0 0 1
train_jpeg/074db6a4ab3aebd54fa0f628eb0e9b0e 0 0 0 1 0 0
train_jpeg/7c7e447a78f0b9668470a2bafcf654df 0 0 0 0 0 1
train_jpeg/e596e3b89332bde018574ca5e32c1e0d 0 0 0 0 0 1
train_jpeg/b2a72be7f8d33c71d5861bab5548885b 0 0 0 0 0 1
train_jpeg/a340f6b48cac7f561fd07809cb4bed96 0 0 0 0 0 0
train_jpeg/28743fad0599afa0e2574382b4f3c936 0 0 0 0 0 1
train_jpeg/aebe06d9e107c4bc08bf3054347f8e7b 0 0 0 0 0 1
train_jpeg/40365f729045dde403d39546afc573a2 0 0 0 0 0 0
train_jpeg/9aca89cb31a6b994bb3152388e177a3f 0 0 0 0 0 1
train_jpeg/31a2b39d2a73f406dbef13c7cd023eb0 0 0 0 0 1 0
train_jpeg/364966f59dbdb2411232007f1eda2e8d 0 0 0 0 0 1
train_jpeg/6a7aad18a8ea7fb888cc0d0b292ce00a 0 0 0 0 0 1
train_jpeg/72fa0ad37e8941fd77fa3b030944c0f9 0 0 0 0 0 1
train_jpeg/33bbe31c76ccb7d6c7b26efca143f11c 0 0 0 0 0 1
train_jpeg/85a54041f12e1ad3e1ee5fdf15d574f6 0 0 0 0 0 1
train_jpeg/ed427d8e7c0eb7ea8612f31b9aa98f8f 0 0 0 0 0 1
train_jpeg/fda13aa356913d7c5530897288978420 0 0 0 1 1 0
train_jpeg/82b0803c018e309b370168b0ac9f2c9a 0 0 0 0 0 1
train_jpeg/848a8f3f7a4d210c2ee4901b0e07369a 0 0 0 0 0 1
train_jpeg/1e0186710c1b727da188c139c83a820b 0 0 0 0 0 1
train_jpeg/3527884ce43d577c1cc449fc0f17f646 0 0 1 0 0 0
train_jpeg/a55870e18b1417f33b4d544c5893fe59 0 0 0 0 0 1
train_jpeg/090c217ff0664a8cfc1a382cacad32bb 0 0 0 0 0 1
train_jpeg/0453de2faeb8d349af739a68d9dee1cb 0 0 0 0 0 0
train_jpeg/3dfb420f4634c36fde566f04e6d69651 0 0 0 0 1 0
train_jpeg/09ea9c40b1ee28b4712aec08f108a0c8 0 0 0 0 0 1
train_jpeg/5c10838d84f0c6a1bf21c375100a1e7d 0 0 0 1 1 0
train_jpeg/0ecac0b6147bfee8a99d4b0a6cf3dc4e 0 0 0 0 0 1
train_jpeg/a864e81478b23fb5f7d7ae142b7dcc79 0 0 0 0 0 1
train_jpeg/e6883a6ffa058ed027ac1626175b5aff 0 0 0 1 0 0
train_jpeg/1b6c09c247c93d8fd21adf55814476fb 0 0 0 0 0 0
train_jpeg/e57bcc111a9632e03d191307d5ffbdde 0 0 0 0 0 1
train_jpeg/bd59874bcc0d7a297901f541d6dc85c8 0 0 0 0 0 1
train_jpeg/3105bf6d00f6c2164ea9285b20692df5 0 0 0 1 0 0
train_jpeg/7b57e4a8887de70a56cd8e602de6ef81 0 0 0 0 0 1
train_jpeg/f2cbad33f407df585912df819234ee51 0 0 0 0 0 1
train_jpeg/b8cf3b0d5faac4be08620f5f68df30b9 0 0 0 0 0 1
train_jpeg/0ce7d050a48ce1462cabcd2310e9fb1e 0 0 0 0 0 0
train_jpeg/125afd02b938daa63eb09b23751510e9 0 0 0 0 0 1
train_jpeg/a3cc87890d8f16a5bb6df4dc384d2e3c 0 0 0 0 0 1
train_jpeg/1e8ef974ee9035e9eb04b4ee395e83ce 0 0 0 0 0 1
train_jpeg/adfb785de2c168614077ca29f410b469 0 0 0 0 0 1
train_jpeg/7381f41079bceda3449f07a94425572f 0 0 0 0 0 1
train_jpeg/ec8e6cf50b6909b8c74cdba94ea8d687 0 0 0 0 0 1
train_jpeg/4475c6ecebccd1c67344edb7a61a489b 0 0 0 0 0 1
train_jpeg/f140d1a6b8993e35ded449669a69d2f7 0 0 0 0 0 1
train_jpeg/0b1b897b1e1e170f1b5fd7aeff553afa 0 0 1 0 0 0
train_jpeg/26cfeb1a0f57c3bed9d68f3c7397b5d2 0 0 0 0 0 1
train_jpeg/12ac3c739cf0e1a366ec6cc409fc7ff5 0 0 0 0 0 1
train_jpeg/cc98da13c817495f32b5ccab2b009cd3 0 0 0 0 0 1
train_jpeg/3af36df757f439654bbfbb0219828f6f 0 0 0 0 0 1
train_jpeg/01f88c998eea22d21ee144bc3edfd261 0 0 0 0 0 0
train_jpeg/72ef228f7d1a1b6d79a03bce363cdc15 0 0 0 0 0 1
train_jpeg/dde1b28739e943a19ef506d87cf3ce00 0 0 0 0 0 1
train_jpeg/889129958ca07c898313de01d8980e09 0 0 0 0 0 1
train_jpeg/d47bdbcba4b30efdc224e8d6ab79f647 0 0 0 0 1 0
train_jpeg/3212a84727e182171bd4ab3da7d560a5 0 0 0 0 0 1
train_jpeg/6e324f1289698a4ec6f2baeed252ed76 0 0 0 0 0 1
train_jpeg/c28abbe95f18aa120f185d4a4ec1de9e 0 0 0 0 0 1
train_jpeg/7735b55bc3300698bf53bcb48c8c7590 0 0 0 0 0 1
train_jpeg/9e4494bb24faf76970a1116cda4da0fc 0 0 0 0 0 1
train_jpeg/06c585d390e6e6ddd213f2715c367601 0 0 0 0 0 1
train_jpeg/d34990159533ceeec96279407f463ede 0 0 0 0 0 1
train_jpeg/7fede309b834752d757e90e0ad3405af 0 0 0 0 0 1
train_jpeg/ccce794d56a43641c1bb3d6b0253e794 0 1 0 0 1 0
train_jpeg/cceb5f8ad7d827659608f7d5f319a729 0 0 0 0 0 1
train_jpeg/f629fda93a2c6bcebb4f6bb2f19ed417 0 0 0 0 0 1
train_jpeg/032c81fae916e932002387494a7d7c7b 0 0 0 0 0 1
train_jpeg/484ac8b02e7fdf5807e95774da5f625f 0 0 0 0 0 0
train_jpeg/c12df5422711be0ed7b17a657c68fc8d 0 0 0 1 0 0
train_jpeg/473892690a9e03ead0c4b9dcaf5f7895 0 0 0 0 0 1
train_jpeg/62863bee894cbb15f96074e8da760b40 1 0 0 0 1 0
train_jpeg/821f99dd1ddf2de484d61c3dd447591b 0 0 0 0 0 1
train_jpeg/86d443f0f830d6b045a5e688d6629c32 0 0 0 0 0 1
train_jpeg/c5657b20d7a98b350f7b4bf11bd2a84f 0 0 0 0 0 1
train_jpeg/c368764609870e78a2851f26f2ad8e0a 0 0 0 0 0 1
train_jpeg/1a96431bc7903b5049ae70fc5a7d8965 0 0 0 0 0 1
train_jpeg/1e789b5c3710a03a6f4493c69b04620d 0 0 0 0 0 1
train_jpeg/6f66a61c0bc09e83a2e732fdc3390cbb 0 0 0 0 0 1
train_jpeg/59fbbdafd6047dd3a7abf9af242129a3 0 0 0 0 0 1
train_jpeg/ac0d5180cbac66eead6195728563d5e2 0 0 0 0 0 1
train_jpeg/75f6585ed7753c64c462ed9c76dd826a 0 0 0 0 0 1
train_jpeg/bbd63a57f2b5c37e748f38af60b532a9 0 0 0 0 0 1
train_jpeg/11b47878746ba8728eda0f9eed048639 0 0 0 0 0 1
train_jpeg/0b80286547650e8b2686d9a8b8fcc5b1 0 0 0 0 0 1
train_jpeg/7b920bce891b25951301ec05abc9d36e 0 0 0 0 0 1
train_jpeg/8cc5ee4cf5c697d98d7c85951aa4f8d7 0 0 0 0 1 0
train_jpeg/4346e098eba7044bddc2b6313e11fa1a 0 0 0 0 0 1
train_jpeg/103b82bef40be1f5f109bf5d9768030f 0 0 0 0 0 1
train_jpeg/2fd3d0e3b5de5535994ac58f2bd175da 0 0 0 0 0 0
train_jpeg/b6786b5187fe2081e18dc24adcc15c95 0 0 0 0 0 1
train_jpeg/93da74ab74e53d90f7cd3a79c5b2d78d 0 0 0 0 0 1
train_jpeg/2b8d23b406077cd35596765abe6930c8 0 0 0 0 0 0
train_jpeg/59463dec11bd9627f875e0372d9ce1e2 0 0 0 0 0 0
train_jpeg/a9519035bae20b2267b38445724221a2 0 0 0 0 0 1
train_jpeg/e6234dc4926c4d6712afd375da1f5000 0 0 0 0 0 1
train_jpeg/077c76dffde69c0b90c28d78ef2ac31e 0 0 0 0 0 0
train_jpeg/b0e39c29cfb8dab209d591461d51c4d4 0 0 0 0 0 1
train_jpeg/20374abc6a6d82a106212cddd740a99c 0 0 0 0 0 1
train_jpeg/25c18252e85a1ec5d5be1ec674d9d7f0 0 0 0 0 0 1
train_jpeg/5935605beb0f08caeb9ff4481157c520 0 0 0 0 0 1
train_jpeg/f18c89973850bc27910dcdbc30c68fe6 0 0 0 0 0 1
train_jpeg/6613d2ede5943105c1e50497fc1e0c8d 0 0 0 0 0 1
train_jpeg/9b27b45920317438ac2f866166a3e9f2 0 0 0 0 0 1
train_jpeg/66a42146929520fe337cad37816f4384 0 0 0 0 1 0
train_jpeg/b775ef55984de7ff2b12941010f9d968 0 0 0 0 0 0
train_jpeg/28cfa7a00d66d9084ec969ac35367d22 0 0 0 0 0 1
train_jpeg/989c65929da5fa0297db8da6945cca52 0 0 0 0 0 1
train_jpeg/ca32c24a3ad627f8e98d7791a09b4da7 0 0 0 0 0 1
train_jpeg/955f258cc29153f996ee6716218c1196 0 0 0 0 0 1
train_jpeg/728ab8bd828b09fc9ef588de31e88d4d 0 0 0 0 0 1
train_jpeg/5681acf08a5a878d7f88eaed8ddf16a3 0 0 0 0 0 1
train_jpeg/eda23140c7a820d76c89bc994768888d 0 0 0 0 0 1
train_jpeg/78e74c1de02fd646c20b2f46d22a4ae5 0 0 0 0 0 1
train_jpeg/924e69559651654e67727eb1d8ca1b7a 0 0 0 0 0 1
train_jpeg/21274fbd409469136e38f2efcf3b77b2 0 0 0 0 0 1
train_jpeg/41dcbc76c67594371925a947ac7ea4ab 0 0 0 0 0 1
train_jpeg/c1f010722e3b392c3837450f1b90dffa 0 0 0 0 0 1
train_jpeg/dee1d690aeff154df7ee9cc5017ae8f7 0 0 0 0 0 1
train_jpeg/006501b11e04aec2d403177b9ae0f34c 0 0 0 0 0 1
train_jpeg/2072e55e4f38ef869fc492b5e282057b 1 0 1 0 0 0
train_jpeg/111b3fbca754d6e22bc1ff9ae2491ea2 0 0 0 0 0 1
train_jpeg/61fee17f99b29fc46130613d0e7ba7c2 0 0 0 0 0 1
train_jpeg/d18eeeb8b025f8f3dc4eb66fb21a2c47 0 0 0 0 0 1
train_jpeg/f8d2c9efbabde9af64a64f212b5ca78d 0 0 0 0 0 1
train_jpeg/9d41ae882fa21638f67228ff85cb05ab 0 0 0 1 0 0
train_jpeg/4e29508a919faf1d425a6a8c14d7a08d 0 0 0 0 0 0
train_jpeg/f8c4ffc718ece871a52ab5f63b04b41c 0 0 0 0 0 0
train_jpeg/4117133a86ed741c387d404a8ffe5581 1 0 0 0 0 0
train_jpeg/4b6ca2a1a046bd045ea254e6550c8b5c 0 0 0 0 0 0
train_jpeg/1a9c6bd1a0b592c94e4d254d7e1b68bb 0 0 0 0 0 1
train_jpeg/128f55a981d4192a2990946431a7469b 0 0 0 0 0 0
train_jpeg/2af1678811f6eac51b8863adf3eeaead 0 0 0 0 0 1
train_jpeg/3cf350a5b4f53dabd01f971a614abde8 0 0 0 0 0 1
train_jpeg/00dc70e84d141255f7fc6f8038bdd72e 0 0 0 0 0 1
train_jpeg/6bcaa8ca1344287b61e15b3e8cffcaf2 0 0 0 0 0 1
train_jpeg/a90509f35d907cb42a35534f7be76b3c 0 0 0 0 0 1
train_jpeg/8751da44b525b4328e1457adab72f8e0 0 0 1 0 0 0
train_jpeg/f76a251ff4f0a7b24db75e79d0a4fdcf 0 0 0 0 0 1
train_jpeg/3536be68101ca2383292187ee7ed2927 0 0 0 0 0 1
train_jpeg/510cf94dc828c654636613b2d5839cad 0 0 0 0 0 1
train_jpeg/bfdaef7007cc0072d7a4c6e0069fc1ae 0 0 0 0 0 1
train_jpeg/a4eb3a3daac654b501ab4dffb3d371dd 0 0 0 0 0 1
train_jpeg/6ae63abe8b57069faacc9d0a7beb8e1d 0 0 0 0 0 1
train_jpeg/34dbe6ee2b766bce4c6305094ed0c549 0 0 0 0 0 1
train_jpeg/72d8934678a3bed17e6ffcf1b63b6aa4 0 0 0 0 0 1
train_jpeg/7c8d847576d1cf0c01a80cb13a2475d1 0 0 0 0 0 1
train_jpeg/733f83c5b7f8f64a2de77404f64fe682 0 0 0 0 0 1
train_jpeg/ebf4ffbcf6de699bf9deab70f0dee8ff 0 0 0 0 0 0
train_jpeg/8f752093ee546364e7a3f570c7e2041d 0 0 0 0 0 1
train_jpeg/a5dd0a76a5253cbd34b9365c78e44110 1 0 0 0 0 0
train_jpeg/8642425b9956784deaec54a2f895504e 0 0 0 0 0 1
train_jpeg/9bb5a1c72d2c871377e730d74d5b9425 0 0 0 0 0 1
train_jpeg/d20b5a85afcc3d51263ba89341b3fa17 0 0 0 0 0 1
train_jpeg/ad66bf1e8e79d388e8a49d600b6cc34b 0 0 0 0 0 1
train_jpeg/db75cef6af2fbdc895ccceec31c53db2 0 0 0 0 0 1
train_jpeg/048d00bcebe732fb053aa3ead33d8064 0 0 0 0 0 1
train_jpeg/3ef5d404249d94d8f456021689dc4a18 0 0 0 0 0 1
train_jpeg/67533fa705019e473c1609ec6ed294d8 0 0 0 0 0 0
train_jpeg/df4cdf26c36cbf365fc95d261e1d3bcc 0 0 0 0 0 0
train_jpeg/5a702a2d9f3b17f32b0b4e7f67967ff7 0 0 0 0 0 1
train_jpeg/46bcaf8ed1a8e9c5437f6c80c0ff6eff 0 0 0 0 0 1
train_jpeg/2d8daf336410cbd18744f0e5cbdfa1d1 0 0 0 0 0 1
train_jpeg/00f14d2898f10c7019b359958e6bc3c4 0 0 0 0 0 1
train_jpeg/4a8bb8359d2b9f3abe9342a5aaf9178e 0 0 0 0 0 1
train_jpeg/550d23f39934576f061807a954b7ae93 0 0 0 0 0 1
train_jpeg/5198fc942534fe6e2c60119e3a22dd8a 0 0 0 0 0 1
train_jpeg/d41517e98c7dc6dd266194d6ca2ed674 0 0 0 0 0 1
train_jpeg/986cbf62313a140fc59925d613ed4332 0 0 0 0 0 0
train_jpeg/6376cd649fe5087d1a19a5ea150b1a22 0 0 0 0 0 1
train_jpeg/b995057fed5cd441821c8a954697ea57 1 0 0 0 1 0
train_jpeg/4168b08c1d40e17bcf7dd1f710ab9b5e 0 0 0 0 0 1
train_jpeg/b684ded42589f435f9016fd82e8a08c7 0 0 0 0 0 1
train_jpeg/80a2826fe7be7bbc0aeecbc3c88996fe 0 0 0 0 0 1
train_jpeg/1af9eca90157fa3d3c04c3ac90ccb9a9 0 0 0 0 0 1
train_jpeg/2e8d7a5cc06445effa59d3e6f95643c2 0 0 0 0 0 1
train_jpeg/879caa633ff0c3c5a9f2c483e757b991 0 0 0 0 0 0
train_jpeg/ae127045cca13da6dbfee11df1f08c7e 1 0 1 0 0 0
train_jpeg/32f9788c7454a1a8372f3b1ddf5b5cba 0 0 0 0 0 1
train_jpeg/b995057fed5cd441821c8a954697ea57 1 0 0 0 1 0
train_jpeg/cb32832cef4d95691105489d4ec6a984 0 0 0 0 0 1
train_jpeg/09175449df9374e0f6afe517f7b6249f 0 0 0 0 0 0
train_jpeg/4cdb45e6b70df67e833f2112abc8b399 0 0 0 0 0 1
train_jpeg/bc14bbda870cfa51f6a00fe31a5e5ac4 0 0 0 0 0 1
train_jpeg/0c76c19b3f015e0387dd2adcbef86182 0 0 0 0 0 0
train_jpeg/02ee00905d908d39419eb2391b5c6f35 0 0 0 0 0 1
train_jpeg/4f79340be69b544ce3285c3f7ed62be3 0 0 0 0 0 1
train_jpeg/c69668bd1d37495012da11980655801d 0 0 0 0 0 1
train_jpeg/8f0256af9634bee76dccf87a76b03c0f 0 0 0 0 0 1
train_jpeg/b9934412fb2dea98c5d55d2f0c5b8c27 0 0 0 0 0 1
train_jpeg/fb897c0c6a937d93608707fb89a1b37e 0 0 0 0 0 1
train_jpeg/ec884724f0b98bbbde4b4bbeaf98f0e1 0 0 0 0 0 1
train_jpeg/e8e6ff19c3be05a4ccfb20abc4202d52 0 0 0 0 0 0
train_jpeg/07cb6e153e67a71402250cafc92d3fe8 0 0 0 0 0 1
train_jpeg/6772119ecff6fdfd3d04adbce8c8bd49 0 0 0 0 0 1
train_jpeg/6eae1d4353b0a57087ca071556aef1ec 0 0 0 0 0 1
train_jpeg/9209eb472d8c5200cbc8ad2015cbf1a2 0 0 0 0 0 0
train_jpeg/84ba0b4f7173bcd81edb868806d46e86 0 0 0 0 0 1
train_jpeg/a9cb470818b2e038b74d811f3b9e4bee 0 0 0 0 0 1
train_jpeg/59b9ceea384d3f443daca91e8ca743ae 0 0 0 0 0 1
train_jpeg/6dd59929c3406f7c01c43db8e22483ba 0 0 0 0 0 1
train_jpeg/157a5f10f07b0c68a0dae91fd9be51aa 0 0 0 0 0 1
train_jpeg/3656cb562e5a76cbafe238930f14d75f 0 0 0 0 0 1
train_jpeg/96fce3e65728645f477227d6a1c9f6b0 0 0 0 0 0 1
train_jpeg/62f4825401cef60e0a9c3a3d36dd30ee 0 0 0 0 0 1
train_jpeg/d81811a95e1cd148adb6e3148f8fd2a9 0 0 0 0 0 1
train_jpeg/6fb55d54b54b05b50913b456d1b5d0cc 0 0 1 1 0 0
train_jpeg/1ccad1e6a7205925477f91641b05588e 0 0 0 0 0 1
train_jpeg/1c17c88183371bbd710d3df0871b0816 0 0 0 0 0 1
train_jpeg/b12b6c605dbf92119ae65310a7bc55d7 0 0 0 0 0 1
train_jpeg/587f3132d4daeb685d6d480e3a72090e 0 0 0 0 0 1
train_jpeg/b55a0fc49ba34ddf21e50dde0f11edca 0 0 0 0 0 0
train_jpeg/5fac617f1ce097354f1a28e8fa5036e5 0 0 0 0 1 0
train_jpeg/17f57814aa95b2294e9fd97cc27c995e 0 0 0 0 0 1
train_jpeg/6fad06e0b322a2ee365b5c82772bec2a 0 0 0 0 0 1
train_jpeg/7736d86868e78aeb6cf52f6263fe6598 0 0 0 0 0 0
train_jpeg/9a021ab43ff916f78a9094994b21f3ea 0 0 0 0 0 1
train_jpeg/0c577dc6594dab44ebbd6964de673eaa 1 0 1 0 0 0
train_jpeg/27df67ed0897fb67fe7f2ea4211ead6b 0 0 0 0 0 1
train_jpeg/05c0c802db4f100de8e2a9fa4aa62d14 1 0 1 1 0 0
train_jpeg/5c4d297206c527d387fb3033bb666776 0 0 0 0 0 1
train_jpeg/2b0fb0afde2742c14c1c967cdcb20969 1 0 0 0 0 0
train_jpeg/fd0a2bb62818a9b682ee4512904c0fee 0 0 0 0 0 1
train_jpeg/594c87b7427780ef7bc3e53d45bbda24 0 0 0 0 0 1
train_jpeg/970c0565fcea2b01ad412786af950062 0 0 0 0 0 1
train_jpeg/2af1678811f6eac51b8863adf3eeaead 0 0 0 0 0 1
train_jpeg/f2905bfcd1555bd73c1af30688e5f7e1 0 0 0 0 0 1
train_jpeg/78665ea4f51dca2d2cb02f2c45e95745 0 0 0 0 0 1
train_jpeg/77a01f5a6710d451996cc9075fe22eb7 0 0 0 0 0 1
train_jpeg/14908b417298707a9531b328a0f30109 0 0 0 0 0 1
train_jpeg/222beb3cd839eacd08d35c2785e48265 0 0 1 0 0 0
train_jpeg/5f565b018973e7c70aad47a92a5c14ea 1 0 0 1 1 0
train_jpeg/fab2ad94eb5bac3d71e0046a9787579a 0 0 0 0 0 1
train_jpeg/495efa93a687146069cd0db0c4628162 0 0 0 0 0 1
train_jpeg/80566fdc49f6da7e1a3e5f69bda6d299 0 0 0 1 0 0
train_jpeg/6c45f970e82a55ffca6f7259d82197e7 0 0 0 0 0 0
train_jpeg/d1605d4007fbbdbec96acce4a834d10b 1 0 0 0 0 0
train_jpeg/5bd88d066f3c2f816dc2d7152368879f 0 0 0 0 0 1
train_jpeg/51a8d7259a0a6deac20b7c4979a7e847 0 0 0 0 0 0
train_jpeg/51048de4c6c0b53d26becb9ff35d5995 0 0 0 0 0 1
train_jpeg/fd8b4cd2cef008b9fff719a170e9b32d 0 0 0 0 0 1
train_jpeg/74f33fdfcd154aeec3a7f16c391e567f 0 0 0 0 0 1
train_jpeg/3ab1d5b251f54870587b6d9c6a076493 0 0 0 0 0 1
train_jpeg/db30e6a7a66927f57bf3cbfd440e377a 0 0 0 0 0 0
train_jpeg/870dd6c4f5ce36cd38983795253a020a 0 0 0 0 0 1
train_jpeg/f18ee951605d2c276acb3385dc76be8d 0 0 0 0 0 1
train_jpeg/ac149746529931242caeed45ddf86aa0 0 0 0 0 0 1
train_jpeg/19252698ff2897e6c3694db5dd7a6d2c 0 0 0 0 0 1
train_jpeg/cbb1d71dbe0e4ec3f1c4901a482079c9 0 0 0 0 0 1
train_jpeg/c837c5bfbeedca68690f51b2e07aaabd 0 0 0 0 0 1
train_jpeg/1245f853816564c0ee3f1b9e93521ff0 0 0 0 0 1 0
train_jpeg/c7e1c4003560747fbf4fa1f09a954714 0 0 0 0 0 1
train_jpeg/64bb0c2fe03598b5b9c90ddc2f68eaeb 0 0 0 0 0 0
train_jpeg/727a6fa6f34e675b621f4a57cfdf0c21 0 0 0 0 0 1
train_jpeg/9658074bb66e4e68d6fab1fd949fa62b 0 0 0 0 0 1
train_jpeg/11d8da59dec1629cbb7333f0bf974a8b 0 0 0 0 0 1
train_jpeg/971d9ac97d9f4fa6c47208ca3c0ce110 0 0 0 0 0 1
train_jpeg/f2ca613f1200588a3f8c44e2516db4bc 0 0 0 0 0 0
train_jpeg/834c4af584953df1bf99781e36853fa1 0 0 0 0 0 1
train_jpeg/c74cf15c3542d4dfc0dce06102279914 0 0 0 0 0 1
train_jpeg/128c74577cb8aa5fb9efe7cb4c520322 0 0 0 0 0 1
train_jpeg/73461c12a3a579574df0723071c9d3b9 0 0 0 0 0 1
train_jpeg/3368f56c5e66bc4f6111b5cf5d701f30 0 0 0 0 0 0
train_jpeg/ef1bcfdefb957f66e15ee9b875af7aac 0 0 0 0 0 1
train_jpeg/5161ae032f0552603b6de965b2bb3e09 0 0 0 1 0 0
train_jpeg/cb8ccbbcb3ee23274483ff57bb3d2c02 0 0 0 0 0 1
train_jpeg/d77ef79ee4580a65dcb1e0e26b91d017 0 0 0 0 0 0
train_jpeg/efee3ec2c933b666970dc036e53e815c 0 0 0 0 0 1
train_jpeg/8ee81fa4b7356d4dfe8069e8f5a8d785 0 0 0 0 0 1
train_jpeg/eafcfb8ed6dc13a4558a2b7578e5d564 0 0 0 0 0 1
train_jpeg/282ba241b3414b41510d4bcbcebddb56 0 0 0 0 0 1
train_jpeg/63f40a011824d0ee7237bd302c030910 0 0 0 0 0 1
train_jpeg/d0252f72f9db197d04d2f59c8f77f908 0 0 1 1 0 0
train_jpeg/a4ce4aaed43f660e1055d6f30e4da63f 0 0 0 1 0 0
train_jpeg/2055ec1aef57503407b483c3be8ca71c 0 0 0 0 0 1
train_jpeg/1f9d093a5760dd389a6a22e41f89263e 0 0 0 0 0 1
train_jpeg/40d41571f7ee9a4583051e5ede025721 0 0 0 0 0 1
train_jpeg/52798bf6b05abfd0558cc0c72687cf56 0 0 0 0 0 1
train_jpeg/63028db2b174cb438f0eb8664350f828 0 0 0 0 0 1
train_jpeg/eee62d226e9db9f66f2d17c8acc08057 0 0 0 0 0 1
train_jpeg/cb6f0fdc860c791827be4af911595749 0 0 0 0 0 1
train_jpeg/3d47298ef4793855468338ce3ee20912 0 0 0 0 0 1
train_jpeg/3015a7c28d079188fda71d42f870ad51 0 0 0 0 0 1
train_jpeg/1f0020b4117724f14386bcbeebb9d194 0 0 0 0 0 1
train_jpeg/c3b8b73e567c59f47d6f147940b0f8bf 0 0 0 0 0 1
train_jpeg/3e288b491b9c0fe5e4dcdd1aeb86ecc8 0 0 0 0 0 1
train_jpeg/ff0191df898268978f2c29231450fd66 0 0 0 0 0 0
train_jpeg/8c1ade7d518df9171c1dc8fdf9bfc069 0 0 0 0 0 1
train_jpeg/b8b819da3a6529ce7e336f065c3c6cbc 0 0 0 0 0 1
train_jpeg/c8a56cc3c310b1619ec6559afab11089 0 1 0 0 0 0
train_jpeg/4c68b98043a1d2f7215d0db1a761bab3 0 0 0 0 0 0
train_jpeg/7bfa5ec72b112db0a62976f026b11e9a 0 0 0 0 0 1
train_jpeg/347f7cb52d4e1b42fd193f044c8c7b06 0 0 0 0 0 1
train_jpeg/0c7bf87c0c415d3226451214c5b382b1 0 0 0 0 0 1
train_jpeg/70c23c32561c5b6f76ff0b89e07d4ab3 0 0 0 0 0 1
train_jpeg/1732b48edd6dc9dc34aa5d2efa79f98c 0 0 0 0 0 1
train_jpeg/f87322b910da936a3795b7ec887a227f 0 0 0 0 0 1
train_jpeg/bbe03119e84db17f2cd765321e63ac8d 0 0 0 0 0 1
train_jpeg/442c07cd30e5e5acb538377be3dd4051 0 0 0 0 0 0
train_jpeg/b4a3b4549f36a6e9c3a7a216b1a00279 0 0 0 0 0 1
train_jpeg/ae6a018395ab7dde801216c8c2664930 0 0 0 0 0 1
train_jpeg/da1f5d4d40b9a1b9e5c3f4adf092e68c 0 0 0 0 0 0
train_jpeg/468941ecc9dd9ba6c50f32272453f18c 0 0 0 0 0 1
train_jpeg/5790f1fb600b859c067e0bd867c69c3e 0 0 0 0 0 1
train_jpeg/e9e1a8854e0bec89e37445f9cbf7bb95 0 0 0 0 0 0
train_jpeg/8314e6597bd397bb4a5836c042499b27 0 0 0 0 0 1
train_jpeg/34e22877dc637c756273febcdd660178 0 0 0 0 0 0
train_jpeg/f78c70190e569c970a721b97152eed1a 0 0 0 0 0 1
train_jpeg/b7d87f19a1daba2fa97a0eae0a033a9c 0 0 0 0 0 0
train_jpeg/31b25fa0519adf33768177c116092d83 0 0 0 0 0 1
train_jpeg/5e8ea2a43b44c0d54ce1270ba62b061c 0 0 0 0 0 1
train_jpeg/25d4801df81d8416a6cd9676027eb6cf 0 0 0 0 0 1
train_jpeg/967f2ad4d9bd6d377127624161468188 0 1 0 0 0 0
train_jpeg/efffa6250327e060be9e821859843dff 0 0 0 0 0 1
train_jpeg/a72b8929f7addab87c9d2583e66191f0 0 0 0 0 0 1
train_jpeg/6889e2bb71d3d5625baaf6914785cd2e 0 0 0 0 0 1
train_jpeg/9d7593d2ecec04359396db7bef01e710 0 0 0 0 0 1
train_jpeg/f78abb1dbaf45a2dce966e9d3877b78f 0 0 0 0 0 1
train_jpeg/93abddc3fe8d832eac4e48ef666437cd 0 0 0 0 0 0
train_jpeg/55502b1d1bf95606ecfb0abb4f1fdd98 0 0 0 0 0 1
train_jpeg/fc638ad95b1da436a018c3c083099aa3 0 0 0 0 0 1
train_jpeg/c41d4f698ccccbf7068c44c8c14f4e16 1 0 0 0 0 0
train_jpeg/5b1670d49882cd6d4718a5bb8616b34f 0 0 0 0 0 0
train_jpeg/a2226fa7353bdb7821597e3515eeba64 0 0 0 0 0 1
train_jpeg/077c76dffde69c0b90c28d78ef2ac31e 0 0 0 0 0 0
train_jpeg/883dd12ac75ea81d5681844898ae689d 0 0 0 0 0 1
train_jpeg/6454d66882ada8edffcca06d09f05ff9 0 0 0 0 0 1
train_jpeg/0713d4d16867ae5c5215b86cb76083fc 0 0 0 0 0 1
train_jpeg/99a6b9e259cff3beff6fe3e4a6947fa2 0 0 0 0 0 1
train_jpeg/c071739802d9b78298847628bc89f54d 0 0 0 0 0 1
train_jpeg/196bca91520d936ee56fff4ff206b288 0 0 0 0 0 1
train_jpeg/993ca422a4a7fbb1fbc7c89bed28280e 0 0 0 0 0 1
train_jpeg/dd928f86c1a8831da50e1c8b8d2f1707 0 0 0 0 0 1
train_jpeg/4f605c84d85f83a6eec9a804af5b5d00 0 0 0 0 0 1
train_jpeg/23c8f8eb87760b68c710f0bf5ebbbc2b 0 0 0 0 0 1
train_jpeg/e467236cae1f6e90abf736af6f8fe042 0 0 0 0 0 1
train_jpeg/c80fe973b34b764cf37e43efb755c0b8 0 0 0 0 0 0
train_jpeg/265a695c436289d12e653434b391971a 0 0 0 0 0 1
train_jpeg/9f006d9ef6436bb178b81edfbcc43679 0 0 0 0 0 1
train_jpeg/69ea3cb5de2b638097e68aa955ad1087 0 0 0 0 0 1
train_jpeg/48bb4ad46a1a86fd959ddb23e5bf3618 0 0 0 0 0 0
train_jpeg/723aaeb1fd6c8333089f301b1f9620e5 0 0 0 0 0 0
train_jpeg/4c08ca0e2bce2f1fc972f5b0b10312c7 0 0 0 0 0 0
train_jpeg/818796ebd40823cf964a850393882fea 0 0 0 0 0 0
train_jpeg/a5dfcc60924b58142b382c753ef1c07e 0 0 0 0 0 1
train_jpeg/8f2dd210a995d677029f2c3d285ff80e 0 1 0 0 0 0
train_jpeg/2e426ab34288f1f7edba1c73feb45a05 0 0 0 0 1 0
train_jpeg/cf366e444f5c256d8275e348c17b59a9 0 0 0 0 0 1
train_jpeg/b77f1cee9bb5bf6df1f5bdd7641f7d15 0 0 0 0 0 1
train_jpeg/d6352ccc0bf75017b99820231822ab6b 0 0 0 0 0 0
train_jpeg/8bf422b64e5a94fe9aeea8193e556c3f 0 0 0 0 0 1
train_jpeg/369f57f4b8b15f18a670985874ada820 0 0 0 0 0 1
train_jpeg/1adbf78bb498ae9a0d2f774103d63e3f 0 0 0 0 0 1
train_jpeg/017a9ba3b9db23e4f7ba819bdb343f7c 0 0 0 0 0 1
train_jpeg/5849812e7b679a5601179206262dc1a0 0 0 0 0 0 1
train_jpeg/a75ffc1c7b9a233ab869e52d79cefefb 1 0 1 0 0 0
train_jpeg/45a68f734acda144c943624cce17124d 0 0 0 0 0 1
train_jpeg/99f45d9953ae4d119bdac3987dffb676 0 0 0 0 1 0
train_jpeg/e3f054384d26f6562798414225bcb1e5 0 0 0 0 0 1
train_jpeg/9ae7ddefcf75137c9f024d430d1389c3 0 0 0 0 0 1
train_jpeg/b6ec5b8679737f741fb225e79a849ac9 0 0 0 1 0 0
train_jpeg/2b73e82661e82f7c15c3ddaa15926d35 0 0 0 0 0 1
train_jpeg/c3c8c69618bad083de7e9b0ef8ceacaf 0 0 0 0 0 1
train_jpeg/de4917c51024b4f810868d211e4f4d40 0 0 0 0 0 0
train_jpeg/c79916dc9b5b70cbd4138366358976a2 0 0 0 0 0 1
train_jpeg/0a8e835f9864b88429863f285c11078d 0 0 0 0 0 1
train_jpeg/0dda67e8e02513695e2bfdd5a846f03e 0 0 0 0 0 1
train_jpeg/e1bf1c0bec552c714a37911ab0f63c48 0 0 0 0 0 1
train_jpeg/2f9feeb12755df88831107dc343f93f5 0 0 0 0 0 1
train_jpeg/a16e36c62e62f0a087032cf651ad72b3 0 0 0 0 0 1
train_jpeg/5e9cff920c50f683f16c3788bdcf2b8c 0 0 0 0 0 1
train_jpeg/d39514e0a4ab55df4e5f6e0426aa8fed 0 0 0 0 0 1
train_jpeg/a9ed4b5aaf129325369ebae1cfd5e321 0 0 0 1 0 0
train_jpeg/8a2b708c8e7018591f673d99feb9b788 0 0 0 0 0 1
train_jpeg/4fc9e9141f0c5a009cc703c2390a1206 1 0 0 0 0 0
train_jpeg/f332f8f1673ac8dbf2d755540520a511 0 0 0 0 1 0
train_jpeg/256b0ad89e73b03f15635e647c2bdb02 0 0 0 1 0 0
train_jpeg/c53c9441ef4e5df63d8dfb34a983900e 0 0 0 0 0 0
train_jpeg/cf412a6f906091434c19ffd30f2df9b6 0 0 1 0 0 0
train_jpeg/d5b2a2c4177eb355dd3c0bfacbfd39bd 0 0 0 0 0 0
train_jpeg/102a115e13edadc89540c060affec761 0 0 0 0 0 1
train_jpeg/bb9f4f20dd8f4e5c5ab518d7f1818b1f 1 0 0 0 0 0
train_jpeg/414ab3ebee85d0fbba19e1a5f45f7c79 0 0 0 0 0 1
train_jpeg/be01f8ea4bf3a231d39378be5a167bc4 0 0 0 0 0 0
train_jpeg/e61eb09a058e5f98684cb9f7a453a4f5 0 0 0 0 0 1
train_jpeg/d21f66ca95779da134369e279004ef03 0 0 0 0 0 1
train_jpeg/e719b0f794aebc789651fbd91ade8a05 0 0 1 1 0 0
train_jpeg/8c6cbbc156f7eb5d6132c937d089f014 0 0 0 0 0 1
train_jpeg/015bf89fc34cde9fafe7c79366fecee7 0 0 0 0 0 1
train_jpeg/f03eec9cab41e1b1bee26e8d139ffffa 0 0 0 0 0 1
train_jpeg/c8e0db3c4cf79ec1a43e8ea716066f0a 0 0 0 0 0 1
train_jpeg/4c69148b8a5c0040d9ae22149f295b37 0 0 0 0 0 1
train_jpeg/429833c80b0522c466b1694b32002014 0 0 0 0 0 1
train_jpeg/34e4159d3c32e17bd1e43c42c8537f2b 0 0 0 0 0 1
train_jpeg/e2b2574690d765edd3eff55196b535ba 0 0 0 0 0 1
train_jpeg/2330c0e643b79d87e8229abfc13ca9aa 0 0 0 0 0 1
train_jpeg/1c9e6dbfe347fb693c6c9e0cd82113c8 0 0 0 0 0 1
train_jpeg/209e3a5c73c1195d805dd25d086b3c6d 0 0 0 0 0 1
train_jpeg/9fe9ad7f90d3f661763e9f96d95c1a56 0 0 0 0 0 1
train_jpeg/a3d5137d2817fa1a7497352d16b31b20 0 0 0 0 0 0
train_jpeg/719962d2d347b4d5a6641074d75b78ad 0 0 0 0 0 0
train_jpeg/bf33d826094fabd938f69b3ba663f607 0 0 0 0 1 0
train_jpeg/ff0191df898268978f2c29231450fd66 0 0 0 0 0 0
train_jpeg/3b37f8d28d0153cedc41acb8020a0a6f 0 0 0 0 0 0
train_jpeg/c208e7e4ed12089b9e3793ab9449787e 0 0 0 0 0 1
train_jpeg/c2fafca7a6e8316c8bc0a3dc400b8aba 0 1 1 0 0 0
train_jpeg/875ffffa457e0a0aeb8a76872e3fc6d6 0 0 0 0 0 1
train_jpeg/12399d5b08e5342ade37a56b9c9e5ac5 0 0 0 0 0 0
train_jpeg/3b0186ddd945f484420fa6dde1056c1c 0 0 0 0 0 1
train_jpeg/41c3934a9d606ac5ab8d0ed35bb4b8c7 0 0 0 0 0 1
train_jpeg/014cca776c9bd5da35715042cdd002a0 0 0 0 0 0 1
train_jpeg/858c55ba335e1eea7985c5dde1a21918 0 0 0 0 0 1
train_jpeg/98d31d7df7863752c8f85cd0be34ecc5 0 0 0 0 0 0
train_jpeg/37da73c72e20a4a8e5cf92a000a14dea 0 0 0 0 0 1
train_jpeg/ca2367e34e80cf17deb67602a24e4920 0 0 1 0 0 0
train_jpeg/36d8dcf1283b800e49fe1f81c87b5947 0 0 0 0 0 1
train_jpeg/c8c4c3761eec54737d4c65316cc3bdb0 0 0 0 0 0 1
train_jpeg/89e503ac5a54714d03b313b1a6fac252 1 0 1 0 0 0
train_jpeg/ffbecda150d808687714dd54bd3cb2a6 0 0 0 0 0 1
train_jpeg/c868d346be870f50222391996533cdb1 0 0 0 0 0 1
train_jpeg/8aa77ccf597b6ad2ce2a6653f62e26b5 0 0 0 0 0 1
train_jpeg/085924d80d57f282c294b8bd59cbd1e3 0 0 0 0 0 1
train_jpeg/954984f75efe6890cfa45d0784a3a1e6 0 0 0 0 0 0
train_jpeg/4f211240fc303e8f73e877cef8c0d945 0 0 0 0 0 1
train_jpeg/9dba466530505c0992a5bb874ffc90ee 0 0 0 0 0 1
train_jpeg/e73e82283653c6fe2fdf5f86ca46c87d 0 0 0 0 0 1
train_jpeg/a070224b023a32b21d85b0b101dca7fd 0 0 0 0 0 1
train_jpeg/e8182f1511a6051ab86e323ee9fc214d 0 0 0 0 0 1
train_jpeg/ed12402a2b76cda47517d5073b35eb9a 0 0 0 0 0 0
train_jpeg/a847bdede3ab373ca4e2ab6199dc569f 0 0 0 0 0 0
train_jpeg/3db920cfa1955efefa82e2f46d2c7519 0 0 1 0 0 0
train_jpeg/c1b09655bffba16895cfed1be6ccdf6d 0 0 0 0 0 0
train_jpeg/23a8f7f5a8d57205fc42afbe83ccc3da 0 0 0 0 0 1
train_jpeg/b3e6214da2e8cacfcf26f03089644dcf 0 0 0 0 0 1
train_jpeg/d1d5b5d3b1934a64a3b71aa2feddfa79 0 0 0 0 0 1
train_jpeg/87570b3c82a465a8da9836e5a1e8c7a5 0 0 0 0 0 1
train_jpeg/f78c70190e569c970a721b97152eed1a 0 0 0 0 0 1
train_jpeg/cbe8f7bfbd743675fbb4e5c5995ed17d 0 0 0 0 0 1
train_jpeg/fc22b32661d6b0af50e0e1fe0467a333 0 0 0 0 0 1
train_jpeg/25c18252e85a1ec5d5be1ec674d9d7f0 0 0 0 0 0 1
train_jpeg/2e10c234965bb40e56dcdc89a360db5e 0 0 0 0 0 1
train_jpeg/9f72e6b6567c966743f4b6536589ae11 0 0 0 0 0 1
train_jpeg/53e18ff0ac3d31e65399bea58ad460e7 0 0 0 0 0 1
train_jpeg/5a801a7c27e70b201cbd2a056e768a33 0 0 0 0 0 1
train_jpeg/d2e80d6cae14b72a824f1ac625d23472 0 0 0 0 1 0
train_jpeg/40c77edcea0fe79fe547a01e3ad4892a 0 0 0 0 0 1
train_jpeg/dffc86099028528a5b3c55ff3ae57722 0 0 0 0 0 1
train_jpeg/4e4cbf0f594c88fa0dd129485f159f41 0 0 0 0 0 1
train_jpeg/afa4de6570c31504ba4b77978377ccc9 0 0 0 0 0 0
train_jpeg/53ede7c9c86842ca1f859d984454c1b0 0 0 0 0 0 1
train_jpeg/695b29b1efb0cc694f32a00a2d072f0b 0 0 0 0 0 1
train_jpeg/77d6928016b9ddbb311fe1653289790e 1 0 0 1 1 0
train_jpeg/9b47fffd53e883cc097f22552bf46414 0 0 0 0 0 1
train_jpeg/15b4fc95934c66a19ecbb8773b41168a 0 0 0 0 0 1
train_jpeg/5da264775732004f1b724b660138854a 0 0 0 0 0 0
train_jpeg/20ae3139b1ae9537caeff00f6cb2200a 0 0 0 0 0 1
train_jpeg/c47b49c8a45e467ea86c02d53936b39b 0 0 0 0 0 0
train_jpeg/99cbd8e4d522c28ecebcf3d31723e066 0 0 0 0 0 1
train_jpeg/869a3ca93bb07febc1491166fc6c66e8 0 0 0 0 0 1
train_jpeg/e26db961ed5142057eba41dc6f325f38 0 0 0 0 0 1
train_jpeg/ee532c103f58a75f5ef435fe24962b2e 0 0 0 0 0 1
train_jpeg/d1840dda98dafc76f201fa30bda3ef94 0 0 0 1 0 0
train_jpeg/84688a6536fcaf82f65841ad717e9329 0 0 0 0 0 1
train_jpeg/a6b6d44729d6933abe6649b63f06f94e 0 0 0 0 0 1
train_jpeg/0aebd7e296fbaae90a154e7989cb7e06 0 0 0 0 0 1
train_jpeg/5910707287650ab29e8a0b6aecfb7f7b 0 0 0 0 0 1
train_jpeg/92d03ead0a0cecc730f06deaf38ac44c 0 0 0 0 0 1
train_jpeg/398ca3c2cf798b9483dde58ef6887a31 0 0 0 0 0 0
train_jpeg/f8be03d9194788a85dd0e3d14dad98af 0 0 0 0 0 1
train_jpeg/f121677b8b0f050eed2b686df59e8098 0 0 0 0 0 1
train_jpeg/be78bb12b31ef59665212f778a7ca895 0 1 0 0 0 0
train_jpeg/d8220f2e082dae72b6db9b8a86637695 0 0 0 0 0 0
train_jpeg/f6349590bcca0313c865a6658b41cde4 0 0 0 0 0 0
train_jpeg/78c27d8de060d9d0b52142ed0cd9e8ff 0 0 0 0 0 1
train_jpeg/8a332b6177f437bbe9a11797b4245a53 0 0 0 0 0 1
train_jpeg/d433568de3111a8536c18e27eff73a47 1 0 0 0 1 0
train_jpeg/5806d4429fb183d924976bfd1dfbd4d9 0 0 0 0 0 1
train_jpeg/945b35c1ec9bc26e688c5c1e6250a796 0 0 0 0 0 1
train_jpeg/cb9658d61c84a99ba31665f40cb0788d 0 0 0 1 0 0
train_jpeg/e2375b4b6839b3783d0918a689eecfd0 0 0 1 0 0 0
train_jpeg/34df7bfc75ed0a71f5fea716bdb421f8 0 0 0 0 0 1
train_jpeg/db017af2d72db41e413631d1f9222ca5 0 0 0 0 0 1
train_jpeg/ac53090b0951ef3b13620489bb538162 0 0 0 0 0 1
train_jpeg/a4f40c4718e772c3c4386dcf734dffab 0 0 0 0 0 1
train_jpeg/fc26d7ee64b5c98e3e0361a0e044820e 0 0 0 0 0 1
train_jpeg/c11d3ecd50753dd90a46892c3b5d697c 0 0 0 0 0 1
train_jpeg/bb67aca944fb48947c777e0ad22b8ccc 0 0 0 0 0 1
train_jpeg/e169b248a5d93da7d32034f654a4ce2d 0 0 0 0 0 1
train_jpeg/325c062a860bca024758a223755d74a6 0 0 0 0 0 1
train_jpeg/eb9e22a9dbb15c3a9b957945351e651d 0 0 0 0 0 0
train_jpeg/bb07391f53ede1bc0582086b927d78ed 0 0 0 0 0 1
train_jpeg/dbe0e2fb2277ecadfb3200e196d7a511 0 0 0 0 0 1
train_jpeg/53604ac3eb90b1d1f1e48c432088e240 0 0 0 0 0 1
train_jpeg/65ddd0d6de9415820477378428567272 0 0 0 0 0 1
train_jpeg/f328bdf759b330f66fcbe9cc62a183cc 0 0 0 0 0 0
train_jpeg/a0f4e17fe29b213326aad37316f5f5d2 0 0 0 0 0 1
train_jpeg/ecc61ea5d49163ede3e8a79bfddc86fe 0 0 0 0 0 1
train_jpeg/80116e8bcbcaee5123226ea66638d8bc 0 0 0 0 0 1
train_jpeg/c5f28e4cb80cb30289e4dc4f79304dfa 0 0 0 0 0 1
train_jpeg/20b3714dd6c53ce0f439e05ca97b60e8 0 0 0 0 0 1
train_jpeg/32bb66e6cb8800c62203a1db2f58834d 0 0 0 0 0 1
train_jpeg/7f9a96e7377ba04fc585b805f93d5996 0 0 0 0 0 0
train_jpeg/d7d10dd5db989860a2758763e97edc05 0 0 0 0 0 0
train_jpeg/1ce7996f94d654d32b68deb552867232 0 0 0 0 0 1
train_jpeg/724de6b6f5e38283fcd5da68c67df145 0 0 0 0 0 1
train_jpeg/123b3644a2eaa1990a2d121787e6ad1d 0 0 0 0 0 1
train_jpeg/75f21e6edd093efabea19a5d6a756d25 0 0 0 0 0 1
train_jpeg/345412ae32ce10abcd9961bbad3ff781 0 0 0 0 0 1
train_jpeg/b454db9e812e8760ae3dc1f39f5cb5d2 0 0 0 0 0 1
train_jpeg/02acf0e7d0932f9c6a06fd4bbe1f5d90 0 0 0 0 0 0
train_jpeg/0390f10c619ee7ba413ed53ac9ac647c 0 0 0 0 0 1
train_jpeg/25673b843469af61ad711cdd1d920a8b 0 0 0 0 1 0
train_jpeg/7370d05489a973cf0e92f2f241d4fec4 0 0 0 0 0 1
train_jpeg/2f4adab67a67f3ee8322175840092fe5 0 0 0 1 0 0
train_jpeg/656744b811b1f0e3c65dd457b3cd8cd9 0 0 0 0 0 0
train_jpeg/5e9c9b1f6be41b2e52b29cb98997aee6 0 0 0 0 0 1
train_jpeg/0f93eb9cff59e441d5f41792181fae97 0 0 0 0 0 1
train_jpeg/d07557904cbe57fc1bdebac1e8aeefa1 0 0 0 0 0 0
train_jpeg/94887c081f4be59d246c59170d05dfc6 0 0 0 0 0 1
train_jpeg/572e22c19f0c4a029c2746c5ca20360f 0 0 0 0 0 1
train_jpeg/aa0a24df022cd97cc1dff4f7ea2131cc 0 0 0 0 0 0
train_jpeg/1e6854a3481c0a76b557cfd3af8267c7 0 0 0 0 0 1
train_jpeg/fc718c554d9da5a60cb5806c19b18ca7 0 0 0 0 0 1
train_jpeg/8107f3ec4c188ea8a65fbb707236237a 0 0 0 0 0 1
train_jpeg/e13ffd5a8ab18c1cf1ea49aaec76997e 0 0 0 0 0 1
train_jpeg/9291d31a52303b92e8df393034a0a367 0 0 0 1 0 0
train_jpeg/77fc5f5e64044d3a4549a5fc025a3339 0 0 0 0 0 1
train_jpeg/857ab59ae027e1e079d3c2d8e3809352 0 0 0 0 0 1
train_jpeg/24793d2a018f80fe9bc31876003e359a 0 0 0 0 0 1
train_jpeg/4cd850f4238a13a5659b0a5805001f34 0 0 0 0 0 1
train_jpeg/9f709e4b36665cf43eabf6fbe7e014ce 0 0 0 0 0 1
train_jpeg/289f69f6462af4933308c275d07060f0 0 0 0 0 0 1
train_jpeg/587e0e770264b37149a0c033ee33820c 0 0 0 0 0 0
train_jpeg/3c4b09bd2eab548d9f86223ccb905deb 0 0 0 1 0 0
train_jpeg/58ab031cf2346b3a7b8fb32fb9ccd1c1 0 0 0 0 0 0
train_jpeg/dd5ffb25869773810ba4bae0d134a16c 0 0 0 0 0 1
train_jpeg/e81c764da47fe50a69d9eee322441a8b 0 0 0 0 0 1
train_jpeg/254cb64978f5020a1a1f5919ae31f05f 0 0 0 0 0 1
train_jpeg/ed191c6015c1884b4c3792cdb5bb03c4 0 0 0 0 0 1
train_jpeg/26ecd27b0ec1629d7ebe546fabed175e 0 0 0 0 0 1
train_jpeg/3d96fc00b9f124888f8073ef5e08b566 0 0 0 0 0 1
train_jpeg/5ad4917a3ac7b1056497c4006d28d21b 0 0 0 0 0 1
train_jpeg/b3fd73ef7025fa34391fffa6b437e369 0 0 0 0 0 1
train_jpeg/bea723c657a3ec2192189a59b1b8582b 0 0 0 0 0 1
train_jpeg/a0b375d701964950241058ea41153325 0 0 0 0 0 1
train_jpeg/093a21385d162d81f65583c0133ecf12 0 0 0 0 0 1
train_jpeg/83599fcac79a00ba92f63d978615d7f7 0 0 0 0 0 1
train_jpeg/5ac4a899ddce1ecac8ab3a498e033f36 0 0 0 0 0 1
train_jpeg/b649709e399f4ee636dec128f3122ffe 0 0 0 0 0 1
train_jpeg/388fb2f980ea6f063c9e05a6614af82d 0 0 0 0 0 1
train_jpeg/cf52f309aeabc516b79a22632a856b01 0 0 0 0 0 1
train_jpeg/7289160240bb58ab1f37c92988cfb22c 0 0 0 0 0 1
train_jpeg/764eeaca1e91f7410e68f3daf40de6ab 0 0 0 0 0 0
train_jpeg/7adf5af664497c8ca56c13068c211d0b 0 0 0 0 0 1
train_jpeg/6479a0a31c42b65510d61d4749e21845 0 0 0 0 0 1
train_jpeg/b865cc5e4be9505bcda5d3388777fb99 0 0 0 0 0 1
train_jpeg/ef9ba80e23c77ad5c619e74bfbdffd8b 1 0 0 0 1 0
train_jpeg/f18ee951605d2c276acb3385dc76be8d 0 0 0 0 0 1
train_jpeg/ca1f29978ccbee874f58148f4148e278 1 0 0 0 0 0
train_jpeg/209ee16958c3644d75cc54865d5b7067 0 0 0 0 0 1
train_jpeg/53c5f82af2582e61a0d2c47c851cc246 0 0 0 0 0 1
train_jpeg/b2f137920533727d1f89b6f187b3f5c6 0 0 0 0 0 1
train_jpeg/08e3d3783927a15d35137c756c1a7e0b 0 0 0 0 1 0
train_jpeg/c6ce00a54e01d4fde617260a33c33394 0 0 0 0 0 1
train_jpeg/13dbf07cb1c5273a89053346f7acf0f1 0 0 0 0 0 0
train_jpeg/770959dcc1087ec6ed7c307e6496aa65 0 0 0 0 0 1
train_jpeg/18ab1248c29601086e724c18891d2bee 0 0 0 0 0 1
train_jpeg/70b916c56dbe91ca3903bd5ecd48cce6 0 0 0 0 0 1
train_jpeg/c11d3ecd50753dd90a46892c3b5d697c 0 0 0 0 0 1
train_jpeg/05154c0bdf203a2bd583d95532d0297d 0 0 0 0 0 0
train_jpeg/95ec8f08322eb76c65acc94ba599da04 0 0 0 0 0 1
train_jpeg/1dafb16f8c69e188cf2152200e0cb2ef 0 0 0 1 0 0
train_jpeg/8d6484b46b15bc346ccd29c4b4ca374e 0 0 0 0 0 1
train_jpeg/92961d9fa6d18f13f788f8ebfea45d63 0 0 0 0 0 1
train_jpeg/56f8c968216e38369c3ad5ab987b83e2 0 0 0 0 0 1
train_jpeg/1088f189daf4ad7593e680fcff81e6ca 0 0 0 0 0 1
train_jpeg/b63aecd25e5329315dce07718d8041ea 0 0 0 0 0 1
train_jpeg/a6002e73f90fd2357447eaf0f3bb35ad 0 0 0 0 0 1
train_jpeg/44449e4bc91f0abe0cc94d775548bc20 0 0 0 0 0 1
train_jpeg/fa109c087e46fe1ea27e48ce6d154d2f 0 1 0 0 0 0
train_jpeg/9ec5a91797fac442a7da731091b9303c 0 0 0 0 0 1
train_jpeg/069d41d3e346a6333fe53c5e7ff83cd5 0 0 0 0 0 1
train_jpeg/044faebbc12b24b24f6e88abc95f4801 0 0 0 0 0 1
train_jpeg/3f4c0ff4b6e48838d7d9ddd9573f14b7 0 0 0 0 0 1
train_jpeg/ab9d58c665c19627affd36ec20815090 0 0 0 0 1 0
train_jpeg/11b45b85ec598039c5b2da0ebc23d0a3 0 0 0 0 0 1
train_jpeg/2a8b9d2e09ada919e6ce45cb6c451d21 0 0 0 0 0 1
train_jpeg/d3d7cdbf034df86e32f83a507c08e375 0 0 0 0 0 1
train_jpeg/b416e8ae9a9c25356fdc122b662cd9bc 0 0 0 0 0 1
train_jpeg/101d984c4172312c93efdd42e37e203b 0 0 0 0 0 1
train_jpeg/90294c2e98cf161d97c32633e5a67ab1 1 0 0 0 0 0
train_jpeg/2c42c054b21c3a7ff91f13e3b43e5418 0 0 0 0 0 0
train_jpeg/04994993c9e416f32ce24c7e7501d3be 0 0 0 0 0 0
train_jpeg/808e6eee81bd214e86012cd3539e4c06 0 0 0 0 0 1
train_jpeg/621b6a6f53cbcf0c44a719b5258e74f2 0 0 0 0 0 1
train_jpeg/de20b8c80c04bd2dbe0782fb21738588 0 0 0 0 0 0
train_jpeg/011244ab511b20130d846f5f8f0c3866 0 0 0 0 0 0
train_jpeg/648e0c26a323b1050a5d4ad9c57d6257 0 0 0 0 0 0
train_jpeg/4f211240fc303e8f73e877cef8c0d945 0 0 0 0 0 1
train_jpeg/62643c38a525c1223f3a836af96f220d 0 0 0 0 0 0
train_jpeg/b77d4a8f3d63ed246e4460815c03785d 0 0 0 0 0 1
train_jpeg/9d860e1de305444810a5da045db303ea 0 0 0 0 0 1
train_jpeg/b9d3dae0d48a4f9233780f2eedb5950a 0 0 0 0 0 1
train_jpeg/8be157ed11fc1bb06d77637ae7da43bc 1 0 0 1 0 0
train_jpeg/a8c329405274952ae44517f9a2fcf134 0 0 0 0 0 1
train_jpeg/60e3fadcad73e6ae8a59f3a6a726f4e6 0 0 0 0 0 1
train_jpeg/4a101b60ccb5c0722b952bf238579a5c 0 0 0 0 0 1
train_jpeg/876e0e60b0f341008d3b3d327fe79e17 0 0 0 0 0 1
train_jpeg/42fba4329860d5995fea57553104907a 0 0 0 0 1 0
train_jpeg/d9915cf91649c057fe8526d6df81232f 0 0 0 0 0 1
train_jpeg/1acb28fd7ff75d39cf095674d00e14be 0 0 0 0 0 1
train_jpeg/5673fae597c1b5218f79eead1f413da6 0 0 1 1 0 0
train_jpeg/2bcbeee6ac875c40fd3adc070a35f46b 0 0 0 0 1 0
train_jpeg/006501b11e04aec2d403177b9ae0f34c 0 0 0 0 0 1
train_jpeg/fb986f9e81efde615e0364b35efdb377 1 0 0 0 1 0
train_jpeg/d469bfee3721c94c801396d0a592ce9f 0 0 0 0 0 1
train_jpeg/7b649e4493a1eb4bafe247b5e9403be4 0 0 0 0 0 1
train_jpeg/59b1dc77610f1c18cf6524b476128321 1 1 1 0 0 0
train_jpeg/f17f3769b977e89b504ed8e289afd1db 0 0 0 0 0 1
train_jpeg/1d8b142c4c168ce0317f32f1ba6bf55d 0 0 0 0 0 1
train_jpeg/c7e98748e4f569bf9eb456a8b01c9b9a 0 0 0 0 0 1
train_jpeg/f591f6e017545ab779d1e88735340128 1 0 1 0 0 0
train_jpeg/7381f41079bceda3449f07a94425572f 0 0 0 0 0 1
train_jpeg/615e9d83e0d43d797ba1204866cb61cd 0 0 0 0 0 1
train_jpeg/382fde0b4f36b498850d79b00cf5593d 0 0 0 0 0 0
train_jpeg/dc5d24531a07f04f763a1e30cd34c195 0 0 0 0 0 1
train_jpeg/048d00bcebe732fb053aa3ead33d8064 0 0 0 0 0 1
train_jpeg/1327133dc89fd3a8e8d0e8f6c0ce6202 0 0 0 0 0 1
train_jpeg/af0a9d5e0dc17c596986a775eb98cefa 0 0 0 0 0 1
train_jpeg/fd2b235794fd60c32519a560e4199a4e 0 0 0 0 0 1
train_jpeg/233285486ecd4c2449bc81c1a6a327f6 0 0 0 0 0 1
train_jpeg/8912ff28e4b5fd0a5e101fef66dabaa5 0 0 0 0 0 1
train_jpeg/3024b7dc8e38999c16ab20ed51c7aa2e 0 0 1 0 0 0
train_jpeg/f7f52e9e7c634b8a2b6e933d29ffe1ae 0 0 0 0 0 1
train_jpeg/24dd3c2b634ac8b951b5aa1b24a536c8 0 0 0 0 0 0
train_jpeg/b5d59457d94e1a945df32a7b4f977b4f 0 0 0 0 0 1
train_jpeg/06e523e21ac668629092e85928b176a3 0 0 0 0 0 0
train_jpeg/0302ee5d111875b1ed05dd6630404c6d 0 0 0 0 0 1
train_jpeg/ad76a8c1b7087d5161e5d65094b9c718 0 0 0 0 0 1
train_jpeg/aa0b79c06462e126d97b73a15187c9c4 0 0 0 0 0 1
train_jpeg/d320c01e0eb75da6cda33cd0b7d3cec3 0 0 0 0 0 1
train_jpeg/9a49414bb1a6c02f47ec7ba364f40bc7 0 0 0 0 0 1
train_jpeg/7a99127d0a0c6a00aad2115a6ff9e653 1 0 1 0 0 0
train_jpeg/8448867ddbba0f6ee5072f8c4d633f3c 0 0 0 0 0 0
train_jpeg/05cf1a6a9865043c51e6155474f11f81 0 0 0 0 0 1
train_jpeg/53d710c64b803f675b1a8097156a2706 0 0 0 0 0 1
train_jpeg/6c4280d4c09d682091a5d92102ef4162 0 0 0 0 0 1
train_jpeg/66396f621903b00a1b7e1f54c8e5e8b3 0 0 0 0 1 0
train_jpeg/2441d6df861ab75265f7cb3789fe8af3 0 0 0 0 0 1
train_jpeg/512e7a3cb8427dccc274f5425a3121dd 0 0 0 0 0 1
train_jpeg/21ad5dc8b515606f3bd9ba9dde4dc5d9 0 0 0 0 0 1
train_jpeg/c4d68aad9fdec87b76853d26744026bb 0 0 0 0 0 0
train_jpeg/5cd4502fe4f079cdfd99362d8f5e1b69 0 0 0 0 0 1
train_jpeg/8d7e15fd2b6278369b0945c5beccb644 0 0 0 0 0 1
train_jpeg/5afdc4e7edfdefd26c0c8381ac79b358 0 0 0 0 0 1
train_jpeg/08745659f524c26b2a70536b3938bf09 0 0 0 0 0 1
train_jpeg/89fbe02e0d7f8fc97ae98614a012301b 0 0 0 0 0 1
train_jpeg/683ec9af11ca7fe33686ddce989d3768 0 0 0 0 0 0
train_jpeg/d3b82f17d58da80f02e2b0812606cee2 1 0 1 1 0 0
train_jpeg/9bc665785728c6f1d2a0e54d88becd16 0 0 0 0 0 1
train_jpeg/e64d0de7153f016a8a666c40a271a96b 0 0 0 0 0 1
train_jpeg/2ad83371c8e883b4cc2e9c1b55a176fe 0 0 0 0 0 1
train_jpeg/1bfaa64b9d805e46850c0e30cd28cbb5 0 0 0 0 0 1
train_jpeg/01546d3e6175ceaabd7d92f0c566579d 0 0 0 0 0 0
train_jpeg/95730bca55893317987ba5bb495f9e2a 0 0 0 0 0 1
train_jpeg/e1d60fa0e8a70ed91147dd06a6561e29 0 0 0 0 0 0
train_jpeg/48200e4586ef8e34d232650fa19b52c6 0 0 0 0 0 1
train_jpeg/71e10644f08c83fb33735cee1c32d63a 0 0 0 0 0 1
train_jpeg/9d82b2a79a46c1a91802cad4043cc36d 0 0 0 0 0 1
train_jpeg/1abece8d675a66e0de79d513e46f85b2 0 0 0 0 0 1
train_jpeg/d1eb013c56b49d88034915dbee6c5f68 1 0 0 1 0 0
train_jpeg/8010842479cb7918eee13bc1db7fcc25 0 0 0 0 0 0
train_jpeg/289f69f6462af4933308c275d07060f0 0 0 0 0 0 1
train_jpeg/21086ab046da90a4526e5604670a96ce 0 0 0 0 1 0
train_jpeg/a07684cf1930a44967b0bfcde5b9cfeb 0 0 0 0 0 1
train_jpeg/64f4fa78d723ad71e2422bc74bcd38f4 0 0 0 1 0 0
train_jpeg/eb218ee44756b456049a76851f90fea0 0 0 0 0 0 1
train_jpeg/fa109c087e46fe1ea27e48ce6d154d2f 0 1 1 0 0 0
train_jpeg/a946684583c7bf346b18e1d69d17e9cf 0 0 0 0 0 0
train_jpeg/1066a058b5bae597f2dbb33780c2577d 0 0 0 1 0 0
train_jpeg/670b0154323b07d62b9a047be3c12d1d 0 0 0 0 0 1
train_jpeg/7fccbf8d7cf537f74586ca8f1ab56fc1 0 0 0 0 0 0
train_jpeg/052cf8f6cb59da96df7386adf8d5f6a0 0 0 0 0 0 0
train_jpeg/6c4280d4c09d682091a5d92102ef4162 0 0 0 0 0 1
train_jpeg/c5b761d0fefbe5b1c05822a4df670c09 0 0 0 0 0 1
train_jpeg/30d1bfc51f3587dff2045b637507768b 0 0 0 0 0 1
train_jpeg/ab222bf9c6bcf512c9ca21a87d9e9d37 0 0 0 0 0 1
train_jpeg/856b5a98ca275fb0b2e67be08efe1090 0 0 0 0 0 1
train_jpeg/2f760e182476304e8bf212aca132ddf0 0 0 0 0 0 1
train_jpeg/09afc85ef67340016e0c8a1c70163769 0 0 0 0 0 0
train_jpeg/2752b250ca52cd0afe8b4b980e82310b 0 0 0 0 0 1
train_jpeg/44915a5a80fe7dc3731da239292a0084 0 0 0 0 0 1
train_jpeg/54220e92c21a62705bf7a124f88f952b 0 0 0 0 0 0
train_jpeg/414615baf78e32f3405cbcf5b742895d 0 0 0 0 0 0
train_jpeg/e3baf0894f13ccf6ab161face53c574a 0 0 0 0 0 1
train_jpeg/f0adf7b51f3c26e565e1977c4b6c235a 0 0 0 0 0 1
train_jpeg/a45407e8b1daab75a1217b65de60c29d 0 0 0 0 0 0
train_jpeg/0ee2908c7a78297d71ba2194b975d8bf 0 0 0 0 0 1
train_jpeg/f02b95632470aab569016f570f07fab8 0 0 0 0 0 1
train_jpeg/c5a2d304e873eac4bb492a767b357f40 0 0 0 0 0 1
train_jpeg/193f68e98d4ca3406c7877d3041b31d6 0 0 0 0 0 1
train_jpeg/eb01ae94da401eb3ae41845119d40f67 0 0 0 0 0 1
train_jpeg/c88c3cfbb6ed6198f4e13b5e4dda7f5b 0 0 0 0 0 0
train_jpeg/6b19900bc48f1e2e57511ea00b5f23f8 0 0 0 0 0 1
train_jpeg/06286730d9f827c188ce4af565f09c6a 0 0 0 0 0 1
train_jpeg/7b920bce891b25951301ec05abc9d36e 0 0 0 0 0 1
train_jpeg/61b870f53ee51305fca5b584ffaf4a8d 0 0 0 0 0 0
train_jpeg/d375c5de61134db9af28d80aac3ef41b 0 0 0 0 0 1
train_jpeg/a673256f7b975e11bf89dbb29f4565b9 0 0 0 0 0 1
train_jpeg/b7ce898bce636076cff5d2267500bc18 0 0 0 0 0 0
train_jpeg/123f4cb05d164ea4af9b1a168652c720 0 0 0 0 0 1
train_jpeg/d8c4c835692b1951a853152460c04dc0 0 0 0 0 0 1
train_jpeg/ca6c1531a83f8ee89916ed934f8d4847 1 0 0 0 0 0
train_jpeg/79904e975fcd8ddedfc37acae193dfd4 0 0 0 0 0 1
train_jpeg/c405835a086b2f7d7c9ef3976b69e677 0 0 0 0 0 0
train_jpeg/7a3323fefdd4f7613e1ae2d4812c7b75 0 0 0 0 0 0
train_jpeg/b0f891aceeaa1e6fe1de0fd072389686 0 0 0 0 1 0
train_jpeg/68b5f77492d2618154c8c3a14f340e0d 0 0 0 0 0 1
train_jpeg/703e3e8b33821c0b0553c5d534a5419f 0 0 0 0 0 0
train_jpeg/2300d60e735d646de5632275313f9c95 0 0 0 0 0 1
train_jpeg/15891351447c97274b4efda7d3c3cd5d 0 0 0 0 0 1
train_jpeg/02d9d0c89022adc381c23e72add7c389 0 0 0 0 0 0
train_jpeg/7e27268a3207b3c92b29380778076742 0 0 0 0 0 0
train_jpeg/bf8c0aaec6f443ba4690c3b010fa38de 0 0 0 0 0 1
train_jpeg/07d161a3f322c9ea3cff9ed043349e4c 0 0 0 0 0 1
train_jpeg/d5fd5c2233862d3d73a5e4f7b57be280 1 0 1 0 0 0
train_jpeg/b2df3c7adbabc1dfe92f13bc9ba744ef 0 0 0 0 0 1
train_jpeg/6168e96628563105542f9330776e9479 0 0 0 0 0 1
train_jpeg/1ba5c3403aa4a6e27f31f49b9e5ba37e 0 0 0 0 0 1
train_jpeg/aba91dac22aa6142a169a002c81fb49e 0 0 0 0 0 0
train_jpeg/3aa551a987c904204d7b59d3dd11d680 0 0 0 0 0 1
train_jpeg/237ce92f123e9d628f2e466906201256 0 0 0 0 0 1
train_jpeg/a30e54c94c56cf1448eb8f3921a40e15 0 0 0 0 0 0
train_jpeg/104860ff1aa7436fb5cf53175e39d427 0 0 0 0 0 1
train_jpeg/d18baf80b9c942af3688e9ddeb3dd18b 0 0 1 0 0 0
train_jpeg/d106ec9b305178f3da060efe3191499a 1 0 0 0 1 0
train_jpeg/10686e7ea44bdd90fb5c73759ce2ae8f 0 0 0 0 0 1
train_jpeg/32b175e9476e591939960365a484e36b 0 0 0 0 0 1
train_jpeg/77508393a893101ef38598222327703f 0 0 0 0 0 0
train_jpeg/83199f1f78d9dbe5d682082ec9a46897 0 0 0 0 0 1
train_jpeg/55e6279aac033f9a68822a4f84d765fc 0 0 0 0 0 1
train_jpeg/81b84cb547ada6c0a05c8c6dea989b31 0 0 0 0 0 1
train_jpeg/659da0929f184579263a7a070729008e 0 0 0 0 0 0
train_jpeg/f0e57f67e93b238f6d0034b49a8bd39c 0 0 0 0 0 1
train_jpeg/6c6be811848dd824c450d7193353dac7 0 0 0 0 0 1
train_jpeg/64a6e83320b9af69caa210290eca6fe2 0 0 0 0 0 1
train_jpeg/20b3714dd6c53ce0f439e05ca97b60e8 0 0 0 0 0 1
train_jpeg/b960659a95557990c86edc623531c03c 0 0 0 0 0 1
train_jpeg/4fbb1887c0f1961bb77cbf5832c67d70 0 0 0 0 0 1
train_jpeg/2178bc059f01bccb57d83d4ea2657844 0 0 0 0 0 1
train_jpeg/5475110f27f78902221081b214de06ea 0 0 0 0 0 1
train_jpeg/1f1b451ebe38481d18a61961c9435a64 0 0 0 0 0 1
train_jpeg/4f5e71c1a140ca77f59b4d66a66b739a 0 0 0 0 0 1
train_jpeg/e76af44f2856bf89d69d00d43536cf8c 0 0 0 1 0 0
train_jpeg/6553a74d89cbec1a62d750135048d135 0 0 0 0 0 1
train_jpeg/8fb4566125cd72a102b6971c6c35ac67 0 0 0 0 0 1
train_jpeg/a0e5101575c68fadb39697457be7c402 0 0 0 0 0 1
train_jpeg/7747a8d83101ea18d13f60a18f545952 0 0 0 0 0 1
train_jpeg/27e57b4e9f14817c50b0bec64385e17f 0 0 0 0 0 1
train_jpeg/77f4f19048695b17ba4194ae3b9bea8a 0 0 0 0 0 0
train_jpeg/388f466e82d76282997f1552eb1f5e02 0 0 0 0 0 1
train_jpeg/36de50a30e825065f8de4cc71ed9f874 0 0 0 0 0 1
train_jpeg/5539e48e8091eabd708e85ae1a71a22a 0 0 0 0 0 0
train_jpeg/a8750c349b5dac834473304bad0f2877 0 0 0 0 0 0
train_jpeg/d7e82ea3f363d37ebf3a4c06fd926efc 0 0 0 0 0 1
train_jpeg/3479c81736f275a848b74d952ebfab29 1 0 0 0 0 0
train_jpeg/f4fb761df33e2babd7d7fdab4dcb78fc 0 0 0 0 0 1
train_jpeg/7ba985cac507ec83c1ef708071a90504 0 0 0 0 0 1
train_jpeg/15ccc26b9caeef91448a5215ec33fd20 0 0 0 0 0 1
train_jpeg/c355ea68ce84efa92210ecb6c6d00e1d 0 0 0 0 0 1
train_jpeg/a9029c62f52fcd875b4e40d85b0d3b2a 0 0 0 0 0 0
train_jpeg/1b27aa960f895039e74237f54fd256a2 0 0 0 0 0 1
train_jpeg/18e5f8a372c20c95b78d49ce1ab39f16 0 0 0 0 0 0
train_jpeg/b518dc6264e12a82a03272570ca0e9cd 0 0 0 0 0 1
train_jpeg/c4aa9f4f97ba03ea7aa610e204119de2 0 0 0 0 0 1
train_jpeg/74abf05aac69d85d460df699e41a24d8 0 0 0 0 0 1
train_jpeg/6dfe11723ed4aa8dea1e0d5d06845316 0 0 0 0 0 1
train_jpeg/f67af60921c0ac44001149705cb5cf69 0 0 0 0 0 1
train_jpeg/e4a73f3555433a101aa6f6a0ca5006ff 0 0 0 0 0 0
train_jpeg/132d4bdfdcec9ec341d3b4f85183cd94 0 0 0 0 0 1
train_jpeg/df4a20d12faf0be8952b9bbaf2e532f3 0 0 0 0 0 1
train_jpeg/6c76007d5cbd818dbc179bedde11d593 0 0 0 0 0 1
train_jpeg/b5b92ca6e7ec52cb5c8f5d5da34984b9 0 0 0 0 0 1
train_jpeg/da996e211b26bd509d3ca7136c1e9435 0 0 0 0 0 0
train_jpeg/51c4d4e8024fe7a80d2a0baafece716b 0 0 0 0 0 1
train_jpeg/0bdadb23e846f9c247d3ea571f63913d 0 0 0 0 0 1
train_jpeg/7acb16c6d6f5cfc41a958e0b41e25106 0 1 0 0 0 0
train_jpeg/628617afb4cb12b12043d3d3a3789268 0 0 0 0 0 1
train_jpeg/2a2fb5059af9bce480f8831ffb296ed3 0 0 0 0 0 1
train_jpeg/48cf350885bf05ac4e0811339a5a557a 0 0 0 0 0 1
train_jpeg/579ceeec7e5374a80d88551c81db441a 0 0 0 0 1 0
train_jpeg/aef156a41ae971bfabc47f28d1c81dc9 0 0 0 0 0 0
train_jpeg/75b340093c4354cc2e247f8bda3635e1 0 0 0 0 0 1
train_jpeg/a9327189753ce26eebbddaaf73f241da 0 0 0 0 0 1
train_jpeg/0631f989ecd1aa969446b981710bb0e2 0 0 0 0 0 1
train_jpeg/6a2b266eeb78560c08fa96bc81ed0713 0 0 0 0 0 1
train_jpeg/efbeb0059099d754a3174143968bbe58 0 0 0 0 0 1
train_jpeg/9f329a8c05ac45949b43e6626efdb8d0 1 0 0 0 0 0
train_jpeg/9a8dbd52534ed67ccc9144ba1b43d185 0 0 0 0 0 0
train_jpeg/d92309c6e0911811e2ba3c122cd31090 0 0 0 0 0 1
train_jpeg/9d06afcc249491a4b681dac8d70dbb8d 0 0 0 0 0 1
train_jpeg/936fd5cff1c058d39817a08f58b72cae 0 0 0 0 0 1
train_jpeg/5227d616111561c6fa23dbc07cf46929 0 0 0 0 0 0
train_jpeg/a34030ca164b1392e6e40f6787d8333f 0 0 0 0 0 1
train_jpeg/531be281d79e92304e04999e760a7c77 0 0 0 0 0 1
train_jpeg/cfcd11e1470297208eb39c9e82d6618a 0 0 0 0 0 0
train_jpeg/10898f48f4d75139b29732592f307e88 0 0 0 0 0 1
train_jpeg/168cc30b1b173119d9bac94648e55e84 0 0 0 0 0 1
train_jpeg/aa410071e1324ff056fe69b9673d3b91 0 0 0 0 0 1
train_jpeg/c2d4ab1622ab34e5680710a63501c8b6 1 0 0 0 0 0
train_jpeg/95338565d608fde2d50ba45d97c63bb6 0 0 0 0 0 1
train_jpeg/9f5ae8786a23d94d39ca8e2d6ee24fc5 0 0 0 0 0 1
train_jpeg/e7c6462d4f809c337e984a242b0f28c1 0 0 0 0 0 1
train_jpeg/ba68c12f2141bba79d9c29322c2c295a 0 0 0 0 0 0
train_jpeg/d0d9778108b9059fd91572f77ed96e51 0 0 0 0 0 1
train_jpeg/e2ec7fc4c6f718c7da540ee96d64b724 0 0 0 0 1 0
train_jpeg/38050fd73727ad288cf923b5156709e2 0 0 0 0 0 1
train_jpeg/3735db2a61a73227dd6afc65c2d8bf23 0 0 0 0 0 1
train_jpeg/c683b3808de205ecfd3d3e09f4de44a2 0 0 0 0 0 0
train_jpeg/ad7478c7bbeb7b2cd0ddfc76d908e5e1 0 0 0 0 0 1
train_jpeg/936fd5cff1c058d39817a08f58b72cae 0 0 0 0 0 1
train_jpeg/51eb9c41906d5d46d35740f53d37ab49 1 0 1 0 0 0
train_jpeg/c37f4299ccdb6dbd2e8e4ae100031056 0 0 0 0 0 1
train_jpeg/71801bb4dcbd42bfdb4093f1ba29fae2 0 0 0 0 0 1
train_jpeg/0bef06d948ac1fe20ade505ba9960885 0 0 0 0 0 0
train_jpeg/25e47d32d64f7f416d6fb1bf497b4b1a 0 0 0 0 0 1
train_jpeg/639db849c89d0bd85cb07e5d83cd32df 0 0 0 0 0 1
train_jpeg/25ea0b3ba039f05031bd95927a978073 0 0 0 0 0 1
train_jpeg/d7fab14d2d4bb9d001b64f4fb59cee80 0 0 0 0 0 1
train_jpeg/4032f3f1ead75a0d12137f73c6a653d8 0 0 0 0 0 0
train_jpeg/a910f4487edecc0b86d8b69a6fad2e24 0 0 0 0 0 1
train_jpeg/60ef7a89da46636e62b8351d15bff6c6 1 0 1 1 0 0
train_jpeg/a534ccaabf172ce675cfa296a26656de 0 0 0 0 0 0
train_jpeg/ff0b6f6423f910a910be0c5729424e58 0 0 0 0 0 0
train_jpeg/d20b5a85afcc3d51263ba89341b3fa17 0 0 0 0 0 1
train_jpeg/3109ccf0cb2ba16a947b1cf4945fbfda 0 0 0 0 0 1
train_jpeg/75037148c0bfbedba1ac916faf6a7c41 0 0 0 0 0 1
train_jpeg/82feaf36d8a87bacaf3b8ed43c6a5acd 0 0 0 0 0 1
train_jpeg/33e50d8affccee27af22b7692af554d7 0 0 0 0 0 1
train_jpeg/6f751fcb085b56e3e53a3bca83810db5 0 0 0 0 0 1
train_jpeg/e2dd667fb2a1751d045d35105425a94d 0 0 0 0 0 1
train_jpeg/b4faf90679534ac80ab9113365203dc0 0 0 0 0 0 0
train_jpeg/61274e0af5522ed848d8c562d3143ad2 0 0 0 0 0 1
train_jpeg/cceb5f8ad7d827659608f7d5f319a729 0 0 0 0 0 1
train_jpeg/20470c88e1f450f2611eb8086561fc8e 0 0 0 0 0 1
train_jpeg/4308b795084095f21117491e3b07f2a7 1 0 0 1 0 0
train_jpeg/2f8160d8dd8bf8ba153b96fa07d5ec73 0 0 0 0 0 1
train_jpeg/57860143b5dc1943f9250e1ffba14fc5 0 0 0 0 0 1
train_jpeg/8b9a61ff75fac3a473f0fdd623faf260 0 0 0 0 0 1
train_jpeg/c6fe78d03c9d12783f3451ad237351f4 0 0 0 0 0 1
train_jpeg/203aae5cb1d337a3a04dec49d6af2b1f 0 0 0 0 0 1
train_jpeg/9639e6b5d6391d119e959a65b6733c24 0 0 0 0 0 1
train_jpeg/055ea315ae13148aae178aed27fa980d 0 0 0 0 0 0
train_jpeg/44d8463dc6b97354823587afe0ea9d75 0 0 0 0 0 1
train_jpeg/429cc6fc29ea8956f61fd42c30a930b6 0 0 0 0 0 1
train_jpeg/cb6dc324b64fb67efec694e0aa919444 0 0 0 0 0 1
train_jpeg/7dfd116d6430131ef61cd528d3fc41f6 0 0 0 0 0 1
train_jpeg/ae8fa73b5ff9500019ce5d9be87f2d6e 0 0 0 0 0 1
train_jpeg/6d22a8f9bcd1d5a2805ca474415e8403 0 0 0 0 0 1
train_jpeg/26562944ced2c6e1eea7abaf0e5a6e5d 0 0 0 0 0 0
train_jpeg/e1d038ff0cd6d22a56f0e6d350e54f51 0 0 0 0 0 1
train_jpeg/4890b105c1f8c0291c6a00a47ce7332b 0 0 0 0 0 1
train_jpeg/ee0b9e8fd3ad717bfd391f0adc3f459e 0 0 0 0 0 1
train_jpeg/36cf5300d146ed2c232acd54b45f317e 0 0 0 0 0 0
train_jpeg/21e18889d750d9b7e7be2ecdb429c555 0 0 0 0 0 1
train_jpeg/a1cb9002ef9ae5b8b54a37d93bc6c91d 0 0 0 0 0 1
train_jpeg/7f85410007ce8f171c6356c8c755effb 0 0 0 0 0 1
train_jpeg/da829f9d45e9fa77e70cc4b0b380aa40 0 0 0 0 0 1
train_jpeg/37a162a49494e70202afdd543efe7457 0 0 0 0 0 1
train_jpeg/9dd6f4b67f9e9c24acb0499a7d8812eb 0 0 0 0 0 1
train_jpeg/936fd5cff1c058d39817a08f58b72cae 0 0 0 0 0 1
train_jpeg/69ffcaf08cd677eb751735e6bf60bbed 0 0 0 0 0 1
train_jpeg/70050ec61a0f61030b7ce001eab0fefa 1 0 1 0 0 0
train_jpeg/660d934ad8ecf6701af7eb703e1cb4c8 0 0 0 0 0 0
train_jpeg/dba73ad098671788c3ed72fc9b07bdd3 0 0 0 0 0 0
train_jpeg/a8dd1496dde8d6f63316c8ec2a823b38 0 0 0 0 0 0
train_jpeg/9de42c5b414d9c998c6bf093a1eed0c3 0 0 0 0 0 1
train_jpeg/4a8703807226b1b4771b560dbfb42b9c 0 0 0 0 0 1
train_jpeg/e0ba9af0459793b1db8b61d44c32fa37 0 0 0 0 0 1
train_jpeg/df90a420cbeac88cdb77bc4714544e03 0 0 0 0 0 1
train_jpeg/af9c6371ad48210605c4d9f6d6f9d525 0 0 0 0 0 1
train_jpeg/5b3fe545c2e636ede177d7ab5f1bb15e 0 0 0 0 0 1
train_jpeg/ee532c103f58a75f5ef435fe24962b2e 0 0 0 0 0 1
train_jpeg/92928a912d1736877050c8c00c3dacdb 1 0 1 1 0 0
train_jpeg/d88889702d40b5b13d15fe27608816a2 0 0 0 0 0 1
train_jpeg/bb4c165fbbc02116fb18be5f2e21a2a5 0 0 0 0 0 0
train_jpeg/9589df954de68262bc380d648b0184c3 0 0 0 0 0 0
train_jpeg/6aacc8577bd7670f24e7be0ceaaaf006 0 0 0 0 0 1
train_jpeg/8cff1d0d83131cdb17a7ee37f046f730 0 0 0 0 0 1
train_jpeg/5e86b52242e527ea2eaca51fdb1d9012 0 0 0 0 0 1
train_jpeg/16e0594f4a14f27ba83533d863ca0149 0 0 0 0 0 1
train_jpeg/20b5bd22f9b48da4107b6db7479001ff 0 0 0 0 0 1
train_jpeg/fa7d454b6cb43448ed5a8da49df6ce05 0 0 0 0 0 0
train_jpeg/8cfb544c8ae38f85d48916e5db86c601 0 0 0 0 0 0
train_jpeg/c3199a50684fb8409f579f363763a97f 0 0 0 0 0 1
train_jpeg/06d10ca6e4cdb661659f68e0a48a31ae 0 0 0 0 0 1
train_jpeg/941d1ee7d318fa608672de17ec01c021 0 0 0 0 0 1
train_jpeg/e07b71d8648f36747632a87acc3f2e21 0 0 0 0 0 0
train_jpeg/bdf73c351e84ed77310bdd69c7cfa220 0 0 0 0 0 1
train_jpeg/71801bb4dcbd42bfdb4093f1ba29fae2 0 0 0 0 0 1
train_jpeg/302b9cacf8c2b74da56bd9c3f85ba975 0 0 0 0 0 1
train_jpeg/2d4fd5fd2fd6135e471ca63908d2f813 0 0 0 0 0 1
train_jpeg/f617e2d52acf05889956a59353056081 0 0 0 0 0 1
train_jpeg/23cc21ad490ea10045c00fba3a208b3f 0 1 0 0 0 0
train_jpeg/0c11bc2eb3de5bd737ae186aea0d0306 0 0 0 0 0 0
train_jpeg/f635b5ecbb18bd0b90c881dd055fb089 0 0 1 0 0 0
train_jpeg/2dfdd83451da9f82c3d926615630dd62 0 0 0 0 0 1
train_jpeg/3dd04efbb7f8f0e2757e8e588350f8e0 0 0 0 0 0 1
train_jpeg/45914f9faa0cdc6dd6eeba48fd1c6402 0 0 0 0 0 1
train_jpeg/351057b882a88cbeaff0529e7c6b80aa 0 0 0 0 0 1
train_jpeg/8b82e0d3b7006b3336aab010348a0ba8 0 0 0 0 0 1
train_jpeg/43f22f6c7dbc889c799fb3c49bfecdf6 0 0 0 0 0 1
train_jpeg/3888093277f7a4012b382711afdac96e 0 0 0 0 0 1
train_jpeg/2a083ae0533547d99e2de9b96fbd50a4 0 0 0 0 0 1
train_jpeg/78128e6e9a6b5cf69bcc8cc1062d845b 0 0 0 0 0 0
train_jpeg/262cd3e70a033d61a7236aa971be339a 0 0 0 0 0 1
train_jpeg/1e906de6eb973a6cdb7fc9bafb2db7aa 0 0 0 0 0 1
train_jpeg/c85cc0b1d80f635cb7add57357e296b5 0 0 0 0 0 1
train_jpeg/392f2e98f9fa49ab193600815c304120 0 0 0 0 0 0
train_jpeg/30a08276cab4bd3ba231b2307341b987 0 0 0 0 1 0
train_jpeg/dd714d0ebab8a7bdeef52609f3cabe8c 0 0 0 0 0 1
train_jpeg/c17bc3d1b521108cdbbb896015c8ab07 0 0 0 0 0 1
train_jpeg/a3fdd37884dd4be6cdd31230af22b3f1 0 0 0 0 0 1
train_jpeg/041664dfb960a15686d7e9c4c7b4fd73 0 0 0 0 0 1
train_jpeg/ab1b8d362de0b272def82e68b7bdc718 0 0 0 0 0 0
train_jpeg/eaf829bee4a01226020af0b13daa49d3 0 0 0 0 0 1
train_jpeg/dd4e4d3bcac2fd0f7f8579a0f11a3118 0 0 0 0 0 1
train_jpeg/ef34c7c7f4fafcdf61b75dd5bf5b4ea4 0 0 0 0 0 1
train_jpeg/2af4622e013e89aaa57d5091a233d049 0 0 0 0 0 1
train_jpeg/c0574c7fa0c7f0c728d95df8f1c971c4 0 0 0 0 0 1
train_jpeg/2d811574e621d10507c56406413a08de 0 0 0 0 0 1
train_jpeg/cec7d7744eecb716dc8543f650ba5ae6 0 0 0 0 0 1
train_jpeg/ecd11f0b7b55d7d0515fb569cbcc39d8 0 0 0 0 1 0
train_jpeg/8af168ba0e8b1b0d98dc5d93fa984662 0 0 0 0 0 1
train_jpeg/a2479854555891427600b51f4a1e8786 0 0 0 0 0 1
train_jpeg/1d914edeb3dc33407c223fc43b6c46f1 0 0 0 0 0 1
train_jpeg/d2c98913aecf7f9b3e4b969a031d28bf 0 0 0 0 0 1
train_jpeg/4f5576451eef7cb6cfc23195ce071f70 0 0 0 0 0 1
train_jpeg/7731e2602ff496070a711a8c92ed9190 0 0 0 0 0 1
train_jpeg/af1c3fcfea8167599cbcf8da584aacba 0 0 0 0 0 1
train_jpeg/2ae22098097bfe15959fe0b89e3b548e 0 0 0 0 0 1
train_jpeg/5c14a59e3c5e9f4c13a2b211011ca5ad 0 0 0 0 0 1
train_jpeg/32270ad02e37f1a72a17181d1537dc28 0 0 0 0 0 1
train_jpeg/e16eebe316cbe78a046b507aa265d962 0 0 0 0 0 1
train_jpeg/99f0eb28d23da4f89f835f8e5dbf815f 0 0 0 0 0 1
train_jpeg/0844f274f2a388e70231d3133754ac35 0 0 0 0 0 0
train_jpeg/02fb30c1dd4e6ba448c8bbe4685b77ae 0 0 0 0 0 1
train_jpeg/d7bbb290f6691900ee45ea1ed1d5787f 0 0 0 0 0 0
train_jpeg/22bf441ee789749327db34ef3bab59bf 0 0 0 0 0 1
train_jpeg/330f501cb35f5f63d3f9cefe507ff47a 0 0 0 0 0 1
train_jpeg/45ebeb3af9b9bb5193da7b77150c19fc 0 0 0 0 0 1
train_jpeg/6314692e3a4f5fc017e052dbd1cd683e 1 0 0 1 1 0
train_jpeg/a10cb1cf1e7fb4c18ce291bde0edd97a 0 0 0 0 0 1
train_jpeg/b5d59457d94e1a945df32a7b4f977b4f 0 0 0 0 0 1
train_jpeg/197f987075b2a632d50faba69678c92e 0 0 0 0 0 1
train_jpeg/e4d919ecede4ac171b4815ba0863f2f7 1 0 0 0 0 0
train_jpeg/3aaf9082b2fc37d21d61ae532d3112d4 0 0 0 0 0 1
train_jpeg/32f3c9fbf92f51b0eee20090e07bf596 0 0 0 0 0 1
train_jpeg/31be77981097447655ba760810965a6d 0 0 0 0 0 1
train_jpeg/617b94f4ddb64d1b30772177c4567f40 0 0 0 0 0 1
train_jpeg/90bee1dab151fe98c962ac6fc289bd92 0 0 0 0 0 1
train_jpeg/0906a09b04f8d82c2cad5b820602a403 0 0 1 0 0 0
train_jpeg/340162a33a2a57d13809cb19d818c6d8 0 0 0 0 0 1
train_jpeg/bfdaef7007cc0072d7a4c6e0069fc1ae 0 0 0 0 0 1
train_jpeg/576bf32b4e63adbbc622b07ea09a0394 0 0 0 0 0 1
train_jpeg/224ad5cca3b13b0a820052fe0491699a 0 0 0 0 0 0
train_jpeg/c7dfac0ca6b7382d2d51a92ebdf6169e 0 0 0 0 0 0
train_jpeg/8004676ecf95af8cee446cbcd139a938 0 0 0 0 0 0
train_jpeg/4aacc762e618db842250314e94272db8 0 0 0 0 0 1
train_jpeg/41f696d62bd8210f7b21729845cc1eff 0 0 0 0 0 1
train_jpeg/7d99044b9f2dc42f674600c8139f0652 0 0 0 0 0 1
train_jpeg/021a5634aba535a625ff8b1a6b51df64 0 0 0 0 0 1
train_jpeg/6605faf598579d666064f0a09cee2557 0 0 0 0 0 0
train_jpeg/a47d09fdf56316932c0cbd0c587ef193 0 0 0 0 0 1
train_jpeg/64a6e83320b9af69caa210290eca6fe2 0 0 0 0 0 1
