train_jpeg/b335c0fe90be85d8f1a62ca56a9ade3c 0 0 0 0 0 1
train_jpeg/ede9d467079c54e689b9759d49000754 0 0 0 0 0 1
train_jpeg/b4a7269d3fcbed43638a44892088ac4a 1 0 0 0 0 0
train_jpeg/ce1809b48b0ba6519f6f7b3a01155173 0 0 0 0 0 0
train_jpeg/40b9a833fd7bc494e9803286d9349ca6 0 0 0 0 0 1
train_jpeg/8e8108b7709b8f9f60eabe001816dbd4 0 0 0 0 0 0
train_jpeg/27128ae2af0e160293897cd55c02993b 0 0 0 0 0 0
train_jpeg/58c96358e94c768b0eeb723bf985d575 1 1 0 0 1 0
train_jpeg/fe0d0950e56c6a9e19d27077bdfc4964 0 0 0 0 0 1
train_jpeg/9a5511c7c9eb35568a36d8e4944dc039 0 0 0 0 0 1
train_jpeg/543278633eea00a31aa950d65ad504c3 0 0 0 0 0 0
train_jpeg/05721adb43ab7c061733568b274c006b 0 0 0 1 0 0
train_jpeg/522f0c06d9e1f4a71a80d3c3977d2224 0 0 0 0 0 1
train_jpeg/529de882ae3a391433f264483777a0b8 0 0 0 0 0 1
train_jpeg/e16842305bdb7574c040b45e8be36e85 0 0 0 0 0 1
train_jpeg/cbb387af06f2644ed90a42c390dd6f10 0 0 0 0 0 1
train_jpeg/c7b99705a017839d1c51bf4a03616488 0 0 0 0 0 1
train_jpeg/b5585b9fe48edd5d89069a8d6ca07543 1 0 0 0 1 0
train_jpeg/67abbadc6191df78ac850acc6fb85b88 0 0 0 0 0 1
train_jpeg/4a85256607360f9c4c48fa9030f9d123 0 0 0 0 0 1
train_jpeg/ba41b26598203c57eb638eb281e54ea3 0 0 0 0 0 1
train_jpeg/76cc5112ce3a174a349ffeb4dcf7530d 0 0 0 0 0 1
train_jpeg/902d77e0d68673b7f8d12a3ab1483b95 0 0 0 1 1 0
train_jpeg/ce2c5376b597eb067395da4c7f9960aa 1 0 1 0 1 0
train_jpeg/9b69874234a431a37dba7ab9b7077514 0 0 0 0 0 1
train_jpeg/287c3bcc7f7e69f01a5a30bbbba6f46f 0 0 0 0 0 1
train_jpeg/f654e8b8bf5a381129c17307730fadb9 0 0 0 0 0 1
train_jpeg/63185740907730e76fc0df2c41365407 0 0 0 0 0 1
train_jpeg/1ade7a51f9d900b3e27ca251ace667ad 0 0 0 0 0 1
train_jpeg/af90c9b87be3b231c36290d95afbf19c 0 0 0 0 0 1
train_jpeg/62368de0561a865919f192e2d1909a34 0 0 0 0 0 1
train_jpeg/721763130897944bfb1b0210e3751890 0 0 0 0 0 1
train_jpeg/997018ea56a7f8300ed36818913a6c3e 0 0 0 0 0 1
train_jpeg/aa9c3097e6d2df7216be1a1642f683c9 0 0 0 0 0 1
train_jpeg/3d6289c09d2f30aeadb0366309b574c1 0 0 0 0 0 1
train_jpeg/4fdcc8e5347a4a54e8364369609b5cdc 0 0 0 0 0 1
train_jpeg/8d95b0ea287ea6b996df198ef711f85a 0 0 0 0 0 1
train_jpeg/524f09c24a034a2daae14151142ff9be 0 0 0 0 0 1
train_jpeg/d8df1cd5564e9a9f4d72b17049d5d79e 0 0 0 0 0 1
train_jpeg/34ef081b36fc0930e2fc7d7e4c3bd1c6 0 0 0 0 0 1
train_jpeg/a40005597b3bc65839f2b3fc7bb8d054 0 0 0 0 0 1
train_jpeg/5b6ac2868f30a56ee492348f8da40211 0 0 0 0 0 1
train_jpeg/b828c324e8a67810b0d360cf54b93525 0 0 0 0 0 1
train_jpeg/ce3dc01455f532b9c1221211240db159 0 0 0 0 0 1
train_jpeg/75b703cf3b87d52796a734a89d5dc328 0 0 0 0 0 1
train_jpeg/ff8ef73390f04480aba0be7810ef94cf 0 0 0 0 0 1
train_jpeg/92ddcf2c387ec3f50403371ca9997ad0 0 0 0 0 0 0
train_jpeg/78dba36bdd34da385efcca7bb9ff5fde 0 0 0 0 0 0
train_jpeg/bc50a15ada945df038725085a8ef388d 0 0 0 0 0 1
train_jpeg/7d3f19498c5e7a48a14376c3e170c68b 0 1 1 0 0 0
train_jpeg/c29b13893e08b04940acf2f21d6fe312 0 0 0 0 0 1
train_jpeg/ecf77015c4246cb2c826dc281998037e 0 0 0 0 0 1
train_jpeg/b127a6da511c3c1d544b54fc52e9c6b7 0 0 0 0 0 0
train_jpeg/ef58076f0eec194a3f303b469ac081de 0 0 0 0 0 0
train_jpeg/0ae3eb69e2179773256718264fa199b4 0 0 0 0 0 1
train_jpeg/2d7bcd136c20c5289094d7ac84d19bab 0 0 0 0 0 1
train_jpeg/b7ed3ca8b564fe363a53b557e9d15299 0 0 0 0 0 1
train_jpeg/821f99dd1ddf2de484d61c3dd447591b 0 0 0 0 0 1
train_jpeg/76707c5d3cfdb63e883e98cc2f9eb4e0 0 0 0 0 0 1
train_jpeg/ba33d7cc23010fe4295ed579cbc6e611 0 0 0 0 0 1
train_jpeg/020717d6ab0b440b37978d9bace9f9b2 0 0 0 0 0 0
train_jpeg/68d9b3f46988bbd8e927dbfca77fc805 0 0 0 0 0 1
train_jpeg/adbdf73b309ebdd0b0adcbcfed6c88f7 0 0 0 0 0 0
train_jpeg/088006f2453c4183b1ef46fb607bc31c 0 0 0 0 0 0
train_jpeg/480fba9f814cae86968210673cab2c61 0 0 0 0 0 0
train_jpeg/4d99ae31fa9f6c2fbc2df1d76e61c5e9 0 0 0 0 0 1
train_jpeg/2139ddbccbe6de3b745617f723987afb 0 0 0 0 0 1
train_jpeg/64f085326690cc9c79ba64fb315d2dff 0 0 0 0 0 1
train_jpeg/f35decf057aaad0c7c4c0405bc2514eb 0 0 0 0 0 1
train_jpeg/1c2621f624311e2ab55fb909b3b53d19 0 0 0 0 0 0
train_jpeg/e8899a119282a4b2b67b19ad42bedf6a 0 0 0 0 0 1
train_jpeg/be3bbacb9b3c148eae9549bce68bf0db 0 0 0 0 0 0
train_jpeg/a5043dea5ccbb464991918bf894aafd2 0 0 0 0 0 0
train_jpeg/6c825d5c6349fcc2a6d6af5b13e470b6 0 0 0 0 0 0
train_jpeg/5ae08cb261f95dbd6d2643e6f6a342f4 0 0 0 0 0 1
train_jpeg/3e36fcbd1b769a30a2c54eb1c0116ace 0 0 0 0 0 1
train_jpeg/a22a089ad0b37f398f957fa6533bf03d 0 0 0 0 0 1
train_jpeg/f774dada729622b4f5e2e1c352169d77 0 0 0 0 0 1
train_jpeg/1c62f00b3228d2e131a84d1889e213cc 0 0 0 0 0 1
train_jpeg/de3ff6456636d2002ddf7f3cb2cc1882 0 0 0 0 0 1
train_jpeg/6d43d219db726158fff4612cbf843c4c 0 0 0 0 0 1
train_jpeg/76218624c7da972d76e09fa47edca768 0 0 0 0 0 1
train_jpeg/4c69148b8a5c0040d9ae22149f295b37 0 0 0 0 0 1
train_jpeg/eefe30cffa662dc08e2edb57f43bdc89 0 0 0 0 0 1
train_jpeg/ba665972d68d2cb8b55839ad6592961c 1 0 1 1 1 0
train_jpeg/91a8a52b80e1dcde584cb2af32806f57 0 0 0 0 0 1
train_jpeg/838c14f5e2f5428ba84b4bf9f7d4eef6 0 0 0 0 0 1
train_jpeg/62bdecf7581f32c52f3093de7bcc9904 0 0 0 0 0 1
train_jpeg/0bdb1109dfa8f6f0f3a8c4fad249506c 0 0 0 0 0 1
train_jpeg/74a6dc1a51dffd964baef5089fc4d1b6 0 0 0 0 0 0
train_jpeg/3b87310521f1d17367a581fc6e0eb19d 0 0 0 0 0 1
train_jpeg/69d87f580f14b87c4fbbd69f1457e650 0 0 0 0 0 1
train_jpeg/662960284cf974506f7218d84583aa3f 0 0 0 0 0 1
train_jpeg/ff4cd09578f32d803e5996a4a2ec29b2 0 0 0 0 0 0
train_jpeg/27aa487816d03c38072f5a199f4da68a 0 0 0 0 0 1
train_jpeg/2943feeb0ad2c39feaae7668467a9c2e 0 0 0 0 0 1
train_jpeg/75037148c0bfbedba1ac916faf6a7c41 0 0 0 0 0 1
train_jpeg/5f009092caee3729873a324a96749949 0 0 0 0 0 1
train_jpeg/50297e864bd40ca2a8102013e0a899cd 0 0 0 0 0 0
train_jpeg/cb8fd53c4498aa62dd48c184beb050bd 0 0 0 0 1 0
train_jpeg/66cd940a7bbf8b37c6abecc0a4004661 0 0 0 1 0 0
train_jpeg/2afc0fb2fa469292aa7bfd4d2db0ffda 0 0 0 0 0 1
train_jpeg/20a2d0b35b1a7185f68c0d8c7f408f22 0 0 0 0 0 1
train_jpeg/9b00eeaa317747fe5d908526e1268393 0 0 0 1 0 0
train_jpeg/ed89af5c7c30f2c96b4cd8a5402748ae 0 0 0 0 0 0
train_jpeg/e79af15e54bfd1fa3e32c5f4e9af50f1 0 0 0 0 0 1
train_jpeg/c4e6dda386e88a2c9164f19024359f45 0 0 0 0 0 0
train_jpeg/17c018da44f9b9ee649a6ba3c22e3b29 0 0 0 0 0 1
train_jpeg/2b8f9935065d58ab6f8bbd78643b5c02 0 0 0 0 0 1
train_jpeg/eaaa04823e2280d1cb8cb5b52952d7ad 0 0 1 0 0 0
train_jpeg/a68ce3f36ad685c284c1a00e8bb4d35c 0 0 0 0 0 1
train_jpeg/db017af2d72db41e413631d1f9222ca5 0 0 0 0 0 1
train_jpeg/8c2149666ce92881c60d99d736aee95d 0 0 0 0 0 1
train_jpeg/587be2890ac536488d3c32debc1c215f 0 0 0 0 0 1
train_jpeg/8833a7356f60fd760f6647555a4d8264 0 0 0 1 0 0
train_jpeg/97332631991f5ae0cdf08fd97f248830 0 0 0 0 0 1
train_jpeg/7433f75def4589a4eaaba2cc947af95a 0 0 0 0 0 1
train_jpeg/e86cde1dbe7a082d03b9c38b400e4c67 0 0 0 0 1 0
train_jpeg/fe6ffeafdba822278096b943236af88c 0 0 0 0 0 1
train_jpeg/f23d1246e2273b105f867e8a7c3adeee 0 0 0 0 0 1
train_jpeg/df5dd80aab0aa6e0a6d8ea17860855fb 0 0 0 0 0 1
train_jpeg/0ecf32ab5dfcb02ccd0a4209abfa047c 0 0 0 0 0 1
train_jpeg/ac07b01154a498c1e5bec041f620fa96 0 0 0 0 0 0
train_jpeg/528b0f9791c96c9cb1b2e4f510223f8e 0 0 0 0 0 0
train_jpeg/175dd25f8545cd2037c05f5819f9198f 0 0 0 0 0 1
train_jpeg/495111db9d791a4667f35da65361aec5 0 0 0 0 0 0
train_jpeg/179fe3a05143aafece2a326eb982ddc0 0 0 0 0 0 1
train_jpeg/2cf24e4b4380252c4dc94a0e63bed062 0 1 0 0 0 0
train_jpeg/b7145f927cf8cdfbed0edea14f8f15fc 0 0 0 0 0 1
train_jpeg/8f572ec6313554380c112b06168aed35 0 0 0 0 0 0
train_jpeg/add5a53fc2f41e820147d9abc5e1da16 0 0 0 0 0 1
train_jpeg/5b34fd56bddef0fba0a3d88286604cbe 0 0 0 0 1 0
train_jpeg/6d2ea40c6bdeaf8c3c7be4ae9125834e 0 0 0 0 0 0
train_jpeg/d3ecd4345ad106e7e1beab7316fab518 0 0 0 0 0 1
train_jpeg/79af351d135ae05867a85d509082f530 0 0 0 0 0 0
train_jpeg/518db09789ceaa1085d7bcd9292e066d 0 0 0 0 0 1
train_jpeg/c46fb5b7fc4a87004d3026ca0ca7dce7 0 0 0 0 0 1
train_jpeg/73a09e14492d3c6c579a48507303431b 0 0 0 0 0 0
train_jpeg/3759c5c3b6dd31e4f79dad538500928c 1 0 1 0 0 0
train_jpeg/5f8a5029da0b82f201d6430377234f53 0 0 0 0 0 1
train_jpeg/81545a6a71bbc9cb3d50ef6ba9ccaeaf 0 0 0 0 0 1
train_jpeg/056a902e6cae674460ebd4919a607b45 0 0 0 0 0 1
train_jpeg/177ce2efbcef5fb1abae2633f89c85a7 0 0 0 0 0 1
train_jpeg/f4fb761df33e2babd7d7fdab4dcb78fc 0 0 0 0 0 1
train_jpeg/d707b9edbd1d4522d30a173cbfebebb6 0 0 0 0 0 1
train_jpeg/7786f1b33cde8d933f58a7940b925113 0 0 0 0 0 1
train_jpeg/4e4b1190d8f1840caf19c17875cf5696 0 0 0 0 0 1
train_jpeg/c02439f8d2f87a85e5bab5c5e55a81c5 0 0 0 0 0 1
train_jpeg/0505cbd875480c2f88d2e470f4c90b3b 0 0 0 0 0 1
train_jpeg/d593950d521cc08356d710dc4a68b73d 0 0 0 0 0 1
train_jpeg/0cf83a19a8281e4a281dece9854008ac 0 0 0 0 0 0
train_jpeg/7f9b5f993fe4c07680eeba3f4b1b7c58 0 0 0 0 0 1
train_jpeg/84e9f232df2236e9dc7f7f472ff26bee 0 0 0 0 0 1
train_jpeg/5fc5a030819e3c2582ba712db239dd60 0 0 0 0 0 1
train_jpeg/cfd11aa2c564986e136bf86e5faf3af9 0 0 0 0 0 1
train_jpeg/bc578a3cd54d394be32d4c1742f08f49 0 0 0 0 0 1
train_jpeg/d42d27467595a3a181d3b5c1e67746fa 0 0 0 0 0 1
train_jpeg/f4458902f8487b501979954c15f2e452 0 0 0 0 0 1
train_jpeg/a9f32aee073a0ee7ea94e959ab63885c 0 0 0 0 0 1
train_jpeg/8f915a9084e8b3654c7c9c37d5d9768a 0 0 0 0 0 1
train_jpeg/5ae3a513bfde7fb9528b6830548aab36 0 0 0 0 0 1
train_jpeg/da9d280f051af85ebda246e43acf473f 0 0 0 0 0 1
train_jpeg/72575896817fa64eea4cab710a1afeca 0 0 0 0 0 1
train_jpeg/5048db1ae3d8a9dd5f921ea1ca870e2e 0 0 0 0 0 1
train_jpeg/6af136c2174e33858709f8600065aa44 0 0 0 0 0 1
train_jpeg/296fd63dc4894c2e3ae1b2d93eb318bc 0 0 0 0 0 1
train_jpeg/4a73cb47410ca27d2349980a1081cc2c 0 0 0 0 0 1
train_jpeg/73430dbf21167400a59e61f1d83e58fe 0 0 0 0 0 1
train_jpeg/ebf68a2caca0ac6a30a0a7641f62b44a 0 0 0 0 0 1
train_jpeg/2099c66502ccd43cfe67820c44d9c545 0 0 0 0 0 1
train_jpeg/3e300793e970e7916c36a57fe350f688 0 0 0 0 0 1
train_jpeg/1d9f612e47d96fab988e3d0664e98c81 0 0 0 0 0 1
train_jpeg/36be8a59fd55cc2818b475559db1a96b 0 0 0 0 0 1
train_jpeg/2e846b1cde620c95fbb326a4bae3d9df 0 0 0 0 0 0
train_jpeg/61969207fd4d75195e9d3bbcdb4ce8e2 0 0 0 0 0 1
train_jpeg/30591db0c5eab4252c5bb1eff6ad98af 0 0 0 0 0 1
train_jpeg/53e2a10eb9969b0e336a51d11dda17f9 0 0 0 1 0 0
train_jpeg/e6ecf584058257774d306dc9156c570e 0 0 0 0 0 1
train_jpeg/a36aac5fd1a369927db79c79a1139099 0 0 0 0 0 1
train_jpeg/9c6ef524f6e29ace53a1a9b60f6186e6 0 0 0 0 0 1
train_jpeg/0ffa24230f7064bcdb313507dce02ae3 0 0 0 0 0 0
train_jpeg/e694841193437bcb89ad2c1acbf95f79 0 0 0 0 1 0
train_jpeg/ff82d18c935174fb7c47c94a35af7b99 0 0 0 0 0 1
train_jpeg/29e243ad1a2b17ef44c1a21723ec4752 0 0 0 0 0 1
train_jpeg/4eb6a773c0437191d406e4c7592b298c 0 0 0 0 0 1
train_jpeg/2091cd1a94708449bf06a3da7c8f0dfc 0 0 0 0 0 1
train_jpeg/23f29659e174d2c4651857bf304a5d75 0 0 0 0 0 0
train_jpeg/a92879d1bc65ab8fbda2755e55f6462a 0 0 0 0 0 1
train_jpeg/76baa8d5fd0bc8db4761566a6dcc65e4 0 0 0 0 0 1
train_jpeg/3c314b1dd87505c653cd66939582a0aa 0 0 1 1 0 0
train_jpeg/1ed597069acd8f4b77174148664e84d8 0 0 0 0 0 0
train_jpeg/78ac03ab2cd9f2e9c7b081761f44f665 0 0 0 0 0 0
train_jpeg/170e523b0646b3d3154324b697b4ac25 0 0 0 0 0 1
train_jpeg/8965639210be111a2ca52fa441ebc55e 0 0 0 0 0 1
train_jpeg/aceb1e772f2e1bd8f33b0154286017df 0 0 0 0 0 1
train_jpeg/3f2468ef0b5526f0e33834fa4e0fd85d 0 0 0 0 0 0
train_jpeg/6c9f39db91e306458bf6c5cbb9694697 0 0 0 0 0 1
train_jpeg/9c442dd90183b3bdfc38a3f81845658f 0 0 0 0 0 1
train_jpeg/5f4eff3b76151906fe87be784d191a1f 0 0 0 0 0 0
train_jpeg/0c8878df2a566fd017170ebde56cc92a 0 0 0 0 0 1
train_jpeg/b4ed7fedb5fd04e7a72bf8bc2f8aa91c 0 0 1 0 0 0
train_jpeg/b403b5824536defcaab0702f29c180a9 0 0 0 0 0 0
train_jpeg/e9a62997d0d5a13aa7a957ba7840f77b 0 0 0 0 0 1
train_jpeg/f5f417184d7747ce9d6cc2790e01f97d 0 0 0 0 0 1
train_jpeg/2b6b881ebefa187a82a2a51ea677298c 0 0 0 0 0 0
train_jpeg/1e8892e58834c2a38f8d0b574327ed81 0 0 1 1 0 0
train_jpeg/94efecb6752f0a4dda3de5880520478a 0 0 0 0 0 1
train_jpeg/65da184f886ea37d826544f08cadb91f 0 0 0 0 0 1
train_jpeg/4bc246e2428c5a35ee918100ae035be9 0 0 0 0 0 1
train_jpeg/5b737f3ebfbfb5c4b517fd0efdb63ae0 0 0 0 0 0 1
train_jpeg/a472470bd108699dcb9f8cae089dc893 0 0 0 0 0 1
train_jpeg/780af107204cb03ec998564505246007 0 0 0 0 0 1
train_jpeg/2a07e9b63ebc4f6d67b7752b57474013 0 0 0 0 0 1
train_jpeg/796b5b8d7662551bc39713015b921deb 0 0 0 0 0 1
train_jpeg/7ea5d9e48085e44708b8fad8974ce953 0 0 0 0 0 0
train_jpeg/15fe4d19d1268b630fe977296028a899 0 0 0 0 0 1
train_jpeg/8e921254be96be78069a3f9eb658b325 0 0 0 0 0 1
train_jpeg/7818fb1b87d3e5db37218f019278d6bd 0 0 0 0 0 1
train_jpeg/205fa60a4f5ec02693ffe8f6f0697f7a 0 0 0 0 0 1
train_jpeg/a4843f51fdfdc62754b9c68701f9db61 0 0 0 0 0 1
train_jpeg/eb218ee44756b456049a76851f90fea0 0 0 0 0 0 1
train_jpeg/a9d571fe36c19bf2bbcc1d4678c4492e 0 0 0 0 0 1
train_jpeg/777cfe6f95c3afbe85b2e1e5b56b8a0c 0 0 0 0 0 1
train_jpeg/e254b92ab7c0d3f3d332ac04e063c571 0 0 0 0 0 1
train_jpeg/b71274108d1bfb8bf7a96b8f512da72b 0 0 0 0 0 0
train_jpeg/64fd5b24f0ddc753c47c45323f4e1282 0 0 0 0 0 1
train_jpeg/a4fc9faa46af26c5fc462772d88d0af3 0 0 1 0 0 0
train_jpeg/c117236e36f92684077b35b460de707d 0 0 0 0 0 1
train_jpeg/e21b2ae8edf6ec014e14df1933b9296c 0 0 0 0 0 1
train_jpeg/ba62176d342518adc0cc93933ba6050a 0 0 0 0 0 1
train_jpeg/317507bb22f6c10f4f08e8666c0f6ff8 0 0 0 0 0 0
train_jpeg/1c5ece7d9510f1e5db8bdb2bf5f4f02d 0 0 0 0 0 1
train_jpeg/cfd11aa2c564986e136bf86e5faf3af9 0 0 0 0 0 1
train_jpeg/4fb436a5ab3e9e503b3ea6144152ce99 0 0 0 0 0 1
train_jpeg/0c10e24ffcce63d46228582367bc1377 0 0 0 0 0 1
train_jpeg/5607b311945b0e6298a0ff1199ede0dc 0 0 0 0 0 1
train_jpeg/516805d225d88cc764d75ca58e1b7e43 0 0 0 0 0 1
train_jpeg/a65b19420087f574983a8adec9906c16 0 0 0 0 0 1
train_jpeg/8a6b901792091ac2b90b2d35852744cd 0 0 0 0 0 1
train_jpeg/111b3fbca754d6e22bc1ff9ae2491ea2 0 0 0 0 0 1
train_jpeg/6a31bb9432012fe6afec634c68b623ab 0 0 0 0 0 1
train_jpeg/570b01357f936d484c60c80de7c74b86 0 0 0 0 0 1
train_jpeg/6da10923313fcb96f204ceae77a5b1a6 0 0 0 0 0 1
train_jpeg/0e9452a04ca26497519875dde9fc333c 0 0 0 0 0 1
train_jpeg/5dbc58bd87b127636276cef3773b7204 0 0 0 0 0 1
train_jpeg/de922cf6e593635eac9afd9dc4424401 0 0 0 0 0 1
train_jpeg/2b9bd932abc2716c3f8d6337cd9c5ad7 0 0 0 0 0 1
train_jpeg/74abf05aac69d85d460df699e41a24d8 0 0 0 0 0 1
train_jpeg/de17ad7d8d8013245fda495962594555 0 0 0 0 0 1
train_jpeg/3d6c4bf64358a344f014327d3acec7d5 0 0 0 0 0 1
train_jpeg/b76ad070314f34864342db8c2d19a6fd 0 0 0 0 0 1
train_jpeg/ab8a259c13e6ea06db5c58091de7b419 0 0 0 0 0 1
train_jpeg/7d084c9a42f2afea0089aa08932a6516 0 0 1 0 0 0
train_jpeg/84073a6a8201f339407be82dda7e1303 1 0 0 0 0 0
train_jpeg/7bda7f5e5c4ae3b9fbdb5d3dbc0990bc 0 0 0 0 0 1
train_jpeg/a2480b9f63cc65e052dc0b9ad19c866e 1 0 0 1 0 0
train_jpeg/d42e863faa84f0d9e5a7b38777878b04 0 0 0 0 0 1
train_jpeg/01bf848a4608ddd0988f173bd1a4c849 0 0 0 0 0 1
train_jpeg/294c1b068fb6ecfd27f5106e744ddb4b 0 0 0 0 0 1
train_jpeg/65a0c8dffe977ae628d0622875078a1f 0 0 0 0 0 1
train_jpeg/fecd425d8cb75dd3f38e3e8e14302fd7 0 0 0 0 0 1
train_jpeg/445bbc094c22d207a7eae08efba0e91c 0 0 0 0 0 1
train_jpeg/c8634131ee43469be8f4f75ab4595b10 0 0 0 0 0 0
train_jpeg/8d388ee2f8887595b353f3346187ad22 0 0 0 0 0 1
train_jpeg/97094f1b1035e88bd81323d91d36c1e1 0 0 0 0 0 1
train_jpeg/bde1094ed57f1b0190facedc7f79426f 0 0 0 0 0 1
train_jpeg/d5f0f775a989afd94d2240f7ea115f93 0 0 0 0 0 1
train_jpeg/e9986131c41216ce7900ddfe19e38ed6 0 0 0 0 0 0
train_jpeg/b3b0959ef58eb104a23fd57cab42ebde 0 0 0 0 0 1
train_jpeg/1246d654bb8a0b1e713e6d48a485456a 0 0 0 0 0 1
train_jpeg/017cd6c78e753ae58e1795fac350f321 0 0 0 0 0 1
train_jpeg/547c05d144ba6fc07c0c4bb052a3baad 0 0 0 1 0 0
train_jpeg/877735b744c0d327c287cdf7ffb44406 0 0 0 0 0 0
train_jpeg/5e5fe79f061418c504f40ebaafe9705a 0 0 0 0 0 1
train_jpeg/db169d0be36123bd55b866d6aa73983b 0 0 0 0 1 0
train_jpeg/b761841b1bffc40e56e97a869f994f69 0 0 0 0 0 0
train_jpeg/8b254a2bcf8e8dcfb77ff47e61055161 0 0 0 0 0 1
train_jpeg/c6c19cc8f966c6353e663a4e299d9a39 1 0 1 0 0 0
train_jpeg/06bea3c168800ffe67be48d02ffd384e 0 0 0 0 0 1
train_jpeg/fe7ae3274e29f67ed1aab93d54c0c2d2 0 0 0 0 0 1
train_jpeg/7f599800cc62ee666b751303ca096f98 0 0 0 0 0 1
train_jpeg/01a3c3d994d85ce5634d2d13c03fd4b0 1 1 1 0 0 0
train_jpeg/9467830e0f4dc6dc755718f994cc7a3b 0 0 0 0 0 1
train_jpeg/c7544daad44cfaa27e274b88dce60c46 0 0 1 1 0 0
train_jpeg/392e6895aed532dc01d58682542e0daf 0 0 0 0 0 1
train_jpeg/3cf350a5b4f53dabd01f971a614abde8 0 0 0 0 0 1
train_jpeg/4719de7513996807940aa3b1bbbb9610 0 0 0 0 0 0
train_jpeg/06c585d390e6e6ddd213f2715c367601 0 0 0 0 0 1
train_jpeg/1b10ae5a7c9530537364360383fa6667 0 0 0 0 0 0
train_jpeg/3b1ba27ab6e28a38003be2182e2390d8 0 0 0 0 0 1
train_jpeg/dfb91e05ce090dbd08177c0b4531dae3 0 0 0 0 0 0
train_jpeg/b0d240b51e6f6bd1c138e62aebb14b07 0 0 0 0 0 1
train_jpeg/ac712d8f66878f5c7b836c0f481237a9 0 0 0 0 0 1
train_jpeg/9696f133b6337e31d8961638df6d89af 0 0 0 0 0 1
train_jpeg/ba46dcb445340df33566b52d7192ab6e 0 0 0 0 1 0
train_jpeg/e579b4886d0bebf35ee3a4d05f7f5b1e 0 0 0 0 0 1
train_jpeg/83993c8d8053cfbc221fe1a34b7d1a03 0 0 0 0 0 1
train_jpeg/90bfa194068cad145eb8d83df2dfb907 0 0 0 0 0 1
train_jpeg/9f98d50366d7b6eb2b27dd1cd3fc01eb 0 0 0 0 0 1
train_jpeg/e707f143c902ef21f41f4d1377785673 0 0 0 0 0 1
train_jpeg/11dee4da1ff602fbb596f7792e84ba85 0 0 0 0 0 1
train_jpeg/6553a74d89cbec1a62d750135048d135 0 0 0 0 0 1
train_jpeg/cd2ca6c232cc1c107ad1249579b457be 0 0 0 1 0 0
train_jpeg/813e13e8b9385cbcffc45356265f6a10 0 0 0 0 0 0
train_jpeg/b0c864383456481d8525d26a0fa1422e 0 0 0 0 0 1
train_jpeg/4f6f8f8a8240daecc68f2751d16ad92b 0 0 0 0 0 1
train_jpeg/f054f5fa281a53121eb766b886325655 0 0 0 0 0 1
train_jpeg/b335c0fe90be85d8f1a62ca56a9ade3c 0 0 0 0 0 1
train_jpeg/05654196490c675a03f8a30cdea330fc 0 0 0 0 0 1
train_jpeg/aa3ed03e871e760ea3e824ce77498c75 0 0 0 0 0 1
train_jpeg/041664dfb960a15686d7e9c4c7b4fd73 0 0 0 0 0 1
train_jpeg/c7ee67950dbe1b98a3e5c1218b8ff36f 0 0 0 0 0 1
train_jpeg/255b95fa65f714af5d0c133d2dca02a1 0 0 0 0 0 1
train_jpeg/687ca0b62889d06335ba7a3d147baf76 0 0 0 0 0 1
train_jpeg/77835724cdfcfeb3509584375709ea03 0 0 0 0 0 1
train_jpeg/fbfa25a093d29c1f50c03307a733e8c6 0 0 0 0 0 1
train_jpeg/5deff64e4cad1fd10eb0d74c23e469d3 0 0 0 0 0 1
train_jpeg/741a9166daa2a340054d0210a0d7879a 0 0 0 0 0 1
train_jpeg/191e62a0e18d2144118a2bfa248a8a7d 0 0 0 0 0 1
train_jpeg/ca51a918dfb1408e97204c7dbf8a6f39 0 0 0 0 0 0
train_jpeg/16f5679378398451167c6ac2df22ca60 0 0 0 0 0 1
train_jpeg/926b0c14cb64d3fc864bb64c0ba370a1 0 0 0 0 0 1
train_jpeg/1cd418aae48e474cb11dd1ce373fb5e3 0 0 0 0 0 1
train_jpeg/1ce0b74770c21730b35e7800b7b8e4ad 0 0 0 0 0 1
train_jpeg/53d0c95f346e365f81fb95c5c6a6d027 0 0 0 0 1 0
train_jpeg/4ffd7c077cbf6ac90d95669b7cb314cc 0 0 0 0 1 0
train_jpeg/f5f140184ce64f81502833e45d4c04ef 0 0 0 0 0 1
train_jpeg/878388e79ebdbc0af00dcda00431854a 0 0 0 0 0 1
train_jpeg/80f2bd216bbb01b56cf50c9a85f79233 1 0 0 1 0 0
train_jpeg/11b542db64d06ddc1615cd6ed9d6cb44 0 0 0 0 0 1
train_jpeg/7843d738403483be7fdb9fb677aa39c3 0 0 0 0 0 1
train_jpeg/48c3bc8851cf90d59de458ca2b351e97 0 0 0 0 0 1
train_jpeg/8a41ef300e52bbb24cf55906fce4252f 0 0 0 0 0 1
train_jpeg/e13dba4a16338d083011c11d646d3c47 0 0 0 0 0 1
train_jpeg/5a6ef5147f914367d3aaf6aeca998839 0 0 0 0 0 1
train_jpeg/170e523b0646b3d3154324b697b4ac25 0 0 0 0 0 1
train_jpeg/760a877f8f42ca3e7729aca967e56b1f 0 0 0 0 0 1
train_jpeg/8481205d34f45d5f90cd889f2a980b49 0 0 0 0 0 1
train_jpeg/c1253501ece20b237303679fb3b4310a 0 0 0 0 0 1
train_jpeg/dbc340c6c203fcdd803a35cf6fe56463 0 0 0 0 0 1
train_jpeg/064a05cb72c83c2ac552078ef6060cc0 0 0 0 0 0 1
train_jpeg/8242cf16d8311b8af8c0280899d8ed4b 0 0 0 0 0 1
train_jpeg/a07064273b3f1112655970e8326f25df 0 0 1 0 0 0
train_jpeg/5b50102923f8b16a648f12499a8ce1c0 0 0 0 0 0 1
train_jpeg/a305cc27ac9afe19b9873329b373fcf0 0 0 0 0 0 1
train_jpeg/b412dfe3a17da1fe404b67ec756b8a67 0 0 0 0 0 0
train_jpeg/9631b1c3741e4b985387119abd0c108a 0 0 0 0 0 1
train_jpeg/f2c0995bf613672b13eb82ee09b1547b 0 0 1 1 0 0
train_jpeg/104860ff1aa7436fb5cf53175e39d427 0 0 0 0 0 1
train_jpeg/d4fadc8f16f19c0376c26a4bc427a2f5 0 0 0 0 0 1
train_jpeg/daf7bc9b4bfad7cd4e9c5fc4a03a9992 0 0 0 0 0 1
train_jpeg/8e921254be96be78069a3f9eb658b325 0 0 0 0 0 1
train_jpeg/6807503ed8ab156abd8b43ee6bc4be75 0 0 0 0 0 0
train_jpeg/76feb552a1559d31f5bfd846949061f7 0 0 0 0 0 1
train_jpeg/e467236cae1f6e90abf736af6f8fe042 0 0 0 0 0 1
train_jpeg/000ae00eb3942d27e0b97903dd563a6e 0 0 0 0 0 1
train_jpeg/9fc4787b6fd613c83428107b0e910956 0 0 0 0 0 1
train_jpeg/5e56b7582a7cb3616e69cf95cb544a17 0 0 0 0 0 1
train_jpeg/695ab59958b915737b83e50074871d30 0 0 0 0 0 1
train_jpeg/85cb1be26dd6b329231821292b8d7698 0 0 0 0 0 1
train_jpeg/78076acd1cd80e71ff62d4fb58f047bc 0 0 0 0 0 0
train_jpeg/45be6be8ef7817787b00be04c6fd5286 0 0 0 0 0 1
train_jpeg/b1630ab0465eb8e4318b29f5ccb459bc 0 0 0 0 0 1
train_jpeg/b489964b59d3f6f9070e45a02e469d8b 0 0 0 0 1 0
train_jpeg/529d6b2429935ebae0864c1a927afcd7 0 0 0 0 0 1
train_jpeg/b8b6dd22e9ab633792b6d17cb2f254a3 0 0 0 0 0 1
train_jpeg/1b2a7adb5705d9e3f5b63939046d93c7 1 1 1 0 1 0
train_jpeg/1ccad1e6a7205925477f91641b05588e 0 0 0 0 0 1
train_jpeg/dfa0f1b7c81f354ced7bff478c8d542a 0 0 0 0 0 1
train_jpeg/22576c31ecae86e2e6d580b4bebb5d77 0 0 0 0 0 0
train_jpeg/acfaf30ac9340a1679d1d584b800cdf2 0 0 0 0 0 1
train_jpeg/b6f07c3256419d2afece328ae2f7ebc5 0 0 0 0 1 0
train_jpeg/5e161b13cf6f70e59af85dadbd6bd25a 0 0 0 0 0 1
train_jpeg/c6a2f06eae822c4064e97e06b86ebbb4 0 0 0 0 0 1
train_jpeg/81aa3a15f06591d717beeb045e372192 0 0 0 0 0 1
train_jpeg/8de2c306ed9fa7c44c70d249af346d9b 0 0 1 1 0 0
train_jpeg/1aa5e1e8ebfb22b36552821f609f62d4 0 0 0 0 0 1
train_jpeg/4e591732049659e63f5ede8d6669bb5d 0 0 0 0 0 1
train_jpeg/fd2b235794fd60c32519a560e4199a4e 0 0 0 0 0 1
train_jpeg/e3b9fe4e47c5650cf87c2e556fb7a1f4 0 1 1 0 0 0
train_jpeg/3052424d097d8b94d387a20248639d47 0 0 0 1 0 0
train_jpeg/8cd5124a10bd961bdfe94efb8bfe46a1 0 0 0 0 0 1
train_jpeg/9026f47a42aaf8c22c7161556f67c5b6 0 0 0 0 0 1
train_jpeg/f3c32b9968cd8443be3af4fc59da2eb0 0 0 0 0 0 1
train_jpeg/dc3d3675ea30a5f3885dcc1b258a6a2e 1 0 0 0 1 0
train_jpeg/914ed8e72c817257d39a616c5b2c2a42 0 0 0 0 0 1
train_jpeg/dd73c1271a2baa1b85173fae0dc83257 0 0 0 0 0 1
train_jpeg/2139ddbccbe6de3b745617f723987afb 0 0 0 0 0 1
train_jpeg/109a5db6641f01cb8199508aa8fa0a93 0 0 0 0 0 1
train_jpeg/e5cdc4d2a9eb934f910c60de2f068fee 0 0 0 0 0 1
train_jpeg/b03f7c56bbec3f8d4e2e95401ca039ed 0 0 0 0 0 1
train_jpeg/e789d94f7c4bd88d6f3c787f941dc7a7 0 0 0 0 0 1
train_jpeg/78b0f410d3a9bf128ec165190309a18c 0 0 0 0 0 1
train_jpeg/f1dd9b481aae4ba412e5fbea06215f53 0 0 0 0 0 1
train_jpeg/d8bd080261025141ad5aec15b3b6786d 0 0 0 0 0 1
train_jpeg/3ae48108f30488aee672f1dab2bea20f 0 0 0 0 0 1
train_jpeg/972b79ab9ba7e34488c4459e43241ab4 0 0 0 0 0 0
train_jpeg/3008f89eb33513741c8242826fc67f2b 0 0 0 0 0 1
train_jpeg/4248f48432542de76ddb36be81d32269 0 0 0 0 0 1
train_jpeg/930a3d2c506f5035a1aa301b401f6fec 0 0 0 0 0 0
train_jpeg/bec815c098c48a4e6a9fcf589641028f 0 0 0 0 0 1
train_jpeg/e9771a988faecbc73b48411a430bacae 0 0 0 0 0 1
train_jpeg/2768843da7fdebbc3fb547cc8af6f83f 0 0 0 0 0 1
train_jpeg/e63df4068d5c800b0f03de884d32bfb8 0 0 0 0 0 1
train_jpeg/f21b875faf5d86d8433c8590348e92e3 0 0 0 0 0 1
train_jpeg/f2d9d665881a6ed0205a50154cbfdea6 0 0 0 0 0 1
train_jpeg/7200aa6dfa306e93b4ef9609f9a66d10 0 0 0 0 0 1
train_jpeg/e99959c570cc189706e79fbbd151ae61 0 0 0 0 0 1
train_jpeg/097c63f9c6d46cfe5bd4937f277fbdbd 1 0 1 0 0 0
train_jpeg/6f2549a9061a1598f083000b1992f119 0 0 0 0 0 1
train_jpeg/a593c8a7d1ff14e49827ee79670a44be 0 0 0 0 0 1
train_jpeg/c71ce6345cf70b23ab481a2d66e9c288 1 0 0 1 0 0
train_jpeg/873efd8425f855fb012c27db58c9a76a 0 0 0 0 0 1
train_jpeg/b4562a8dfc67b079f154a830273485f7 0 0 0 0 0 1
train_jpeg/c49a36c11ecc7e24d2b0912e68da95ac 0 0 0 0 0 1
train_jpeg/ca54618517f7f62c6267db17ee8d3261 0 0 0 0 0 1
train_jpeg/4654d647c5fbf15bcb773a250d085d3d 0 0 0 0 0 1
train_jpeg/ca2a64d3c50654de6327f3880bbc17d3 0 0 1 0 0 0
train_jpeg/f3ec1e1f0778f79e8d45f54c74e4d7cc 0 0 0 0 0 1
train_jpeg/7007dcd82668f62cfe63684ca4f27fbd 0 0 0 0 0 1
train_jpeg/5e3fbd3cf75a49590a141e5aa5572137 0 0 0 0 0 1
train_jpeg/4a7500b067151fc94a966c07be7f4779 0 0 0 0 0 1
train_jpeg/0a8df2eb98d3c1cec5200c9b2a6132f2 0 0 0 0 0 1
train_jpeg/906a43ceed5a95c81a94cc7c6ea41027 0 0 0 0 0 0
train_jpeg/b455c6067fa5e154a2c48ac187029022 0 0 0 0 0 0
train_jpeg/53ab4b64b6f2ebb832ea3a36afd4f53e 0 0 0 0 0 1
train_jpeg/8f1dc4cdee710c505afeb711377c07be 0 0 0 0 0 1
train_jpeg/0c577dc6594dab44ebbd6964de673eaa 1 0 0 0 0 0
train_jpeg/4e7fe9cc13468517b324743c8c8b7b40 1 0 0 1 0 0
train_jpeg/b32a218326ec600eb1bdc3297eed2c16 0 0 0 0 1 0
train_jpeg/f02b95632470aab569016f570f07fab8 0 0 0 0 0 1
train_jpeg/fd8af9c6f7a66a823f719ec20f2412b0 0 0 0 0 0 1
train_jpeg/5156d69e540648eb952371ec5c80bc81 0 0 0 0 0 0
train_jpeg/6a0da094696816e8ccc92c81602173d1 1 0 1 0 0 0
train_jpeg/74c11011583806a161e5f3e66c945da5 0 0 0 0 0 1
train_jpeg/64cd45c99f4754be9bbe836977039434 0 0 0 0 0 1
train_jpeg/9e63db3c1b443ca561e426b798096b8f 0 0 0 0 1 0
train_jpeg/b5c5b61d59a263034ba7be58dd90398c 0 0 0 0 0 1
train_jpeg/bd7dc30492e43b361521ffe3478050fb 0 0 0 0 0 1
train_jpeg/7a9bbc3d02750c716fa773dcae80363b 1 0 0 0 0 0
train_jpeg/e1d038ff0cd6d22a56f0e6d350e54f51 0 0 0 0 0 1
train_jpeg/aa7fd75c84c03f4eec5b9e0468043d68 0 0 0 0 0 0
train_jpeg/1ca93fdd77fb7e2caab2608094201385 0 0 0 0 0 0
train_jpeg/157a5f10f07b0c68a0dae91fd9be51aa 0 0 0 0 0 1
train_jpeg/489f6ddc9f121ccadf798c6b14d0d74f 0 0 0 0 0 1
train_jpeg/d06c3bda18d5dc7ff656faf4358615a4 0 0 0 1 0 0
train_jpeg/ef52e83e7d040c6fcb278fa3ee8ad35a 0 0 0 0 0 0
train_jpeg/0f517bc215689e9cb1533ee2209bc0ea 0 0 0 0 0 1
train_jpeg/358a1ee480d540f0d02899fa36f5157d 0 0 0 0 0 1
train_jpeg/1a690f48bc8212140e1318412c558a6a 0 0 0 0 0 1
train_jpeg/233304117768f4a6c3526027fe25bebf 0 0 0 0 0 1
train_jpeg/a12acdff4dde1fe41e33dccabe32ac09 0 0 0 0 0 1
train_jpeg/6fd0d54abd953980ef39f5ad88e3d8df 0 0 0 0 0 1
train_jpeg/d99ee7158fccfc6add49cd6b8389fb55 1 0 0 0 1 0
train_jpeg/6954ee2f30240e9790436f1c0bf81912 0 0 0 0 0 1
train_jpeg/9c442dd90183b3bdfc38a3f81845658f 0 0 0 0 0 1
train_jpeg/124235acd64d47008e0d5e55ba0cb1b0 0 0 0 0 0 1
train_jpeg/df7c4e1c53d9ed99d2daaaf9086ca8d1 0 0 0 0 0 1
train_jpeg/b8ae2fc00a897e2a14463edc80d0db0d 0 0 0 0 0 1
train_jpeg/09db1fa1b7d13702536a3d244e2e086e 0 0 0 0 0 1
train_jpeg/fa0fb07164598860fb12b95d6be14a6d 0 0 0 0 0 1
train_jpeg/6cc5b3e159d353a6e9e5c9388c74640e 0 0 0 0 0 1
train_jpeg/d205caf408bce9af5b0302b767a3ebbd 0 0 0 0 0 1
train_jpeg/833bb05dc01fd8833fcfb6647297ec09 0 0 0 0 0 1
train_jpeg/6023dd8ca90a69c515be86729707e935 0 0 0 0 0 1
train_jpeg/9b1c14c9bff83ce64a44ef45f42cfcd5 0 0 0 0 0 1
train_jpeg/5ccec2234a9c249b016fb879f062a852 0 0 0 0 0 1
train_jpeg/d75fb72a8a880dc60400214b5883da75 0 0 0 0 0 1
train_jpeg/b28339816a52309160153d0e27833cef 1 0 1 0 0 0
train_jpeg/9dfc43540dcc14c590f69ef03faf1f26 0 0 0 0 0 1
train_jpeg/37054193bd4e6a2f3ca764088913b0f0 0 0 0 1 0 0
train_jpeg/6da48e8efd5e562f59420387c15eff71 0 0 0 0 0 1
train_jpeg/f77169bed7bd86515d0f93e9eccdc4f9 0 0 0 0 0 1
train_jpeg/be9127737156699c0e090e1157998265 0 0 0 0 0 1
train_jpeg/d1a883d86b756754777f1e6c5abd5881 0 0 0 0 0 1
train_jpeg/c720af678e1925d7c499f5a127c2c292 0 0 0 0 0 1
train_jpeg/ce0c2d8c69a6a2b8861860e061c9bb4e 0 0 0 0 0 1
train_jpeg/379aef556ea6744aa51174e342fabcef 0 0 0 1 0 0
train_jpeg/14877acfaf8e3b25d9f089e15887c20d 0 0 0 0 0 1
train_jpeg/e3c9c54cbd1ca5e2dfec4d5f95c1fb65 0 0 0 0 0 0
train_jpeg/1627d29da4760776632c69d73237b6e2 0 0 0 0 0 1
train_jpeg/1c86b0ae793d49c8d201268fd5ef96cd 0 0 0 0 0 1
train_jpeg/a340f6b48cac7f561fd07809cb4bed96 0 0 1 0 0 0
train_jpeg/f3f90e541e8f52f5b3533ea44347df22 0 0 0 0 0 1
train_jpeg/1f38ee92c261e10c63ec84d08f453d38 0 0 0 0 0 1
train_jpeg/92e9e7ccc49692f0c6fa6917d7289f6f 1 0 1 1 1 0
train_jpeg/d3637a1935a905b3c326af31389cb846 0 0 0 1 0 0
train_jpeg/4e7d08c8d0ad462a63427ad7c71b84fc 0 0 0 0 0 1
train_jpeg/ad0ca7c65ff59150b9317bac429a1f4e 0 0 0 0 0 1
train_jpeg/1c1a57cb8b3893348ecfb6e704a1b87e 0 0 0 0 0 0
train_jpeg/bd7a9b6d834cfea362de14239e126dbd 0 0 0 0 0 1
train_jpeg/16835128f61ef2de217a0d9378f661f8 0 0 0 0 0 1
train_jpeg/a54dadab8f6cc14103878d99092d2b7a 0 0 0 0 0 0
train_jpeg/e0f7f804e3159d74b0d54a463e00ed75 0 0 0 0 0 1
train_jpeg/c4573e9b9289b4c369d26d0d484b6cb4 0 0 0 0 0 1
train_jpeg/3cbfb9619c87d46cc88567ea709a2e20 0 0 0 0 0 1
train_jpeg/3536be68101ca2383292187ee7ed2927 0 0 0 0 0 1
train_jpeg/d56084af626fcb3748557688e1d2677d 0 0 0 0 0 1
train_jpeg/c703d14204953de254f131ee437b1b84 0 0 0 0 0 1
train_jpeg/d6d2896d8c4e3cf8b74fc981e7218678 0 0 0 0 1 0
train_jpeg/82301a63ef6e2e72224f045f25885e65 0 0 0 0 0 1
train_jpeg/68629d3436ba1c0cab673fbc08a5ee12 0 0 0 0 0 1
train_jpeg/3a7fe3406fe234fc95b144dea0e29852 0 0 0 0 0 1
train_jpeg/3853062c38f4f0888baef9b1ec0a2331 1 0 0 0 0 0
train_jpeg/ed24433d07c4d986d6b7789ac984ec2e 0 0 0 0 0 1
train_jpeg/68ad460a32591dc2d5d522e9c913cad8 0 0 0 0 0 0
train_jpeg/96632a14b81e14539d4bf34e04954312 0 0 0 0 0 1
train_jpeg/f150daaf3bef251be0199b6f2662077d 0 0 0 0 0 1
train_jpeg/f31dd0e07a6342b11cb64cbc8af90835 0 0 0 0 0 0
train_jpeg/63868c96f530dd6940c3b978842cca5a 0 0 0 0 0 1
train_jpeg/565dfa5a8ccc63bb01b91cf6129992c8 0 0 0 0 0 1
train_jpeg/88829eddce755befd2486b504edad7fd 0 0 0 0 0 1
train_jpeg/ec1e63cbb3b6ea4cb3c4b54f00e9ac6d 0 0 0 0 0 1
train_jpeg/2c0ecdf04ffe35c6031fe2ae2b3a36f4 0 0 0 0 0 1
train_jpeg/a5cbeba36a7d5dce3b333125ab44a228 0 0 0 0 0 1
train_jpeg/54573b0df6208b2a4b53c2c9c079e1b3 0 0 0 0 0 1
train_jpeg/fa6c9d5324c1e538957f78607e14c457 0 0 0 0 0 1
train_jpeg/1f7df0f8dec0b69b4dbfc7b2526fff20 0 0 0 0 0 1
train_jpeg/e07b7ec90f64033074d9996d1c8b310a 0 0 0 0 0 1
train_jpeg/36aa5a0fb93d7567d803b9dc624f2739 0 0 0 0 0 1
train_jpeg/80ce09a40566bb57fd7ff52e1133e1b4 0 0 0 0 0 1
train_jpeg/a6b6d44729d6933abe6649b63f06f94e 0 0 0 0 0 1
train_jpeg/aaac378726921da4460b09d936bfcc17 0 0 0 0 0 1
train_jpeg/0f0d638b06992220e2adbbe574bc3c99 0 0 0 0 0 1
train_jpeg/1a10fc9897371821a1151b3b5a9cf54d 0 0 0 0 0 1
train_jpeg/43168eb06024ac4634c14f1d386f4136 0 0 0 0 0 1
train_jpeg/6359437f875d6b26535d627e1c2cf31f 0 0 0 0 0 0
train_jpeg/8a6b901792091ac2b90b2d35852744cd 0 0 0 0 0 1
train_jpeg/804bfe2d3e6b0b8a34541a276d7cd7d6 0 0 0 0 0 0
train_jpeg/2b1293d9c276e5439e499f58ce2e31ab 0 0 0 0 0 1
train_jpeg/e8ca05fa7b88b631365f7777beaf5449 0 0 0 0 0 1
train_jpeg/4c029c4f3deed9414b157053867709b0 0 0 0 0 0 0
train_jpeg/a29b4315c292de2875aa7d5c4a01bc5d 0 0 0 0 0 1
train_jpeg/34e46f1de88c1daada3300ac78c9cc88 0 0 0 0 0 1
train_jpeg/be965185f4128002ad591b91c41e0211 0 0 0 0 1 0
train_jpeg/3607a4db624454ddc7be55ab40e00456 0 0 0 0 0 1
train_jpeg/0e2c49d7d9a4db2f61776c970a463361 0 0 0 0 0 1
train_jpeg/389f167c16b70e1eb1aa219fedc373b7 0 0 0 0 0 0
train_jpeg/2605c78a8f56c9ea6859fa90e975f727 0 0 0 0 0 1
train_jpeg/f89667b79d3858d6064f49b5fb203800 0 0 0 0 0 0
train_jpeg/036b9096b099f0f6c5611da078f73e43 0 0 0 0 0 0
train_jpeg/4b514fdcb1c194983b7b34c9fc3e0ad5 0 0 0 0 0 1
train_jpeg/32a367a5baa263fa8c3d6f47cf5efc3e 0 0 0 0 0 1
train_jpeg/d41517e98c7dc6dd266194d6ca2ed674 0 0 0 0 0 1
train_jpeg/7324c001e2512d3ea9197b0151c6c1b0 0 0 0 0 1 0
train_jpeg/e01b7a9a5d544384f762cd0ee381414e 0 0 0 0 0 1
train_jpeg/6935c5330b07eb6492d228b1e1a740a5 0 0 0 0 0 1
train_jpeg/d12e5393583cc85a35fa911a88493d51 0 0 0 0 0 1
train_jpeg/358dd8dad4d1449fc453f8a12f0f46b5 0 0 0 0 0 1
train_jpeg/2001e8b4b03f5a0bfb19501fed8e4fad 0 0 0 0 0 1
train_jpeg/e56fcab38fcea191e1f7d6338e59eaaf 0 0 0 0 0 1
train_jpeg/c1488ee019d770c751f6340afdab5a2c 0 0 0 0 0 1
train_jpeg/27b822c5d3b354f096dfb788fd3fa636 0 0 0 0 0 0
train_jpeg/a6b85455241e48ce9357d67b0ab72d1d 0 0 0 0 0 1
train_jpeg/73de4dfd9d1dd268f299b08c1ec3d4a2 0 0 0 0 0 1
train_jpeg/6b4d9607b39cd302ab15ed2d8f148e5d 0 0 0 0 0 1
train_jpeg/f9f7feefb4bac748ff7ad313e4a78906 0 0 1 0 0 0
train_jpeg/f77a11e4afd7871bd5dbec2d11451863 0 0 0 0 0 1
train_jpeg/77e3309bc816385c8c6acedb3af3403d 0 0 0 0 0 1
train_jpeg/095c13d937c0dd9f547035344ba6c6c4 0 0 0 0 0 0
train_jpeg/def69a571458183a0dd829e605b1eb5f 0 0 0 0 0 1
train_jpeg/ff73eeab69514f82ad611c0177b2813f 0 0 0 0 0 1
train_jpeg/675d4dfbc02d948b3be479815f560c2e 0 0 0 0 0 0
train_jpeg/7ffafd2382a0c549bc1f32b9041bcbc1 0 0 0 0 0 1
train_jpeg/b15b9b1b0af05f9ebdf361407582a541 0 0 0 0 0 1
train_jpeg/a61be8051f02ec494ed40696e988f6d1 0 0 0 0 0 0
train_jpeg/16ef2fde299931d4c9f60f1ee8471bc3 0 0 0 0 0 1
train_jpeg/aaa6b4c3a26881de53a602686940b4e1 0 0 0 0 0 1
train_jpeg/a7f9c65263578dbf6a92a2157b8627c9 0 0 0 0 0 1
train_jpeg/23c8f8eb87760b68c710f0bf5ebbbc2b 0 0 0 0 0 1
train_jpeg/ad341cafc2e5eb8ea6719618feb5ff73 0 0 0 0 0 1
train_jpeg/3e7cadcc949765b55664dcd34021089f 0 0 0 0 0 1
train_jpeg/f91f424e517f2801d18fdac0c06545fd 0 0 0 0 0 1
train_jpeg/172ddc24655c10644fb12ce2340d991c 0 0 0 0 0 1
train_jpeg/d591c236932c877da7c0c13088624ac8 0 0 0 0 0 1
train_jpeg/f0ccac27f7eea1c854a9c60056a95eda 0 0 0 0 0 1
train_jpeg/6917489611bdfdf75a56fa22a8c7fbe3 0 0 0 0 0 1
train_jpeg/2273d1a07a40e381fb7dfd7649166714 0 0 0 0 0 1
train_jpeg/105a734d1de02e6681c11743d5da094f 0 0 0 0 0 1
train_jpeg/503c11e610d2043d0934e616e72453e8 0 0 0 0 0 1
train_jpeg/eddb92f17c33dccfc0570afd514bad73 0 0 0 0 0 1
train_jpeg/ab07ec4195cddf34f4268bd0f1a6432a 0 0 0 0 0 1
train_jpeg/ab51ed37f90ea78c93f1e92aa8a9d749 0 0 0 0 1 0
train_jpeg/612418de926c8286c8eb5ea317cfe138 0 0 0 0 0 1
train_jpeg/4162cfbc45878012225985ccdcd89720 0 0 0 0 0 1
train_jpeg/7413687c59af03d7aa10a04225d1ac52 0 0 0 0 0 0
train_jpeg/c01011537715b0857c86240cb7fa9521 0 0 0 0 0 1
train_jpeg/77508393a893101ef38598222327703f 0 0 0 0 0 0
train_jpeg/ba79c698456068f372c043b1bd57a9ce 0 0 0 0 0 1
train_jpeg/c30e884d165b10fec1fd9b83345a5d9c 0 0 0 0 0 1
train_jpeg/c4c1ef63bd568c89beb4ae3ab9eeb1bb 1 0 0 0 0 0
train_jpeg/76068245ca2ba3362f734ab8272340e7 0 0 0 0 0 1
train_jpeg/1b09f8963f072c7caf4ecc685910fb15 0 0 0 0 0 1
train_jpeg/190b5776b1e62f3343c70f4ea9af4b15 0 0 0 0 0 1
train_jpeg/15c759a3fb697312637a4704c0836a71 0 0 0 0 0 1
train_jpeg/be935a84c31073eaa197f0dddd37784c 0 0 0 0 0 1
train_jpeg/2ad83371c8e883b4cc2e9c1b55a176fe 0 0 0 0 0 1
train_jpeg/3b2087f26637d64244ec11da41770aad 0 0 0 0 1 0
train_jpeg/383e5c3c75776eb23a6d245cd92dffb7 0 0 0 0 0 1
train_jpeg/0ff665352a064500b5ad8feee653a48d 0 0 0 0 0 1
train_jpeg/4aa7f84f5214803f4dea7d7bd2a2fb72 0 0 0 0 0 1
train_jpeg/4a2dec8f7163be64ef67f0d09056c921 1 0 1 0 0 0
train_jpeg/8ea9b4a00369f9a8fab809341e10d1da 0 0 0 0 0 1
train_jpeg/0b6c10e0cd5868289d11c20da87410b8 0 0 0 0 0 1
train_jpeg/e2516771535cd2d3550541b91d8b1233 1 0 0 0 0 0
train_jpeg/a782b1a571da89222c8085b9fb6b1df5 0 0 1 0 0 0
train_jpeg/c87a39abf714b710d0539e246739d783 0 0 0 0 0 0
train_jpeg/5ce53167cb33fa63c59af857d7236416 0 0 0 0 0 1
train_jpeg/90a27c3ac3327ddb800b2ae9bcc27ac6 0 0 0 0 1 0
train_jpeg/34621088325983505745f058223e081c 0 0 0 0 0 1
train_jpeg/b1d91f35ae0878e9ac830ccf817dd478 0 0 0 0 0 1
train_jpeg/fc50039c45fdb6c9224bfff5ba4e64b3 0 0 1 1 0 0
train_jpeg/92f683aafec90e6fba00d39b6d76016a 0 0 0 0 0 1
train_jpeg/6e224b4caf02b51618bda425011636f2 1 0 1 0 0 0
train_jpeg/01815f05a4a4e424181a6d3be101dcd0 0 0 0 0 0 1
train_jpeg/9d9163e469585acd173e802a8fa983e3 0 0 0 0 0 1
train_jpeg/da83810bc6e3d658053acd5110902585 0 0 0 0 0 1
train_jpeg/9f709e4b36665cf43eabf6fbe7e014ce 0 0 0 0 0 1
train_jpeg/c4b5b6a8a11ef80d6406f0c5b4732d36 0 0 0 0 0 1
train_jpeg/26716d576590f1464059375e3de86a29 0 0 0 0 0 1
train_jpeg/4f036e31965cccce5cc7a4f38d4240e1 0 0 0 0 0 1
train_jpeg/44609154a1fda697600085c2a611725a 0 0 0 0 0 1
train_jpeg/039d7ffa518b105dabbeca84d7b7753c 0 0 0 0 0 1
train_jpeg/e645d9985d6afaacf2722b9c82b2c9c5 0 0 0 0 0 0
train_jpeg/a76703a9a5a6459ca0c4ba8407403bc0 0 0 0 0 1 0
train_jpeg/a3505263b75023b90b3bfcc7524d6310 0 0 0 0 0 1
train_jpeg/87c46e8d48b2132f2ad80b1358ad0d50 0 0 0 0 0 1
train_jpeg/ef3aa4dc726f1f72da7aad1624eaced2 0 0 0 0 0 1
train_jpeg/1ba87849e127c6360c51cdd5d3a01bbe 0 0 0 0 0 1
train_jpeg/944d77a54c81f6665672728f3cc65c23 0 0 0 0 0 1
train_jpeg/2610dca6156baa3f79ad80cf55744959 0 0 0 0 0 1
train_jpeg/0cd17ac8af6bb78438a190ec56085b71 0 0 0 0 0 1
train_jpeg/7591316e0d214e15a922d5ef2644db09 0 0 0 0 0 1
train_jpeg/46f3e01784f7de9a0ff240cbe85b55c5 0 0 0 0 0 1
train_jpeg/e0c8a1f0f9ecb4748b67876c19af37ed 0 0 0 0 1 0
train_jpeg/ea97fdc2b0bf64e712a784849efbab79 1 0 1 0 0 0
train_jpeg/6b25a45c66c5be155c87586695336095 0 0 0 0 0 1
train_jpeg/b862ee82075cfa3725a1955f54b614a6 0 0 0 0 0 1
train_jpeg/24eb901ffcdde574f77f51d8ff330be8 0 0 0 0 0 1
train_jpeg/502e7c8d02a74d769453b8899e308ed9 0 0 0 0 0 1
train_jpeg/595883a29ce9b34f8ae3c2380cbd6239 0 0 0 0 0 1
train_jpeg/b60d6ffae544879f5a5985f69fe6475e 0 0 0 0 0 1
train_jpeg/46c8b5f28cbb1efaa2a301ab718265c7 0 0 0 0 0 1
train_jpeg/64a46917dfbd81f3747a1635f47f622d 0 0 0 0 0 0
train_jpeg/3d0b606d126dabc5c407491c3ae6f78a 0 0 0 0 0 1
train_jpeg/fdd529400be877bedaf4f2df9176cedf 1 0 0 0 0 0
train_jpeg/7bf1239aed87b5ac851b7bd81da924e9 0 0 0 0 0 1
train_jpeg/18b362567e282e3ada32ee486ea6bad1 0 0 0 1 0 0
train_jpeg/2e437cc9845683e509f2434604f6bff2 0 0 0 0 0 1
train_jpeg/b436b95ac503ec2e173e02580e8c2af1 0 0 0 0 0 1
train_jpeg/b83563194baedb0f4cfd96e3b50e5f9e 0 0 0 0 0 1
train_jpeg/3624ff9a96af87e75c22dbdb2744296c 0 0 0 0 0 1
train_jpeg/40069a1da8d0e9fc831ce5672b0ec908 0 0 0 0 0 1
train_jpeg/b10952e32b77bd8acf557d7856856156 0 0 0 0 0 0
train_jpeg/9c4b71578ae67f7b802c8e5fb6d768fa 0 0 0 0 0 1
train_jpeg/075e3ffe9e45b20229acc18e2d618193 0 0 0 0 0 1
train_jpeg/213a28a89d4e4e9652ac29322220d6ca 0 0 0 0 0 1
train_jpeg/b1e62ea9569c1bf8988e5c09cf72cc57 0 0 0 0 0 1
train_jpeg/3e991ac302c6748f951dfb9f8e522e1b 0 0 0 0 0 1
train_jpeg/82a4c0bdccef102a1504accb1df36b82 0 0 0 0 0 1
train_jpeg/13408fd9a760f2110321b4dfc67d8386 0 0 0 0 0 1
train_jpeg/5e921c955082a39bbcebd3d42a8d0b4c 0 0 0 0 0 1
train_jpeg/f184413f1c740b6b40279ecb5b9ace30 0 0 0 0 0 1
train_jpeg/ddf9c119a519bab85d5be5b1e113ef08 0 0 0 0 0 1
train_jpeg/1a81a478454cc00af5bc46300cd15df7 0 0 0 0 0 1
train_jpeg/4beb9b4e0acebc20ba821cab920ca6a4 0 0 0 0 0 1
train_jpeg/3dd71c90893c3ea35bfd55fa4b2c52c1 0 0 0 0 0 1
train_jpeg/b76fefa1730713302b68e1c406d576ba 0 0 0 0 0 1
train_jpeg/ed696103132aee457b0e11ce0d7b7d27 1 0 1 0 0 0
train_jpeg/0b4bfa8697aa6c71b86ee112bd775b24 0 0 0 0 0 1
train_jpeg/1d36704fc4f9a8f997128b92551bbc4d 0 0 0 0 1 0
train_jpeg/1c8a70eca4a79fd10e3689e2b378c603 0 0 0 0 0 1
train_jpeg/52340994677c9a6a53832cc219cd049f 0 0 0 0 0 1
train_jpeg/abce6fd97fac874bc492b451ad029434 0 0 0 0 0 1
train_jpeg/8aa01c8d1f096797b2b3f70c0e51c972 0 0 0 0 0 0
train_jpeg/931db73ff4ac2c9fba50f5d530d15c59 0 0 0 0 0 1
train_jpeg/af0ba1f4848e2b8a185a867de1257222 0 0 0 0 0 1
train_jpeg/fc45095dff453deb90ba2e867a219d01 0 0 0 0 0 1
train_jpeg/247af0fcdbe53ade2def3f79e4eb9345 0 0 0 0 0 0
train_jpeg/9af65ea325823abe3267759d885d28a2 0 0 0 0 0 1
train_jpeg/d79c5fd6d2f8b96c7de39829805fb270 0 0 0 0 0 1
train_jpeg/c00897ef1056df83770ee0b461633524 0 0 0 0 0 1
train_jpeg/cbcac82a78d1bf6969b865d03138c864 0 0 0 0 0 1
train_jpeg/a824f7f43552c3af8d846dd1cc0f0c11 0 0 0 0 1 0
train_jpeg/13408fd9a760f2110321b4dfc67d8386 0 0 0 0 0 1
train_jpeg/01b0510a8d3b0860429536653db5eb21 0 0 0 0 0 0
train_jpeg/a9c188aa03fc02cebe679eb440b8eca9 0 0 0 0 0 1
train_jpeg/f5f0ce7c7c2a1958797bf900ede184fa 0 0 0 0 0 1
train_jpeg/b6361404d23cc3dded7fa521b1ebddde 0 0 0 0 0 1
train_jpeg/47ce751ae117bc7bac4784992c7190fe 0 0 0 0 0 1
train_jpeg/f81d98bddc31de6dd86537881df24d0f 0 0 0 0 0 1
train_jpeg/37906d71bae225a2f676c84164224140 0 0 0 0 0 0
train_jpeg/05f4911da872a51502a16e8807ee673f 0 0 0 0 0 0
train_jpeg/53278593d68fd90429eaf885e01cce59 0 0 0 0 0 1
train_jpeg/41264e8b15541bea4f7fb5a8abfb4bbc 0 0 0 0 0 1
train_jpeg/34b63ee871b59cc84249bc3c3ec8a4bf 0 0 0 1 0 0
train_jpeg/3a250bb0e3cc59b014e2e2bb6c860fb3 0 0 0 0 0 1
train_jpeg/d4a8a32d495cd0d49ec8ad2eee3afa3e 0 0 0 0 0 1
train_jpeg/c3d222900b4131b148a9943db0e1bcc6 0 0 0 0 0 0
train_jpeg/91e4d6c6f6b7527f7963c2ed2f947a4a 0 0 0 0 0 0
train_jpeg/86ace0fdf3efe999d5c9ba92fb7297d6 0 0 0 0 0 1
train_jpeg/9d9caa9e06ec349f19f871e3fe2f343a 0 0 1 1 0 0
train_jpeg/f9ba5de7801dea90494e679809bcf55a 0 0 0 0 0 1
train_jpeg/ecae6af88e3b859c906e9b149a422b3f 0 0 0 0 0 0
train_jpeg/4e64cec5f0f214dd6ab9eb488fe6ddb9 0 0 0 0 0 0
train_jpeg/76450ba6a16dedd0408b69bc02c61663 0 0 0 0 0 1
train_jpeg/92c23fda0d7ea33fa3e9aab418ee446f 0 0 0 0 0 1
train_jpeg/da2935003ba6f6ee09c0bc362570c606 0 0 0 0 0 1
train_jpeg/1cc987d1b186a02bec602950b3debeec 0 0 0 0 0 1
train_jpeg/8e676bd1a69ae3586ba6363533d76a14 0 0 0 0 0 1
train_jpeg/011eb641c20dc4eaa472382849a99dd4 0 0 0 0 0 1
train_jpeg/8e5f33b23669d7a0c57697461a69e9a5 0 0 0 0 0 1
train_jpeg/8ae85268313b0db2f58d2193aab645c9 0 0 0 0 0 0
train_jpeg/4bdaa2947c7003aff2cd158ae9e186dc 1 0 1 0 0 0
train_jpeg/d32677062d9b64918b27c648d2da50d1 0 0 0 0 0 1
train_jpeg/37a4e42bac088a588aa3acc4a4cf42be 0 0 0 0 0 1
train_jpeg/9ef3da0f8675575915ce438d90115fb2 0 0 0 0 0 1
train_jpeg/169161c96410386408a481c9e6b64925 0 0 0 0 0 1
train_jpeg/388f037600c1a6d1134640e1070850a4 0 0 0 0 0 1
train_jpeg/81703345656b74f04c38727c7b817735 0 0 0 0 0 1
train_jpeg/a3411581087b63a70a2bdba24e55ff4e 0 0 0 0 0 0
train_jpeg/5bc8debe9dbceb6ed9510ca4c0af5718 0 0 0 0 0 1
train_jpeg/cc974ad66f47de642335f53dbbf98d1b 0 0 0 0 0 1
train_jpeg/adfb785de2c168614077ca29f410b469 0 0 0 0 0 1
train_jpeg/9304e69006023a7d77c1bcc451bcc3c4 0 0 0 0 0 1
train_jpeg/a9c07e48102f090f19848f726b6b291c 0 0 0 0 0 1
train_jpeg/58d91c47c65fb368fe23ffa2dcbed62d 0 0 0 0 0 1
train_jpeg/671c99257974b87e99ced41ccb84758c 0 0 0 0 0 1
train_jpeg/9c314e403d3e6e3ed09e79a57019f9ad 0 0 0 0 0 0
train_jpeg/4c36c53b6c25b8d65baff1aefb8de7f2 0 0 0 0 0 1
train_jpeg/f1d5d21120f5370c55efc2ab3d2db8bc 0 0 0 0 0 1
train_jpeg/7043451da60cb89537435829965759c3 0 0 0 0 0 0
train_jpeg/662fe30af3399b56c1579e95b0c6c87e 0 0 1 1 0 0
train_jpeg/c37689fe370975c4cc5d45e201ddadf6 0 0 0 0 0 1
train_jpeg/cfde4e4df35ec98329ebcbfb67c7a2e6 0 0 0 0 0 1
train_jpeg/92dd1dbfcae9c897709b2a3b83af54e1 0 0 0 0 0 1
train_jpeg/15da35ab1340c11ef7081674238da264 0 0 0 0 0 1
train_jpeg/f719cf48bb8411ce0e062a5347cc1f75 0 0 0 0 0 1
train_jpeg/c925e4d4be7a67db1cda23c93f9414ec 0 0 0 0 0 0
train_jpeg/34db9c79ad5fc3bf85793d9a5ef74584 0 0 0 0 0 1
train_jpeg/e8ca05fa7b88b631365f7777beaf5449 0 0 0 0 0 1
train_jpeg/c30ed4f29330984dcba119fda93cd19d 0 0 0 0 0 1
train_jpeg/c890e59919d68b8940fec64e89afd97a 0 0 0 0 0 1
train_jpeg/af55324212072e192d4bd3a4594d8697 0 0 0 0 0 1
train_jpeg/0aad4ac2ea24742e3f9de3d29fae6d95 0 0 0 0 0 0
train_jpeg/495111db9d791a4667f35da65361aec5 0 0 0 0 0 0
train_jpeg/de7c0acddd7ed5fb90f5f5e12458235b 0 0 0 0 0 0
train_jpeg/cd61bab9751a2dc321165c975901bb23 0 0 0 0 0 0
train_jpeg/b4148f125cfe78550775272f6b8c965a 0 0 0 0 0 0
train_jpeg/a974043780305d3ab4eb663db352fbad 0 0 0 0 0 1
train_jpeg/5e56b7582a7cb3616e69cf95cb544a17 0 0 0 0 0 1
train_jpeg/2752b250ca52cd0afe8b4b980e82310b 0 0 0 0 0 1
train_jpeg/9c6dd02f9203ff0c78cedc7622c90f77 0 0 0 0 0 1
train_jpeg/e0c85d5a6ff74851b3b1ebdfceca5f48 0 0 0 0 0 0
train_jpeg/4f8d1f1aa863e5d35bbe68ab8b72a87c 0 0 0 0 0 1
train_jpeg/ad413beaa010e38e1f06dad791e3c81c 0 0 0 0 0 1
train_jpeg/f719cf48bb8411ce0e062a5347cc1f75 0 0 0 0 0 1
train_jpeg/ebb0f756621fb2c6dcfa2b82d4fc8ed8 0 0 0 0 0 0
train_jpeg/bf2d58a3c9cfa9f23bd74560e1cfe687 0 0 0 0 0 1
train_jpeg/aefca6fbdab82ce59b2c7cceed75d062 0 0 1 0 1 0
train_jpeg/c337c0c48cb14bcfac1ba739a785c2cb 0 0 0 0 0 0
train_jpeg/df5aa1123fb533c8865b8eaf0bb9c5c8 0 0 0 0 0 1
train_jpeg/a2a8071358cf2858d45596364fd4ec85 0 0 0 0 0 0
train_jpeg/0506ee0b2a39c2caf6685ee72ebabb9e 0 0 0 0 0 1
train_jpeg/33eb7cc412dbf243e6ef000dd8c56c8d 0 0 0 0 0 1
train_jpeg/bd24133a5c72fdd62ad820445627b718 0 0 0 0 1 0
train_jpeg/3ea334ae927f1feeaf80e59b5d937c31 0 0 0 0 1 0
train_jpeg/9cced2a2bc4300696621c357650b8d3f 0 0 0 0 0 1
train_jpeg/62eaa7c251280aa3c31139ea3f81f391 0 0 0 0 0 1
train_jpeg/675ffaef18559ad337d8abb65ee44624 1 0 0 0 0 0
train_jpeg/20a2d0b35b1a7185f68c0d8c7f408f22 0 0 0 0 0 1
train_jpeg/93b7bc8659a0dd1ef99a00fd13db114d 0 0 0 0 0 1
train_jpeg/8ae8a13afdf7047c078ff6781a6b9e4a 0 0 0 0 0 1
train_jpeg/3e6dc1696e378ed55ea60091c620af4d 0 0 0 0 0 0
train_jpeg/e758063470dab00ffeedeebea2cda787 0 0 0 0 0 1
train_jpeg/42b9796b7f9ec65822586dbb948a3d82 0 0 0 0 0 1
train_jpeg/ba834f615157deb695f39381abcdab90 0 0 0 0 0 1
train_jpeg/95b55a69ed71d956594f754e8071f64c 0 0 0 0 0 1
train_jpeg/f866dffa083b0a1b8e5c09a47a2d55f2 0 0 0 0 0 0
train_jpeg/441770ffd2e6994035b328f3db12cb94 0 0 0 0 0 1
train_jpeg/e314fce6ebcdcfb6575a7aa6b98e9049 0 0 0 0 0 1
train_jpeg/75b23d1c0eac9ac8f390ec7a77c1ea89 0 0 0 0 0 1
train_jpeg/223460cf2baad672dfdeab0e5df45320 0 0 0 0 0 1
train_jpeg/dbca1fb4fbbfbd6032a9764f3e922ad3 0 0 0 0 1 0
train_jpeg/d7f4d8b0a084acd747beeee304ce40f4 0 0 0 0 0 1
train_jpeg/11eda2bb6f6db5355ffc8ec8e36a8866 0 0 0 0 1 0
train_jpeg/5cf56433d25338e9606fb511c5e23bf3 0 0 0 0 0 1
train_jpeg/bdfd3954ca74fa43d218719e215aa041 0 0 0 0 0 1
train_jpeg/16f1b7bb98b1a38f6fee5caf9460e4e1 0 0 0 0 0 0
train_jpeg/f0a815b05901cb71692cd1532a142b17 0 0 0 0 0 1
train_jpeg/01ce66ee84ef4045a06269aa0f5c2756 0 0 0 0 0 1
train_jpeg/9b07e8196c50cf8c1cbc648098332d0f 0 0 0 0 0 1
train_jpeg/6bfb85750420c5ee853ad5372dcfbd76 1 0 0 0 0 0
train_jpeg/2ef0bacf191dcacaa16ceb8a8b6a7fc6 0 0 0 0 0 1
train_jpeg/b691366d6d838d521c053720ef950e54 0 0 0 0 0 0
train_jpeg/10e8248185760938d4cae1f0462af88a 0 0 0 0 0 0
train_jpeg/3dfbe57b2f78fdc715e81b12630f45ec 0 0 0 0 0 1
train_jpeg/5b09a7202874a8a9af374641291e7b5b 0 0 0 0 0 1
train_jpeg/4279368bcbf7e98171be56cc9855ef67 0 0 0 0 0 1
train_jpeg/770959dcc1087ec6ed7c307e6496aa65 0 0 0 0 0 1
train_jpeg/71f52612d8897d2550303d1fb320f3d7 0 0 0 0 0 1
train_jpeg/3eaab50f6e8eb3229e752d546e41979b 0 0 1 0 1 0
train_jpeg/d50ad78402bf162e2cbedd9553ae6d8f 0 0 0 0 0 1
train_jpeg/a6bbf17d52ff3b1d0ca1b48879223464 0 0 0 0 0 1
train_jpeg/ec50aa95bd69eacf7b639c580a4f8bb0 0 0 0 0 0 1
train_jpeg/70dc4cdf5377a5daa9628a456390ed93 1 0 0 0 1 0
train_jpeg/44ff83f86f81c54ed2540ccddcc68263 0 0 0 0 0 0
train_jpeg/33886b5e98edaec680d7f04c07f07b99 0 0 0 0 0 1
train_jpeg/a950a49156748cdd16882317f9b17d6c 0 0 0 0 0 1
train_jpeg/2a364dea24600221fb6208567bda008b 0 0 0 0 0 0
train_jpeg/50accea9be1dcb0c9f54a9c9d5aaeee6 0 0 0 0 0 1
train_jpeg/770ae639d8c1ac0846ce73d7ad5bacad 0 0 0 0 0 1
train_jpeg/f7cca0874f0a8fdfdcb8952ec15c2e24 0 0 0 1 0 0
train_jpeg/43baf28f027391497e79d33400f25ccb 0 0 0 0 0 1
train_jpeg/f5647785cac236ffe0ec3287f9f6aa84 0 1 1 0 0 0
train_jpeg/92aae34a06d6449de924ff4932659512 0 0 0 0 0 1
train_jpeg/2fc7caf50f8f95d93bd2b19301a80288 0 0 0 0 0 1
train_jpeg/6a8afd2f3a1625885881c2110b658fca 0 0 0 0 0 1
train_jpeg/27d376021700fdc9efccbcc2c93a8d15 0 0 0 0 0 1
train_jpeg/314fdeb0152e847fa3f722991f547828 0 0 0 0 0 1
train_jpeg/eaae8124149b70cd2cffba663db598a1 0 0 0 0 0 1
train_jpeg/27f2f42991e439d26e96a9910db66efe 0 0 0 0 0 1
train_jpeg/a99a720cab88405baaf789e85ce20c45 0 0 0 1 0 0
train_jpeg/8814fdcb765378b91dc124b3113e34d2 0 0 0 0 0 1
train_jpeg/38927202c50f031792fd867e607ff068 0 0 0 0 0 1
train_jpeg/5df44d0d1770fba1a6ae611172cc1b4c 0 0 0 0 0 1
train_jpeg/0850bf4d0056a34dc0ba6c1c63fc7d2e 0 0 0 0 0 1
train_jpeg/e4fdb253b4d97d3b4420e060f1df5feb 0 0 0 0 0 1
train_jpeg/54c9360c74659a1e35ac10e4a4852243 0 0 0 0 0 1
train_jpeg/09fca09845746d28dcda4981a8632bd7 0 0 0 0 0 0
train_jpeg/667ed9795dddfb207a984b3c47cfbd4c 0 0 0 0 0 1
train_jpeg/8036ddc6d564439af50497faef05eec3 1 0 0 0 0 0
train_jpeg/76a1e1f761523aaf43a6135bee1c0492 0 0 0 0 0 1
train_jpeg/09b3f58371e614ff88790458a010bb22 0 0 0 0 0 1
train_jpeg/ba3d73290e5752dd869823e17a7e4ad0 0 0 0 0 0 1
train_jpeg/0ad8d7f0f8a9bc784c8bb38e50a63beb 0 0 0 0 0 1
train_jpeg/532f68f48607d8b0d7db35b3f1913ddc 0 0 0 0 0 1
train_jpeg/4fa97687929a270152b9f2489ea3a551 0 0 0 0 0 1
train_jpeg/d630459c8036ef43b0fdb55625289101 0 0 0 0 0 1
train_jpeg/204184f1fb8dcc77dc393e9628b76345 0 0 0 0 0 1
train_jpeg/fb0220b38c589f1d7be8ef917483e607 0 0 0 0 0 1
train_jpeg/0bdadb23e846f9c247d3ea571f63913d 0 0 0 0 0 1
train_jpeg/9bf651ff4849732663eb74736c46e5c6 0 0 0 0 0 1
train_jpeg/c439d7071a6929d38db1b86e577806c3 0 0 0 0 0 0
train_jpeg/c7a64e8282500bcb142ffd009ce6ba90 0 0 0 0 0 1
train_jpeg/b9c7edadba4709a6fae8c38d87da3ad3 0 0 0 0 0 1
train_jpeg/2077dfb717706d5ce9a373f1672e869c 0 0 0 0 0 1
train_jpeg/3fad33fc508079cda1c26feb60b05690 0 0 0 0 0 1
train_jpeg/8609affe56a5bec4ab3e7f51d06f2d54 0 0 0 0 0 1
train_jpeg/754e5c9903b4b9bec894ebde02b54db8 0 0 0 0 0 0
train_jpeg/eeee9953810eee9388b3a0c5a4ad4ef6 1 0 0 0 1 0
train_jpeg/f866dffa083b0a1b8e5c09a47a2d55f2 0 0 0 0 0 0
train_jpeg/266b37c3cf0c2b60d86849a26d1036f9 0 0 0 0 0 1
train_jpeg/64e2df42cb29bb37d08aeb0ca22b3f62 0 0 0 0 0 1
train_jpeg/d015e02257639b55b196e26820e10081 1 0 1 0 0 0
train_jpeg/028abf6b0a4e96bcb62f4aeb126735dd 0 0 0 0 0 1
train_jpeg/534a53462a8950ec15163afc8dcd7767 0 0 0 0 0 1
train_jpeg/50658f30cbb06cb5d25d52175c03997d 0 0 0 0 0 1
train_jpeg/e19c99b75b9523210bfaf40406df82f3 0 0 0 0 0 0
train_jpeg/a0e5101575c68fadb39697457be7c402 0 0 0 0 0 1
train_jpeg/b12ed6fd6e85feb30e9fe3bdb0745a62 0 0 0 0 0 1
train_jpeg/753e488510fdb6ab04880e91f70addd1 0 0 0 0 0 1
train_jpeg/c7416853d09845bf74b6325edbdd4559 0 0 0 0 0 1
train_jpeg/cb470b7e4f2a24fc45e4d67d6b88fb84 0 0 0 0 0 1
train_jpeg/78b08d931b23d887b76c295d598e5206 0 0 0 0 0 1
train_jpeg/db8fd6a75147555c8ec9a7503c350658 0 0 0 0 0 1
train_jpeg/3623eea22ab15bd3cc7901e3c00695de 0 0 0 0 0 0
train_jpeg/7d0fa5708b67c2bbb2509a468df9b73b 0 0 0 0 0 0
train_jpeg/f18efbc5f0e380cf80f8c07d7c139e64 0 0 0 0 0 1
train_jpeg/9ebe7ffd8763715c9d2cc87404dbf80d 0 0 0 0 0 1
train_jpeg/bcef787ed33e920cb0fcb15e30172126 0 0 0 0 0 1
train_jpeg/1e906de6eb973a6cdb7fc9bafb2db7aa 0 0 0 0 0 1
train_jpeg/e9a62997d0d5a13aa7a957ba7840f77b 0 0 0 0 0 1
train_jpeg/3ae506a61fb868ec27c2cecb5fe9c046 0 0 0 0 0 1
train_jpeg/aa9c3097e6d2df7216be1a1642f683c9 0 0 0 0 0 1
train_jpeg/d56fd281ce49dd0ed4dfcf1d72ca78d0 0 0 0 1 0 0
train_jpeg/f6953ff546b85c1d1a540eb4c50e4c98 0 0 0 0 0 1
train_jpeg/915e7fbda46ac956e163de4485710390 0 0 0 0 0 1
train_jpeg/e9986131c41216ce7900ddfe19e38ed6 0 0 0 0 0 0
train_jpeg/6f71690bf34f0ebf5b14c1ad0ffea243 0 0 0 0 0 1
train_jpeg/d80aefc39fadd237184f3500bbbd84d3 0 0 0 0 0 1
train_jpeg/510cf94dc828c654636613b2d5839cad 0 0 0 0 0 1
train_jpeg/6fa721dbeeea8b191be3336226a2d3e8 0 0 0 0 0 0
train_jpeg/87a724e9ba23be348dbaf24878afa014 0 0 0 0 0 0
train_jpeg/813e13e8b9385cbcffc45356265f6a10 0 0 0 0 0 0
train_jpeg/6fb18f9632ac81de72e1970e26346f24 0 0 0 0 0 1
train_jpeg/0853ab3a3dbadae1e6f28b933ddff809 0 0 1 0 0 0
train_jpeg/c0440c09698f89df168dc146af067fe7 0 0 0 0 0 0
train_jpeg/3cfb18675d613c5c42d55faaf6a75afd 0 0 0 0 0 1
train_jpeg/86ed421be69c3316eb5167e59c4c0d03 0 0 0 0 0 1
train_jpeg/3ae2db9d6b4c9969b32b99fd33e07da5 0 0 0 0 0 1
train_jpeg/fca6ec628aaba74b867c27fec104fd3a 0 0 0 0 0 1
train_jpeg/c48286c8df6f70869101a493d1e84c39 0 0 0 0 0 1
train_jpeg/87c3cdf9d5dab832b01f2c94321e3130 0 0 0 0 0 1
train_jpeg/5a913b5dd8d43a823a1184ca9ec2d616 0 0 0 0 0 1
train_jpeg/59fed662a3a22b74290f2c1fbaaee47f 0 0 0 0 0 1
train_jpeg/45643319e6083d351cb4e9684bde069c 0 0 0 0 0 1
train_jpeg/684626e9ab3384984e4af5ede3a0e6aa 0 0 0 0 0 0
train_jpeg/6b49f9a611fb606933242b3409569497 0 0 0 0 0 0
train_jpeg/4721648c0f5fa94283a62a33f7caa38a 0 0 0 0 0 1
train_jpeg/db8a7635772dbeadb53806b11cf45062 0 0 0 0 0 1
train_jpeg/d7fb0c983a31797353faff4db222bd51 0 0 0 0 0 1
train_jpeg/40b9a833fd7bc494e9803286d9349ca6 0 0 0 0 0 1
train_jpeg/17eea018beec6ef78ec675919080e6a1 0 0 0 0 0 1
train_jpeg/5d8946c39ae55c10fd688bca352fb5c9 0 0 0 0 0 1
train_jpeg/63ae0334ee9804a3bb06d66432fefa26 0 0 0 1 0 0
train_jpeg/58364d499e25272ea20f4175dcbaa785 0 0 0 0 0 1
train_jpeg/d14f7d9469a5cdf6a60feea8f190f38d 1 0 1 0 0 0
train_jpeg/618132e055081856c6b4918a11f4eabd 0 0 0 0 0 1
train_jpeg/bdd0bebed953f69413213d387c9717e7 1 0 0 0 0 0
train_jpeg/90b63b403a6ebea8956f70db3818f40f 0 0 0 0 0 1
train_jpeg/8c09c35eeb8472b327cc14b1d51e118c 0 0 0 0 0 0
train_jpeg/c44d181b9862041599eef9b75a890704 0 0 0 0 0 1
train_jpeg/3a9ca3e1abf4367614147b0df838624a 0 0 0 0 0 1
train_jpeg/d264de8c001ad3304fb6ee0c6ae379ec 0 0 0 0 0 1
train_jpeg/8f01cb0cd50d9df7e34dcea44dcf7e4f 0 0 0 0 0 1
train_jpeg/50f162f9ba07dc0df900cc2ae3ce24ef 0 0 0 0 0 1
train_jpeg/f4bce728f0331c8a9d9ee0c3fb18735b 0 0 0 0 0 1
train_jpeg/d07b9b9c416e3a1589605cfe12a34374 0 0 0 0 0 1
train_jpeg/ed62a13366b795c8651d06648a550958 0 0 0 0 0 1
train_jpeg/b2d52fe2c8bd9663dd3dddcc4049ac6d 0 0 0 0 0 1
train_jpeg/0ffa24230f7064bcdb313507dce02ae3 0 0 0 0 0 0
train_jpeg/b5073e2870aa24ea6ad3b3b2c90850e2 0 0 0 0 0 1
train_jpeg/17fe937a857cfb757b8718ae875ab8e1 0 0 0 0 0 1
train_jpeg/9894680ab449c562b30df83ee3faa9de 0 0 0 0 0 1
train_jpeg/f5f0ce7c7c2a1958797bf900ede184fa 0 0 0 0 0 1
train_jpeg/c719a2b6d6b4f01feadd81c5e2d02bd4 0 0 0 0 0 1
train_jpeg/641583031d565c2464b10ddb3da508d6 0 0 0 0 0 1
train_jpeg/7fd3b9dfa5050c1f879046960e0cf0d7 0 0 0 0 1 0
train_jpeg/c1f0fb75ab5c6304793c7674ca94ad98 0 0 0 0 0 1
train_jpeg/7fb4dd417196cddcbe7816c3512a2417 0 0 0 0 0 0
train_jpeg/e6dcfd8e8ebe5462b3a6e344384826ba 0 0 0 0 0 0
train_jpeg/fd3328ac67ebfde350f68a954c738c77 0 0 0 0 0 1
train_jpeg/28439c0a4f24e1319b22dd12b8a56a14 0 0 0 0 1 0
train_jpeg/cb79831baafd53db3a99731b58379c6d 0 0 0 0 0 1
train_jpeg/4bd8b64c77172aa547dd10fa5429eb04 0 0 0 0 0 1
train_jpeg/21ab6bc8c66330a258b3513c2ab738fd 0 0 0 0 0 0
train_jpeg/5456e22a6fab981152b831952dded13c 0 0 0 0 0 1
train_jpeg/af8c3c5b00e34b6b5c4471aae6dc5a90 0 0 0 0 0 1
train_jpeg/15fcf38c1276d50ad9857f47890450fc 0 0 0 0 0 1
train_jpeg/33d8ae7467ce9d541f67f240f3a99f0e 0 0 0 0 0 1
train_jpeg/9a4ed54cefaea64fc59bf8debdc79ec9 0 0 0 0 0 1
train_jpeg/ede3e4041468a91f1a8027aeaa10e540 0 0 0 1 0 0
train_jpeg/56d8197180bcebfbf00bb64cc694ea8c 0 0 0 0 0 1
train_jpeg/df908402799fe45e0bac05940e1fcd9e 0 0 0 0 0 1
train_jpeg/6056fe4eed40998cc745482220bd33a6 0 0 0 1 0 0
train_jpeg/a3942b8f01dd54858add21b966d3986e 0 0 0 0 0 0
train_jpeg/a8bc630e9b4f2cc1a94468143ed35428 0 0 0 0 0 0
train_jpeg/1325e18cf1086090d7cdf77ffeab6143 0 0 0 0 0 1
train_jpeg/808e6eee81bd214e86012cd3539e4c06 0 0 0 0 0 1
train_jpeg/e2c9d3576bec9857de53e8bfedc30e69 0 0 0 0 0 0
train_jpeg/0742030431be6b6807b9ca0a7eefe127 0 0 0 0 0 1
train_jpeg/912f2d1789cd50ea5251af9e7f5f6868 0 0 0 0 0 0
train_jpeg/864162106b4c83be91a86d4d38595977 0 0 0 0 0 1
train_jpeg/634692d5bae08695f3c842dfbabb902b 0 0 0 0 0 1
train_jpeg/6c177d92b5fa4ce2996244c7f3c68424 0 0 0 0 0 1
train_jpeg/7ee997beb3bd84ccf3a512457db0b7df 0 0 0 0 0 1
train_jpeg/4b33db392748079f75a5250a15840b74 0 0 0 0 0 0
train_jpeg/9109b615ef6a9f55fac0715716210ede 0 0 0 0 0 1
train_jpeg/de433be251ac0a76b47d0106857b48b1 0 0 0 0 0 1
train_jpeg/fe0e5e1172c8dbe0442e46f4f9f1ff4e 0 0 0 0 0 1
train_jpeg/78665ea4f51dca2d2cb02f2c45e95745 0 0 0 0 0 1
train_jpeg/b71274108d1bfb8bf7a96b8f512da72b 0 0 0 0 0 0
train_jpeg/1d75607de6fa81fc60677492c41dc65d 0 0 0 0 0 1
train_jpeg/85b4d2245736df99dd72eda3924b7dcf 0 0 0 0 0 1
train_jpeg/85e95b13040ae3e20eccac186b93e6ac 1 0 1 0 1 0
train_jpeg/55e5dd662042639488ebb9fbd6a02864 0 0 0 0 0 1
train_jpeg/4127fa1e8bcb9931cc8b49367eecef78 1 0 0 0 0 0
train_jpeg/7fcafef3595088184e1e906cb2b0c735 0 0 0 0 0 1
train_jpeg/f968e70acdec121268a37f3b4676b735 0 0 0 0 0 1
train_jpeg/ea71fcd207bbfdace181b1fc939cfcbf 0 0 0 0 0 1
train_jpeg/6d35682ff27ed4e72d5c66128562bf42 0 0 0 0 0 1
train_jpeg/910c99ddbefd826f8e28f0969d0d162f 0 0 0 0 0 0
train_jpeg/9043e39c8e52843751e7cc9edc2c02e6 0 0 1 0 0 0
train_jpeg/6ec4a6b5d3180220d6debf958d147c25 0 0 0 0 0 1
train_jpeg/d11b2ce53ce195af06de80a5076f8126 0 0 0 0 0 0
train_jpeg/1e91bcfb6d3af8862003b143dd70b7db 0 0 0 0 0 1
train_jpeg/12c57b0679d77f63009d79239f5cb1ba 0 0 0 0 0 1
train_jpeg/e2729583d1f9bbee7c2f1a9f3e483936 0 0 0 1 0 0
train_jpeg/0f7ab20fb85469481df0c23360fac949 0 0 0 0 0 1
train_jpeg/1ad9acab15f15722dada12e90242178c 0 0 0 0 0 0
train_jpeg/ed24433d07c4d986d6b7789ac984ec2e 0 0 0 0 0 1
train_jpeg/c08b334ae97ac2ef330464fc964dc7ec 0 0 0 0 0 1
train_jpeg/ede72bdbae3f743b8febe5433c49d126 0 0 0 0 0 0
train_jpeg/d6a133254d617e25b9d6067c38422dc9 0 0 0 0 0 1
train_jpeg/2a1fcf5a5313b721f2fdbfee711bb098 0 0 0 0 0 1
train_jpeg/3127aa2498008f8bd5a8257031cee2f0 0 0 0 0 0 1
train_jpeg/45a2baf1ec97adfe290e7d7dd69690eb 0 0 0 0 0 1
train_jpeg/6454d66882ada8edffcca06d09f05ff9 0 0 0 0 0 1
train_jpeg/1a4b73e47f99ce15af33427cc16ecc74 1 0 0 0 0 0
train_jpeg/787b5635f43e119d50175a74c36644ff 0 0 0 0 0 1
train_jpeg/8573fa95ec3defbe2dec45d85a5093a1 1 0 0 0 1 0
train_jpeg/388f037600c1a6d1134640e1070850a4 0 0 0 0 0 1
train_jpeg/e5bb131acdbdaa4d269b0e7b9160998b 0 0 0 0 0 1
train_jpeg/670b0154323b07d62b9a047be3c12d1d 0 0 0 0 0 1
train_jpeg/dd2fcc4feaa9544f3691e1db071e7e8b 0 0 0 0 0 0
train_jpeg/2860567dbd5d3f2597072e0b0e45ccd6 1 0 1 1 0 0
train_jpeg/ed06295915b52f5fcc88e158ab0c7100 0 0 0 0 0 1
train_jpeg/3929f29e01d98f3666da7114c4e554ed 0 1 0 0 0 0
train_jpeg/0551db8af443829de9cfc1770eb15977 0 0 0 0 0 1
train_jpeg/6bbf54943c04324784c54e27de8dca85 0 0 0 0 0 1
train_jpeg/a9519035bae20b2267b38445724221a2 0 0 0 0 0 1
train_jpeg/4c1f101e56a758fed58ecc75d97ee59f 0 0 0 0 0 1
train_jpeg/6e012abbe46edde7d92243fa241bf38c 0 0 0 0 0 1
train_jpeg/f9dda1a40ac162af4e9fbc6027ed5375 0 0 0 0 0 0
train_jpeg/035480fbf46e946e21e7dce78637c329 0 0 0 0 0 0
train_jpeg/cd33be932bca447f6bf5b83b03018806 0 0 0 1 0 0
train_jpeg/cec7d7744eecb716dc8543f650ba5ae6 0 0 0 0 0 1
train_jpeg/9109b615ef6a9f55fac0715716210ede 0 0 0 0 0 1
train_jpeg/2895e73af0ca994488b68383dc8e603d 0 0 0 0 0 1
train_jpeg/e0020913cd1889e9ee9a5196f24af33a 0 0 0 0 0 1
train_jpeg/6fe8a6cb3929ebdfa1cc078b0318e363 0 0 0 0 0 0
train_jpeg/e93cac5fb52b0990262287e6b7af036d 0 0 0 0 0 1
train_jpeg/a1ca117d127ab891cd933b42d91e746c 0 0 0 0 0 1
train_jpeg/50493f86bb23f2aa97989846eba9600d 0 0 0 0 0 1
train_jpeg/919c32ee598c0e9c12188964768b5bed 0 0 0 0 0 1
train_jpeg/5184bc9a54adf7c8cb707c45f21fd741 0 0 0 1 0 0
train_jpeg/898fa1a6cd5528a57b55465f0389aa96 0 0 0 0 0 1
train_jpeg/0cc824d4b3896c3ee6b6f6c4a8cae900 0 0 0 0 0 1
train_jpeg/1ebd89362f08102898bed0392867a75c 0 0 0 0 0 1
train_jpeg/ac24f78f7f79fde37834b8f09534684e 0 0 0 0 0 1
train_jpeg/e881cb07c2bc435ff59e27faa676b70f 0 0 0 0 0 1
train_jpeg/ab3bb85af032f68c098006f698e0726a 0 0 0 0 0 1
train_jpeg/c96b6f449f9529dda0daafefbbd769e5 0 0 0 0 0 1
train_jpeg/7e86413ea7e9b826ab1c058a417f3a60 0 0 0 0 0 1
train_jpeg/1d378b37e94c96925d6e96d281825519 0 0 0 0 0 0
train_jpeg/12ccbda1f9c224e5d5496cd7fe3d26d7 0 0 0 0 0 0
train_jpeg/27b822c5d3b354f096dfb788fd3fa636 0 1 0 0 0 0
train_jpeg/21992194880ed480bd0232be383b8268 0 0 0 0 0 0
train_jpeg/bcac275c6e0bb33856f785e31374e30a 0 0 0 0 0 1
train_jpeg/7fb9d1da7ab59dba05ff2ad479b2d7e2 0 0 0 0 0 1
train_jpeg/3f3acd7f9f383c01b4392b8dd8bb8f10 0 0 0 0 0 0
train_jpeg/6a60eb90854efd3e59d804a8239251bf 0 0 0 0 0 1
train_jpeg/d7b5ffb03cf95f5d36a5e2ac067169b1 0 0 0 0 0 1
train_jpeg/e15a995ca75b644370fbb4b60809783d 0 0 0 0 0 1
train_jpeg/ef85cda3a115da5e7399342ac986d489 1 0 0 0 0 0
train_jpeg/cdd5d9b02e2b7b41e239cfcfc1519a25 0 0 0 0 0 1
train_jpeg/3e5a6d36c30daf6c586d269087d0755a 0 0 0 0 0 1
train_jpeg/eda707d79298458f23f778b0c8229d73 0 0 0 0 0 1
train_jpeg/1a027a6706c01aa0ec05d79942af1a15 0 0 0 0 0 1
train_jpeg/2118ec1324887c49163f603d64004ef0 0 0 0 0 0 1
train_jpeg/37a64f131e20057e6649e0cf60a3efce 0 0 0 1 0 0
train_jpeg/b90e929709147ef63dfebf74c0cbe454 0 0 0 0 0 1
train_jpeg/3d70046ae9a650f1316d143166541089 0 0 0 0 0 1
train_jpeg/ae27391445a96f7c1cab7e2269ff962a 0 0 0 0 0 1
train_jpeg/9d82b2a79a46c1a91802cad4043cc36d 0 0 0 0 0 1
train_jpeg/b7a22567a2065839a7439702beb93e3f 0 0 0 0 0 1
train_jpeg/78d237a2c0fe8f82956cec48132c0b1e 0 0 0 0 0 0
train_jpeg/883dd12ac75ea81d5681844898ae689d 0 0 0 0 0 1
train_jpeg/64fb1eee6339804a99a1f73aca1c4f0f 0 0 0 0 0 1
train_jpeg/cfb0f1134227a67c3c30809e424fba01 0 0 0 0 0 0
train_jpeg/ae9d5b3baccd0f0f32f178b85aa868ff 0 0 0 0 0 0
train_jpeg/6367b3113d5ad79a60c61516d2055770 0 0 0 0 0 1
train_jpeg/be0cc63b7335bd1fb95a2ad432209a14 0 0 0 0 0 0
train_jpeg/b9a2c726f8a39ea3cc841fa6d3100cc6 0 0 0 0 0 0
train_jpeg/e531672ae6083e717cbe83d7fc71ddda 0 0 0 0 1 0
train_jpeg/26c01c52f6f344050822135d89b0a8c3 0 0 0 0 0 1
train_jpeg/a59b404c0b03f0635c723a4c05ea62ce 0 0 0 0 0 1
train_jpeg/52448f4ee36620bad15bf4c097c6f17e 0 0 0 0 0 0
train_jpeg/51c27664f2d2699198b9eaf3f9471d8d 0 0 0 0 0 1
train_jpeg/911c04a6e6222a44ef3847876dc1c0b9 0 0 0 0 0 1
train_jpeg/1aae727ec5c427a7af7b9d3f9dbfb09c 0 0 0 0 0 1
train_jpeg/3d056d7ea2a9792b95034d17f8056f2e 0 0 0 0 0 1
train_jpeg/c98f2da0d98486f77b750bd16273d947 0 0 0 0 0 1
train_jpeg/6d80520d7518642b92a089b028407104 0 0 0 0 0 0
train_jpeg/a06fddf7956067c58ca3c2ba4021df23 0 0 0 0 0 1
train_jpeg/faee101f42575236fa16f94ae5a8851b 0 0 0 0 0 1
train_jpeg/d308ff68f68854b5e89d4ca5b3117cf2 0 0 0 0 0 1
train_jpeg/998b7cc5e6e50e0353fcd1ce230f7f92 0 0 0 0 0 1
train_jpeg/5550a493b1c4554da469a072fdfab974 0 0 0 0 0 1
train_jpeg/de7c0acddd7ed5fb90f5f5e12458235b 0 0 1 0 0 0
train_jpeg/34fd6ab2fe34832857d4bc2d04eb0e3d 0 0 0 0 0 1
train_jpeg/be53fe5a49231f1c1be020b0bdd8561f 0 0 1 0 0 0
train_jpeg/382d4d167434016c3e049eae87439759 0 0 0 0 0 0
train_jpeg/9e49f533644e1cc010211f75fc3c0ea2 0 0 0 0 0 1
train_jpeg/fdd323a08a8d9890c938351d465108b6 0 0 0 0 0 0
train_jpeg/c8d572ef1e152c997e3e699772f5957f 0 0 0 0 0 1
train_jpeg/d93a0d2e2bbf95f9f83e33442ed43729 0 0 0 0 0 1
train_jpeg/7a012e9ca947bbe8b46b47cd3257fc62 0 0 0 0 0 1
train_jpeg/0da97c2c8c5192e678faf9290f25d5c0 0 0 0 0 0 0
train_jpeg/5938d1edca572c6168c83190a35b4504 1 0 1 0 0 0
train_jpeg/b4872c4ae2b5733b5d0c025949d077da 0 0 0 0 0 0
train_jpeg/a3d5137d2817fa1a7497352d16b31b20 0 0 0 0 0 0
train_jpeg/d17fca94154d3b7021d23f56a3aaa883 0 0 0 0 0 1
train_jpeg/46c8b5f28cbb1efaa2a301ab718265c7 0 0 0 0 0 1
train_jpeg/48b4cca3fef302fae60f37abfe5bb461 0 0 0 0 0 1
train_jpeg/8ada567dbd73c16928ce0f7477275803 0 0 0 0 0 0
train_jpeg/b74fe430c7b76da4d34d36227bfdbb45 0 0 0 0 0 1
train_jpeg/5bf341e0d1f01bfe9be035593a6b5369 0 0 0 0 0 1
train_jpeg/01f88c998eea22d21ee144bc3edfd261 0 0 0 0 0 0
train_jpeg/0c373b6fd7836eb3f31de84e6d0082c9 0 0 0 0 0 1
train_jpeg/7324c001e2512d3ea9197b0151c6c1b0 0 0 0 0 0 0
train_jpeg/bcf3818ef301f9e1744c128536468d7e 0 0 0 0 0 1
train_jpeg/cbd4628864324949f52400f01afe40f7 0 0 0 0 0 1
train_jpeg/6dcaaabe767bfbd5cd13ad3c966a21c4 0 0 0 0 0 1
train_jpeg/2147ae7db5e6338ef91239c47fb1f311 0 0 0 0 0 1
train_jpeg/5bac140ce817cf691563067d70952e95 0 0 0 0 0 0
train_jpeg/8f2d4606bb980cd820b019e38365ad78 0 0 0 0 0 1
train_jpeg/7724a195f7c9e13ad2e08a4dde1d2a7a 0 0 0 0 0 1
train_jpeg/5717bad41fd1a788bb77066bd521ad13 0 0 0 0 0 1
train_jpeg/064a05cb72c83c2ac552078ef6060cc0 0 0 0 0 0 1
train_jpeg/df304fefd393f599b2f3e1d83774a1f0 0 0 0 0 0 1
train_jpeg/fec2f29e007af53a7a402b10baebf6a3 0 0 0 0 0 1
train_jpeg/900fa6baa0c15f5c96eaed57294ec6d4 0 0 0 0 0 0
train_jpeg/a4ce4aaed43f660e1055d6f30e4da63f 0 0 0 0 0 0
train_jpeg/5af9cf3407df191a1c8fb59d76593d22 0 0 0 0 0 0
train_jpeg/5e7edf8a5f636b67a2a854b284360cfa 1 0 0 0 0 0
train_jpeg/013893a5fa90241c65c3efcdbdd2cec1 0 0 1 0 1 0
train_jpeg/81f1edbd629ad3787864f286e192c85a 0 0 0 0 0 1
train_jpeg/741a9166daa2a340054d0210a0d7879a 0 0 0 0 0 1
train_jpeg/fef32af9c9103cadf14667a65d1fc089 0 0 0 0 0 1
train_jpeg/d581c05e21d31a55edf271d435ced1ec 0 0 0 0 0 1
train_jpeg/38dc1745e9aedd829a5c4989ad2f0758 0 0 0 0 1 0
train_jpeg/887361080ccbd381147d15c8da41eca4 0 0 0 0 0 1
train_jpeg/bfed73d0942f8976d1eedab115940b8c 0 0 0 0 0 1
train_jpeg/2e1571fc9e41f68fcc84b6094d664416 0 0 1 0 0 0
train_jpeg/9c314e403d3e6e3ed09e79a57019f9ad 0 0 0 0 0 0
train_jpeg/f9574727cba36fbc6a3799cbfd9b2bef 0 0 0 0 0 1
train_jpeg/d1ee146b55af8b9cd84ec605a9aa36bd 0 0 0 0 0 1
train_jpeg/800a68b6e6a75b5d6e5c3160ddafe266 0 0 0 0 0 0
train_jpeg/b316b5369ad86723969c55932efae89b 0 0 0 0 0 1
train_jpeg/4d0acfb4200c0153173d5d9997e6fe43 0 0 0 0 0 0
train_jpeg/8073db37a31c49306c6aad99a7b84808 0 0 0 0 0 1
train_jpeg/9df823bdb8130ffcea2bee7544a0db94 0 0 0 0 1 0
train_jpeg/45df3dcf060ea0a5cc99436d70164207 0 0 0 0 0 1
train_jpeg/d272605382fd19522fe2afefa4db1272 0 0 0 0 0 1
train_jpeg/3d4cff7ec8b3e2fe5b3f606880b45e7c 0 0 0 0 0 0
train_jpeg/a153495b8f21f9c8a56d3489c513d721 0 0 0 0 0 0
train_jpeg/5fdcb8e2115a3c7b5d989d862f515692 0 0 0 0 0 1
train_jpeg/b186fcb786b8272c0153458c2ffa4391 0 0 0 0 0 1
train_jpeg/2b8cead1c95f1a83f7ea7f7b92f398e4 0 0 0 0 0 1
train_jpeg/1c8036c48a361f409364bf1fe5a43b42 0 0 0 0 0 1
train_jpeg/bdd038e7e5e70d4f36d44142fc17e14e 0 0 0 0 0 1
train_jpeg/2636be7865624cc6ab6dcf6aed216995 0 0 0 0 0 1
train_jpeg/6c1369e177916c1d1cc4143cc6f1a57a 0 0 0 0 0 1
train_jpeg/9a45b83fde224d55197829d11f4730f0 0 0 0 0 0 1
train_jpeg/7cc7c4ece7e23f3989ceb5ae26ac4e66 0 0 0 0 0 1
train_jpeg/cc625b64cd45864eb85bdf4446e813a4 0 0 0 0 0 0
train_jpeg/27df67ed0897fb67fe7f2ea4211ead6b 0 0 0 0 0 1
train_jpeg/3e83503a5827e14a52348814b5864a99 0 0 0 0 0 1
train_jpeg/09b3f58371e614ff88790458a010bb22 0 0 0 0 0 1
train_jpeg/3ca1dc2c7a30bb0c9b541f91d9313c5b 0 0 0 0 0 1
train_jpeg/be5348ab7e578f06a773184754de816a 0 0 0 0 0 1
train_jpeg/e2e1ad4cef08200f95ed4d4b0bf712e0 0 0 0 0 0 1
train_jpeg/dad47fb48e4ec753453c0a794ef461cc 0 0 0 0 0 1
train_jpeg/615c6a121dc543396479a0a124687e6b 0 0 0 0 0 1
train_jpeg/b8e4b6c99ffbf912160eb8b7f82bc1ee 0 0 0 0 0 1
train_jpeg/dd83b3e293e8801c9fb167c53f96e2b6 0 0 0 0 1 0
train_jpeg/cdcc9ea4a42b7928c28a38ccfadba2cc 0 0 0 0 0 1
train_jpeg/6de52312fdea24626d088690e140cec8 0 0 0 0 0 1
train_jpeg/fa25a4d54af472c6a3a5229e068338c4 0 0 0 0 0 1
train_jpeg/7ef087c19b4be20d077ae67763a63f63 0 0 0 0 0 0
train_jpeg/02d9d0c89022adc381c23e72add7c389 0 0 0 0 0 0
train_jpeg/5b1ca661c257f3ab27cb8d43b7770fab 0 1 0 0 0 0
train_jpeg/f24fba1daaf6734ff6cb7aca3edea73f 0 0 0 0 0 1
train_jpeg/6367b3113d5ad79a60c61516d2055770 0 0 0 0 0 1
train_jpeg/fd6d801a9b661fd0abe97e5c37567c2b 0 0 0 0 0 0
train_jpeg/efc842e53ed3a948b8c6b5284c132c60 0 0 0 0 0 1
train_jpeg/429833c80b0522c466b1694b32002014 0 0 0 0 0 1
train_jpeg/ca54618517f7f62c6267db17ee8d3261 0 0 0 0 0 1
train_jpeg/c42b5e8105ed48a96bf7273e25f2a047 0 1 0 0 0 0
train_jpeg/ca32c24a3ad627f8e98d7791a09b4da7 0 0 0 0 0 1
train_jpeg/cbb387af06f2644ed90a42c390dd6f10 0 0 0 0 0 1
train_jpeg/78128e6e9a6b5cf69bcc8cc1062d845b 0 0 0 0 0 0
train_jpeg/c826d2fab3849f87173a1a236d77d0e1 0 0 0 0 0 1
train_jpeg/723eed86d23d1fe4bf07ae5c9c6affcf 0 0 0 0 0 1
train_jpeg/89acbb60d138942b60b35bdc0fbb285a 0 0 0 0 0 1
train_jpeg/73461c12a3a579574df0723071c9d3b9 0 0 0 0 0 1
train_jpeg/42e45c17b9e92a9108ef6f2f47804d8a 0 0 0 0 0 0
train_jpeg/4203ea234a2b4f10be4bd90cddc64347 0 0 0 0 0 1
train_jpeg/c999cff23a9a70da2e14b5a8fd8de2a7 0 0 0 0 0 1
train_jpeg/b562b9d70a50e0d5a4402f185527354b 0 0 0 0 0 1
train_jpeg/13f37b0b917c01631aff02f624e64d6a 0 0 0 0 0 1
train_jpeg/c40efde4da3c59ef506a9138b5fb3f5f 0 0 0 0 0 1
train_jpeg/5f09150b3d82a8e7103c7777278389dd 0 0 0 0 0 0
train_jpeg/7b97c7c1b71def8c2be665f551f33da3 0 0 0 0 0 1
train_jpeg/ff7a3edad07fc3a153f865ce329307a4 0 0 0 0 0 1
train_jpeg/4a85256607360f9c4c48fa9030f9d123 0 0 0 0 0 1
train_jpeg/6631f8a0aa875fccaa4b97beef657eee 0 0 0 0 0 1
train_jpeg/86b811f50177ab16c380281784e7f21e 0 0 0 0 0 1
train_jpeg/03ec9ca738f579b956cb4af13efa155a 0 0 0 0 0 1
train_jpeg/fbd4d82ec1018ef94b0b4baf2589a6a2 0 0 0 0 0 0
train_jpeg/ee3b2a3399a40af7703ce312d43df635 0 0 0 0 1 0
train_jpeg/bde7cb2bd708d3d928b6ad9e32038fe1 0 1 0 0 1 0
train_jpeg/130ba08b46e1067e22825dfc90fd450e 0 0 0 0 0 1
train_jpeg/2e65f074a5ff64eb31b56231d366bfdf 0 0 0 0 0 1
train_jpeg/9d7f277cf6c9b5f16c3b7d1c140b9eec 0 0 0 0 0 1
train_jpeg/106a3da41d2e3d9f508c09b28e8abdaf 0 0 0 0 1 0
train_jpeg/7f9a96e7377ba04fc585b805f93d5996 0 0 0 0 0 0
train_jpeg/88de7c70919681b1131860313fbb1208 0 0 0 0 0 1
train_jpeg/ee6eeaf541a305708e7a477a9def0488 0 0 0 0 0 1
train_jpeg/9a2d123a36eea730440d44f430ad2951 0 0 0 0 0 0
train_jpeg/52928755c4ad6ef3e3ebc4296794174a 0 0 0 0 0 1
train_jpeg/7f599800cc62ee666b751303ca096f98 0 0 0 0 0 1
train_jpeg/306d35d649f4fe90bec5b21eb3d8c42f 0 0 0 0 0 0
train_jpeg/511e8b50c9a7ecee4e1a8621f262e9ad 0 0 0 0 0 0
train_jpeg/98cfae70f256055ec24e8ba2dfd54ca6 0 0 0 1 0 0
train_jpeg/957b1bebd907d1dd66dacd3f777d8f38 0 0 0 0 0 1
train_jpeg/bc87ef332a3c532a7e86893cae30e127 0 0 0 0 0 0
train_jpeg/7fea37717ab0bf53c7cfa2f10f24c6a0 0 0 0 0 0 0
train_jpeg/0dae90df11425cf2a357af877293026f 0 0 0 0 0 1
train_jpeg/8b4fe0184fb8a569f32465362350e3b3 0 0 0 0 0 1
train_jpeg/25e99dd3d0a8e45529b0c04f28a31313 1 0 0 0 0 0
train_jpeg/d189ad84aa78fffbb5bea14f1c230e54 0 0 0 1 0 0
train_jpeg/d4bcbefefd480d4362d7d373a23e8729 1 0 1 0 0 0
train_jpeg/406d4e20d70bfce59fdbbd242d6e2989 0 0 0 0 0 1
train_jpeg/3f083f710e5cf1497091bae4b0ae60ba 0 0 0 0 0 1
train_jpeg/ae0166b5aa0bd2b27ef90feb99fb86e5 0 0 0 0 0 1
train_jpeg/8fd97ddca2c487df56953cff53d7c61a 0 0 0 0 0 1
train_jpeg/3c1452a661aece0bac73b74759ba60f1 0 0 0 0 0 1
train_jpeg/db1c95177df286e4868ce31b8ce53a5b 0 0 0 0 0 1
train_jpeg/9b28fda49336cf7ba76cda9ce9ffef1e 0 0 0 0 0 1
train_jpeg/0fdba5b4298773f488709251e49b26a2 0 0 0 0 0 1
train_jpeg/0ee2908c7a78297d71ba2194b975d8bf 0 0 0 0 0 1
train_jpeg/f41016cc32c5ed986f15e4d6169c1c2f 0 0 0 0 0 0
train_jpeg/4475c6ecebccd1c67344edb7a61a489b 0 0 0 0 0 1
train_jpeg/83b5a0edd3e244010d8dfcbb4c20d3b8 0 0 0 0 0 1
train_jpeg/c516ff097d60479f58a797cefad2c80f 0 0 0 0 0 0
train_jpeg/d41ece121e34614f319d154ef879bcf2 0 0 0 0 0 1
train_jpeg/15af14446b411c614094e6d68f74d9ff 0 0 0 0 0 1
train_jpeg/18a5e70aaab459fdce1141088eb23f16 0 0 0 0 0 1
train_jpeg/1d36704fc4f9a8f997128b92551bbc4d 0 0 0 0 1 0
train_jpeg/a507060152318fbedefec4a5d8071556 0 0 0 0 0 1
train_jpeg/d625684a437d0b9f622fec5329c6d7af 0 0 0 0 0 0
train_jpeg/19b90a86dccdc11c785cc955ee22db2f 0 0 0 0 0 0
train_jpeg/427cc67360ebdee0eefee7e0ae63f2b8 0 0 0 0 0 1
train_jpeg/0428eb1ea4b373245cfc3934cde6d55a 0 0 0 0 0 1
train_jpeg/a961a6c1687700c95124510bbffef266 1 0 1 0 0 0
train_jpeg/cf649175d6643b54f833f22eb8ab6856 0 0 0 0 0 1
train_jpeg/2752b250ca52cd0afe8b4b980e82310b 0 0 0 0 0 1
train_jpeg/f4e913c031f50fa859d8c775cf716974 0 0 0 0 0 1
train_jpeg/3d3f2310d40e573250591e1238b92a07 0 0 0 0 0 1
train_jpeg/996cf9196ebda9f2b449e2ec38ac17c4 0 0 0 0 0 0
train_jpeg/541e1c8eccc493eca63cb8482f1ad36f 0 0 0 0 0 1
train_jpeg/bbac60d6c7695f5eeccb56cb56336f6d 0 0 0 0 1 0
train_jpeg/dfd523a5991fc852654bf1235c6282c6 0 0 0 0 1 0
train_jpeg/cffa67149b86b1359623d25f061a2063 0 0 1 0 1 0
train_jpeg/35433cca981a3822bcdc1ac66d74f96c 0 0 0 0 0 1
train_jpeg/aa47b9a61e0440f6a82c46f57b07cb6a 0 0 0 0 0 1
train_jpeg/3cd58e860993b9e6a8c79bfa71ec66c3 0 0 0 0 0 0
train_jpeg/ad65ef4667adaa5e3bc774ad80158540 0 1 0 0 0 0
train_jpeg/ceb48b22d6d8d4c7dc4e9a6158e82699 0 0 0 0 0 1
train_jpeg/e2b6dcfadc876caf1673923ee3cedf7d 0 0 0 0 0 0
train_jpeg/b53acd38edbe65510c310fd0738cbc5e 0 0 0 0 0 1
train_jpeg/dd1bafb91e030b06b166cc6f30a43128 0 0 0 0 0 1
train_jpeg/492287f7430033ab1c12a7562792e184 0 0 0 0 0 1
train_jpeg/ce4a461ab5b95bc7b79bc6bea11f7ff8 0 0 0 0 0 1
train_jpeg/0128fe112c2ee94f8ec176109b6ca112 0 0 0 0 0 1
train_jpeg/904ef1ed19b812d07c74532ce1ea80d9 0 0 0 0 0 1
train_jpeg/bd88a33ada7f70bf1fcc8663971a8b2c 0 0 0 0 0 1
train_jpeg/a9f4c9a4971b3877981e09d4a2ac7fc0 0 0 0 0 0 1
train_jpeg/fa6c9d5324c1e538957f78607e14c457 0 0 0 0 0 1
train_jpeg/5a8231c748478ef6be5055800a2fce17 0 0 0 0 0 0
train_jpeg/24051b6c68ac93e887c70b671d9197cb 0 0 1 0 0 0
train_jpeg/6cb240d269bf2e5f8acc33733a81c16b 0 0 0 0 0 1
train_jpeg/d2bf100975851a741b3770d128110fdc 0 0 0 0 0 1
train_jpeg/3fb83af943cdcbd3d255a51b0d86f827 0 0 0 0 0 1
train_jpeg/9e7f7e89fbe027e4f3ce56086899b09c 0 0 0 0 0 1
train_jpeg/1cd418aae48e474cb11dd1ce373fb5e3 0 0 0 0 0 1
train_jpeg/a3edf89d922032beef7cf3484ab9fe54 0 0 0 0 0 0
train_jpeg/2072cdb6aab12d25059bb55e7d832290 0 0 0 0 0 1
train_jpeg/3da89bf577082524327d6cb2b6c75d0d 0 0 0 0 0 1
train_jpeg/efc7bc78ce88e95191fdab525f974c24 1 0 0 0 0 0
train_jpeg/0162dad8330007f8f0daf43bcf4033f1 0 0 0 0 0 0
train_jpeg/45beae35a855d010ef2744a912b92934 0 0 0 0 0 1
train_jpeg/fab2ad94eb5bac3d71e0046a9787579a 0 0 0 0 0 0
train_jpeg/fb43ea715fd8406ea2b9cf5874e0bad2 0 0 0 0 0 1
train_jpeg/d1dbddfd0d130d400e81deeef783007a 1 0 0 0 1 0
train_jpeg/20c66fa958484d5a9f28bb764e0224a9 0 0 0 0 0 1
train_jpeg/aa20e108316a361edbb9e78ad50f2a8e 0 0 0 0 0 1
train_jpeg/910e6bb0acb1c0b9156b4b7ae0dc752c 0 0 0 0 0 1
train_jpeg/eb3f408d6ce7818e66b775cbed9b53b1 0 0 0 0 0 0
train_jpeg/31873abb42a5af56c33d1681971d014b 0 0 0 0 0 0
train_jpeg/d6488b81f05ad5ade91276d7e26cdb1d 0 0 0 0 0 1
train_jpeg/54122627c6aeed581fde506562a73b2e 0 0 1 0 0 0
train_jpeg/c61b428d550444d2432e4d959c6cdadd 0 0 0 0 0 1
train_jpeg/cdfac35a0800774db5fe8a6354df64ef 0 0 0 1 0 0
train_jpeg/6ebb557cc46abbb2477d07a49608c681 0 0 0 0 0 1
train_jpeg/7084059b156cac62b1126ec08e3ecbbd 0 0 0 0 0 1
train_jpeg/58c5949654c7b37ed3c373ae8ff10d52 0 0 0 0 0 1
train_jpeg/301e30589376d76ac096d2b27289f2be 0 0 0 0 0 1
train_jpeg/d90c05c408dca0689ee6319b69d4aa03 0 0 0 0 0 1
train_jpeg/d35342287accb789782fee0e4a8b1031 0 0 0 0 0 1
train_jpeg/1409d26e536b423b2a8d4fb117ea1db4 0 0 0 0 0 1
train_jpeg/b3d63ed3990561e00d7bbd11e42568ac 0 0 0 0 0 1
train_jpeg/ec9ec7b018f0fcb01fdde37e939ab6ed 0 0 0 0 0 1
train_jpeg/c65f2db150193b8d81522673d0c9ec8a 0 0 0 0 0 1
train_jpeg/9843055e2c23d2b8d620979a24d6ac2d 0 0 0 0 0 1
train_jpeg/a66a0b86804793c9ec57ba54d71b337d 0 0 0 0 0 1
train_jpeg/8c148f848e65fcc3c3259e5718b0972a 0 0 0 0 0 1
train_jpeg/eae9d1efd139bba5e4acbb3333eff429 0 0 0 0 0 0
train_jpeg/78519abf7e98608850e125d48cc1556b 0 0 0 0 0 1
train_jpeg/859ff9f6ec5b2d6adad18f2cae3a8f33 0 0 0 0 0 1
train_jpeg/28eb28a9feba4a3fd37327417aba1ed7 0 0 0 0 0 0
train_jpeg/afbe62f1c080ac0f2f56f7420c4760eb 0 0 0 0 0 1
train_jpeg/aefa0a033f021f7e0755000a83e57acd 0 0 0 0 0 1
train_jpeg/1b6c09c247c93d8fd21adf55814476fb 0 0 0 0 0 0
train_jpeg/4abd6552fa64b8c7d39514cd29d7240c 0 0 0 0 0 1
train_jpeg/f8d2c9efbabde9af64a64f212b5ca78d 0 0 0 0 0 1
train_jpeg/4fbadd9601a2a98892407eff3f194de7 0 0 0 0 0 1
train_jpeg/55a6f35d1fc71adbb833ae726a42e46e 0 0 0 0 0 0
train_jpeg/776125f3d2c9af97ee3197c93ece70cc 0 0 0 0 0 1
train_jpeg/f972faed5e9885f7409133166cf8ed9a 0 0 0 0 0 1
train_jpeg/20484b6740adb2473c80a64a06375f70 0 0 0 0 0 1
train_jpeg/b5192398f443dceb7fe9e7b31ecec735 0 0 0 0 0 1
train_jpeg/83c4ffdc5e2f7007ef377c6898504467 0 0 0 0 0 1
train_jpeg/c89fdbd26b69a96edbef96f88a4004a5 0 0 0 0 0 1
train_jpeg/9ff1d39a6f4f3abc206c02d564e52dc9 0 0 0 0 0 1
train_jpeg/09fcb37b4bf132c373ae0435f13fa059 0 0 0 0 0 1
train_jpeg/9e104788d948797f70790dce9067c277 0 0 0 0 0 0
train_jpeg/9c1746851ce4dc66275f839fb1627ef0 0 0 0 0 0 1
train_jpeg/285b1c1c54cfa6dbd3f43799b889fec9 0 0 0 0 0 1
train_jpeg/5d4a7daa7e70085f6e5489fff404c1e9 0 0 0 0 0 1
train_jpeg/8b1c3180592f0c790a40895e9cf64875 0 0 0 0 0 1
train_jpeg/dc5aaa675e13f5a08673dd0ad0d80d71 0 0 0 0 0 1
train_jpeg/eabf04158953bb71ac4e934f4e28d160 1 0 0 0 0 0
train_jpeg/b919471290e71f53a6b9c1a672662854 0 0 0 0 0 0
train_jpeg/9875e42950bf3e157e96b0fc8c6f4680 1 0 0 0 0 0
train_jpeg/9a6377016b455cd0f2b6e64bf1af6cc7 0 0 0 1 0 0
train_jpeg/fa1d691e369b258e948303634d83b2f6 1 0 0 0 0 0
train_jpeg/f2ddce533c317954c50f4e1107d2b7a4 0 0 0 0 0 1
train_jpeg/6c401cd356a2c5799064782ed2b19ece 0 0 0 0 0 1
train_jpeg/63aa38a879d4ac6b353c5d28da2ba26e 0 0 0 0 0 1
train_jpeg/00c726dca086fc483d639dd5f1ca48c0 0 0 0 0 0 1
train_jpeg/e0a7b2311a978bb3c267948f2170d466 0 0 0 0 0 1
train_jpeg/84ff96ac0729a419a44000cbbd2891dd 0 0 0 0 0 1
train_jpeg/adf4d0d9291b870882f18d7a32db0e67 0 0 0 0 0 1
train_jpeg/3f2468ef0b5526f0e33834fa4e0fd85d 0 0 0 0 0 0
train_jpeg/6db49f47f687dc963c905d4e35daf610 0 0 0 0 0 1
train_jpeg/59e209dfdfd98104e5f8777b4ab02434 0 0 0 0 0 1
train_jpeg/06efcd37617307118fd48b3a493c133b 0 0 0 0 0 0
train_jpeg/dbbeace91c1753403185db8ea141f2a9 0 0 0 0 0 1
train_jpeg/94219113f84fc484f643867c6a11c742 0 0 0 0 0 1
train_jpeg/ef0a4f5b3062d3b6b29905a34e001b65 0 0 0 0 0 1
train_jpeg/ac2383f94e250feb34c72b4851cd4a11 0 0 0 0 0 0
train_jpeg/24d7d977707ea866b54a44228ff1cacf 0 0 0 0 0 1
train_jpeg/1691ab3a82040297355b59a34c1e3fa9 1 0 0 0 0 0
train_jpeg/528a04e45f2ca14007ffb8e276c83a0d 0 0 0 0 0 1
train_jpeg/9644622ee77d5894827ca63b323e704b 0 0 0 0 0 0
train_jpeg/b8e90cc60a6ebf150fe7fbfbdfea59eb 0 0 0 0 0 1
train_jpeg/14ed8052e2a79c4475fe03f6f3df4925 0 0 0 0 0 1
train_jpeg/7911c117c6bd2b7f488aee14a3ae346c 0 0 0 0 0 1
train_jpeg/98bcf8a5a978b5941428e15bd767f6ba 0 0 0 0 0 1
train_jpeg/c69c8b15929c66d8756acc34fe456713 0 0 0 0 0 0
train_jpeg/429cc6fc29ea8956f61fd42c30a930b6 0 0 0 0 0 1
train_jpeg/0ca78778307cacb62fc7d0d5f8ff579d 0 0 0 0 0 1
train_jpeg/b9cabea233895a946330094cb37c633b 0 0 0 0 0 1
train_jpeg/46908712215fedf5a4bfc5fa96964cda 0 0 0 0 0 1
train_jpeg/627e8a4ec2f7c02da8840a87651a2939 0 0 0 0 0 1
train_jpeg/5b295b1def2ae7beedc752eb0fd668aa 0 0 1 0 0 0
train_jpeg/c879d5119cc393dc2af6a5fcf861007f 0 0 0 0 0 1
train_jpeg/f28747f7165141a459cf450d234d22cd 0 0 0 0 0 1
train_jpeg/696214f9b38c455d2b867484da3570d8 0 0 1 0 0 0
train_jpeg/c8f93e5b5641e16fcc93e1cb1a8172d4 0 0 0 0 0 1
train_jpeg/c4a36b7b9d14a32c067f5dc2fad874b5 0 0 0 0 0 1
train_jpeg/90dcff38c040287173fa24f87da5270b 0 0 0 0 0 1
train_jpeg/1de5b4c6c661ca860685dc476efb9b63 0 0 0 0 0 1
train_jpeg/4e2c26e2156a93a722b1b58847743852 0 0 0 0 0 1
train_jpeg/b367a00fabbe19a74d7b593676486b67 0 0 0 0 0 1
train_jpeg/09b9674023305cb9a0acb367600efffa 0 0 1 0 0 0
train_jpeg/ac242065edfab4f95bd080fb266f6b42 0 0 0 0 0 1
train_jpeg/3fbd2b45de32afd8618a53b9d5b9c917 0 0 0 0 0 1
train_jpeg/f5d78a935a1360644d9583fbdef0552e 0 0 0 0 0 0
train_jpeg/cb23c75b43410b0ef6133d9979fd5c89 0 0 0 0 0 1
train_jpeg/904f6c3dba146c39df233e796a591424 0 0 0 0 0 1
train_jpeg/2a8b9d2e09ada919e6ce45cb6c451d21 0 0 0 0 0 1
train_jpeg/12e0e910766f2d1b1ccda7c32051643f 0 0 0 0 0 0
train_jpeg/b316b5369ad86723969c55932efae89b 0 0 0 0 0 1
train_jpeg/2e437cc9845683e509f2434604f6bff2 0 0 0 0 0 1
train_jpeg/975ae420a0dbb058ba6f773035189324 0 0 0 0 0 1
train_jpeg/a737f9059963d3ce2f16b45287c39699 0 0 0 0 0 1
train_jpeg/ea56b3455c844f324b8c9323ebf2ddb2 0 0 0 0 0 1
train_jpeg/f61ac5d1e80c2332240594868a6da019 0 0 0 0 0 0
train_jpeg/b43de31870d5c31db4eb73ff293d2343 0 0 0 0 0 1
train_jpeg/845a7aabfbfc675b08c9f91a3ec1d7a0 0 0 0 0 0 1
train_jpeg/4d86666aef656a96dbc6cca83eafb36e 0 0 0 0 0 1
train_jpeg/2ad9cb1610c318b89b42912ae007040e 0 0 0 0 0 1
train_jpeg/3d538819cef059b1797685d349c18661 0 0 0 0 0 1
train_jpeg/e599f41be58ccfc30931ace6f0623b1b 0 0 0 0 0 1
train_jpeg/5e02cde47ed2fd338141e3dcff3139b9 0 0 0 0 1 0
train_jpeg/8a9b4de41d7072d9bb36cb21150dcc1d 0 0 0 0 0 1
train_jpeg/2cb442312ff65f3255923b38dc6dc2fa 0 0 0 0 1 0
train_jpeg/faee101f42575236fa16f94ae5a8851b 0 0 0 0 0 1
train_jpeg/211ef732c6baa973b00909c60ccf63e1 0 0 0 0 0 1
train_jpeg/d99ee7158fccfc6add49cd6b8389fb55 1 0 0 0 0 0
train_jpeg/a0348415e6b96ae019627d01bf8e6e8c 0 0 0 0 0 1
train_jpeg/6945a8192d248b14b7ee994adc12edda 0 0 0 0 0 1
train_jpeg/1f27e9cc272bccc01111d3cd22a6e6c3 0 0 0 0 0 1
train_jpeg/19e10a7d79e4a8803fae795e5ac4222a 0 0 0 0 0 1
train_jpeg/7268ec445a6c2ffcc4a0fcf28199341e 0 0 0 0 0 1
train_jpeg/f289d19e4b47b6f38bc2dca65d2d40bd 0 0 1 0 0 0
train_jpeg/7019341063506a9850df00a5bcf46efa 0 0 0 0 0 0
train_jpeg/495a8387ebc7d7ccfef5756ba2f4bb01 0 0 0 0 0 1
train_jpeg/683ec9af11ca7fe33686ddce989d3768 0 0 0 0 0 0
train_jpeg/787379ebcb21a9b806b71c925407e54f 0 0 0 0 0 0
train_jpeg/9a103f2f70e89e234d5aca1a4535329b 0 0 0 0 0 0
train_jpeg/952b45e292277cdeec3873a510360fec 1 0 0 0 0 0
train_jpeg/6e11ca52ad7ea9add47da7eded8efe03 1 0 0 0 0 0
train_jpeg/749839e6c3338d328068bcd3dfefecc9 0 0 0 0 0 1
train_jpeg/d8303a1a55bface93c5805b6c2bbfb11 0 0 0 0 0 1
train_jpeg/5f6adbed53a37c3ae996feb2d892d149 0 0 0 0 0 1
train_jpeg/2e634940f1e54c351390adc796441c3f 0 0 0 0 0 1
train_jpeg/89297f7803c6d2d9620f3dfe14a2a358 0 0 0 0 0 1
train_jpeg/a4ce4aaed43f660e1055d6f30e4da63f 0 0 0 0 0 0
train_jpeg/fa8a619dcb85f74699af1582fdb5d80a 0 0 0 0 0 1
train_jpeg/84135f855700efff9cca0f8c3dbb6856 0 0 0 0 0 1
train_jpeg/60777cca3cc074eab3f5793f9f54a694 0 0 0 0 0 1
train_jpeg/8e5f33b23669d7a0c57697461a69e9a5 0 0 0 0 0 1
train_jpeg/bcf3818ef301f9e1744c128536468d7e 0 0 0 0 0 1
train_jpeg/ac44df32f6a6c3f4fddaeb91f77e2072 0 0 0 0 0 1
train_jpeg/6145c49011a33ec5d61866a3a7085f33 0 0 0 0 0 1
train_jpeg/394e48783c48ba38f5a8376b623f3f8d 0 0 0 0 0 1
train_jpeg/05d92b99575f75e64e0c0e7293c13803 0 0 0 0 0 1
train_jpeg/f25a910b0e75a30296bb0350b2a648bd 1 0 0 0 0 0
train_jpeg/05067a8b46cbf6e4cfa6080ee97ac981 0 0 0 0 0 1
train_jpeg/c47b6592b70ba7c5bdb919f92f4ec07a 0 0 0 0 0 0
train_jpeg/3ca77fab496427204152c5bd079ea9ce 0 0 0 0 0 0
train_jpeg/55661d0cd640c5a2c695dace2e3e76e6 0 0 0 0 0 1
train_jpeg/2c461be74c8672e38b28c22d40bd71ac 0 0 0 0 0 1
train_jpeg/1f13fb95804f83251401097b2bb4aacf 0 0 0 0 0 1
train_jpeg/196bca91520d936ee56fff4ff206b288 0 0 0 0 0 1
train_jpeg/942a430702bd6111fd162c35c6ebbc8c 0 0 0 0 0 1
train_jpeg/07c9ba701fe26c4d6de66965e4d35157 0 0 0 0 0 1
train_jpeg/94c79ca398840d162826c220234e839c 0 0 0 0 0 1
train_jpeg/c26e56a69570cc6b223f9a6811e29951 0 0 0 0 0 1
train_jpeg/481d58f636bb1d5b6d568e190b172a57 0 0 0 0 0 0
train_jpeg/09175449df9374e0f6afe517f7b6249f 0 0 0 0 0 0
train_jpeg/76ba59bd6f06fc0fa1ef003da3052c00 0 0 0 1 0 0
train_jpeg/ffe0131765a4c58a0f59abb68b192dbd 0 0 0 0 0 1
train_jpeg/9c98ddfd616817773b7f6a6ed29cc7bc 0 0 0 0 0 1
train_jpeg/2fa7906cc0d122c8ef0a654409b5e1d2 0 0 0 0 0 0
train_jpeg/3b7f1edb2129713f1ddd570c48d6ace1 0 0 0 0 0 1
train_jpeg/ebf68a2caca0ac6a30a0a7641f62b44a 0 0 0 0 0 1
train_jpeg/1d914edeb3dc33407c223fc43b6c46f1 0 0 0 0 0 1
train_jpeg/fae0a817c65ac6e549e94ac021544c22 0 0 0 0 0 1
train_jpeg/7cd74b5a3c85b77c997f56cdb4995384 0 0 0 0 0 0
train_jpeg/803331e2555f23a89598d9ed98cdee2a 0 0 0 0 0 1
train_jpeg/d951f42b7774acb7e7c5abdffe1a6940 0 0 0 0 0 1
train_jpeg/d661504676709e84d3075bb96462e7a5 0 0 0 0 0 1
train_jpeg/aa974c2b6ea5fcf05bab269a9c9d4437 0 0 0 0 0 0
