train_jpeg/06a8441fb50ec661dd4eff6e81099d5c 0 0 0 0 0 1
train_jpeg/8d98465956d0230f734be4b37da1af3f 0 0 0 0 0 1
train_jpeg/3a7a9cd8aaaa550f5f72ae9fe1707ab9 0 0 0 0 0 1
train_jpeg/a091c439300eaff4c79f0a82d343a369 0 0 0 0 0 0
train_jpeg/3b87310521f1d17367a581fc6e0eb19d 0 0 0 0 0 1
train_jpeg/173650113a759fb4f5470cda73485dd7 0 0 0 0 0 1
train_jpeg/3b4323fc59f8c80fd69a6748d4d92eaa 0 0 0 0 0 0
train_jpeg/91bd34988db056a443f2652abd2c9f81 0 0 0 0 0 1
train_jpeg/c728f9a81daa8122eb4b4fc4a35bc75f 0 0 0 0 0 1
train_jpeg/17f6dee4cb5a49d4831d3be2f3d276d4 0 0 0 0 0 1
train_jpeg/0501d62912b9a6ff04eae4ffc56affc2 1 0 0 0 0 0
train_jpeg/a9a6bf274ba2b962b680c62b610a3c32 0 0 0 0 0 1
train_jpeg/10c3f0fd6aa8692d67b5796f78a6b827 0 0 0 0 0 1
train_jpeg/8ad47a88ab880f982a7ca140b355f66e 0 0 0 0 0 1
train_jpeg/0def2b4c6eededaa53e20636c9ae3b76 0 0 0 0 0 1
train_jpeg/152e42ed344d3522d48ca940d2458c0c 0 0 0 0 0 1
train_jpeg/a6541e2d7a4e09d6c1bdee83632bf781 1 0 0 0 0 0
train_jpeg/a4aecbcc70928687d3c202c4ddb5ab58 0 0 0 0 0 1
train_jpeg/2c8f7823a733497e98add3125db370cf 0 0 1 0 1 0
train_jpeg/717b848dae42dc6c33d6d3a5754e690b 1 0 1 1 0 0
train_jpeg/4a5afee9bce2ad08686b8a660a77943a 0 0 0 0 0 1
train_jpeg/698c98b21c5706e11a271b2ec73b1647 0 0 0 0 0 1
train_jpeg/5fbf0debb714847a6c44da31fe148b10 0 0 0 0 0 1
train_jpeg/d5869324e1ee4f36139aab8d631a7ec9 0 0 0 0 0 1
train_jpeg/1f13fb95804f83251401097b2bb4aacf 0 0 0 0 0 1
train_jpeg/30449fde0f51f26ca4c1bcb2bf482ff8 0 0 0 0 0 1
train_jpeg/af1c56655da271042c654a5911d696bf 0 0 0 0 0 1
train_jpeg/8a50fb37ad0c61346e7a16212b21f2be 0 0 0 0 0 1
train_jpeg/49bab152b559fd56abb440523f80d368 0 0 0 0 0 1
train_jpeg/0c285f4a92ac064b0fc85f3aa01e48f7 0 0 0 0 0 1
train_jpeg/59169aaea7ce7ab2cdbf7859eaedfc36 0 0 0 0 0 1
train_jpeg/409977cb168c09ba2c1eb85aba6d7b06 0 0 0 0 0 1
train_jpeg/427db646765e399ae43ccd98c50effdc 0 0 1 0 0 0
train_jpeg/e58b1e546bdafafadf8b7b23c80c6430 0 0 0 0 0 1
train_jpeg/0b0e106a53f9dc3b28a9b15f94510b7a 1 0 1 0 1 0
train_jpeg/0076d6a1e3139927fd62459c54276c3c 0 0 0 0 0 1
train_jpeg/62863bee894cbb15f96074e8da760b40 0 0 1 0 1 0
train_jpeg/4c5664523b5960de81f087dd33c2c475 0 0 0 0 0 1
train_jpeg/d2bfd52ea1339c32ff7226237abcda12 0 0 0 0 0 1
train_jpeg/6b86fa23bbe9974e31308a8e4543b1b6 0 0 0 0 0 0
train_jpeg/9bea5cf45dd01f201a57783067925543 0 0 0 0 0 1
train_jpeg/0a8df2eb98d3c1cec5200c9b2a6132f2 0 0 0 0 0 1
train_jpeg/c02b0da58786db639d7b15d7249caa6c 0 0 0 0 0 1
train_jpeg/10f8f81191e4116a4b9715bce27f4638 0 0 0 0 0 1
train_jpeg/d4a201049322f6130e8ee837c22ed803 0 0 0 0 0 0
train_jpeg/58531213db18b19dd940e11ed1350ca4 0 0 0 0 0 1
train_jpeg/51cc7892a363b3d3479c7b801f7ca53e 0 0 0 0 0 0
train_jpeg/0f389422bffe0f96dc3da175550e0c5b 0 0 0 0 0 0
train_jpeg/34e730b3de639d75296d635521489b39 0 0 0 0 0 0
train_jpeg/e43a4dbd7fafa21973f9ddde38dc8d3e 0 0 0 0 0 1
train_jpeg/a4eb90d17d4a800bd78648862de879fa 0 0 0 0 0 0
train_jpeg/6aa85a790cdbc6a31abc6405ccc5881b 0 0 0 0 0 1
train_jpeg/d1a8198c7b0b4c094b6f13216d49d6ee 0 0 0 0 0 1
train_jpeg/a5ce7ccf65c0e89f0a4f31e252d5b071 0 0 0 0 0 1
train_jpeg/469bd3f41e12a8f03a8ef0ce191743ce 0 0 0 0 0 1
train_jpeg/162713b8cd6c652cf8091cf0d584899d 0 0 0 0 0 1
train_jpeg/fec797e0e4b2eff050372800790c01e8 0 0 0 0 0 0
train_jpeg/c32573547f924b6b663798730d915724 0 0 1 0 0 0
train_jpeg/5c970a83ef1efb8bdc051e5468d9a093 0 0 0 0 0 1
train_jpeg/6db40e2b46792eab40dfdfff3b29a760 0 0 0 0 0 0
train_jpeg/aa89a83d50a147e44d6dc72893f01fef 1 0 0 0 1 0
train_jpeg/5c930287c9f13ff6e1218693fe70dd92 0 0 0 0 0 1
train_jpeg/99111103d3850bfb359afe3716aec6c1 0 0 0 0 0 1
train_jpeg/cdfb27f0268e0803530e4511ed89b0c1 0 0 0 0 0 0
train_jpeg/a6002e73f90fd2357447eaf0f3bb35ad 0 0 0 0 0 1
train_jpeg/0ef876519b3f362667b32a91c1bc997b 0 0 0 0 0 1
train_jpeg/5d7f365c257bcaf7a4a4119e26ead6d6 0 0 0 0 0 1
train_jpeg/80494023b09f661f00cca8ebaef860c2 0 0 0 0 0 1
train_jpeg/aeef2989a10011e5616699b62afb1524 0 0 0 0 0 1
train_jpeg/08eae737d6de0db70d4bcb02b799cd02 0 0 0 0 0 1
train_jpeg/a6693a65e662a6de376e448eef9a8a84 0 0 0 0 0 1
train_jpeg/a3d0584454ba83eb250d992fff249d96 0 0 0 0 0 1
train_jpeg/b576400860f1e271b820f959e8b4b9b8 0 0 0 0 0 0
train_jpeg/e981c8d1cdec803cbf210b0fea369704 0 0 0 0 0 1
train_jpeg/17ccf6f844d55c58effbbcb55a89188b 0 0 0 0 0 1
train_jpeg/80f2bd216bbb01b56cf50c9a85f79233 1 0 0 1 0 0
train_jpeg/3db6fe4d1f68fa30a995ea48f5077ba2 0 0 0 0 0 1
train_jpeg/21ae8b5e6e2a0647a7bb648c15241feb 0 0 0 0 0 1
train_jpeg/d91042057e960f8641fdb72185948d86 0 0 0 0 0 1
train_jpeg/50ec54229eeb51ac7cdd082d2b7e8644 0 0 0 0 0 1
train_jpeg/f629fda93a2c6bcebb4f6bb2f19ed417 0 0 0 0 0 1
train_jpeg/8098dc94fc5ba23973dae0e0912c0053 0 0 0 0 0 1
train_jpeg/e1bd379ddc46bf1df8a6fa736ae26445 0 0 0 0 0 1
train_jpeg/9fe9aeb925c5187479ca1bf325040a65 0 0 0 0 0 1
train_jpeg/7ea5d9e48085e44708b8fad8974ce953 0 0 0 0 0 0
train_jpeg/5195e8441de8c3c3651527e293a6bbfc 0 0 0 0 0 1
train_jpeg/0b6c10e0cd5868289d11c20da87410b8 0 0 0 0 0 1
train_jpeg/9304a2da1a0b23b779266d91a9719415 0 0 0 0 0 0
train_jpeg/aa08370eb6114a474adfd0accb6a7238 0 0 0 0 0 0
train_jpeg/e505a715563903739da99393751f5ff2 0 0 0 0 0 1
train_jpeg/609aa57eca1fce9afb86a341b7b560fc 0 0 0 0 0 0
train_jpeg/3c3977477c6ca3ea8a3d18ba0e4afed4 0 0 1 0 0 0
train_jpeg/b9d48d57d26a3671593ef9597a884800 0 0 0 0 0 1
train_jpeg/d9e4f4f2f47dfa0296178e7fb5c005c3 0 0 0 0 0 1
train_jpeg/9341bf20527e1792a69a8a47e714c9db 0 0 0 0 0 1
train_jpeg/a5dd0a76a5253cbd34b9365c78e44110 1 0 0 0 0 0
train_jpeg/56dd85ec693c65d811902a9054610f8b 0 1 1 1 0 0
train_jpeg/8626cbfd0205ec64b6fb89650aacabf0 0 0 0 0 0 1
train_jpeg/8244bfb4b2a346678d4a6f84b33070d2 0 0 0 0 0 1
train_jpeg/d532da2b9a0e1681b6733ded30eafed7 0 0 0 0 0 1
train_jpeg/f7b3fa818839a04913e45fa796203462 0 1 0 0 0 0
train_jpeg/8c2149666ce92881c60d99d736aee95d 0 0 0 0 0 1
train_jpeg/812dd976fb73bfdcacdb61a6fc2bb957 0 0 0 0 0 0
train_jpeg/376c1525347b5937f24ab28990b42424 0 0 0 0 0 1
train_jpeg/5b2566a6a2d1339b37a1553f21fc5b41 0 0 0 0 0 1
train_jpeg/15afc9a5717c46532e73e248da1f1d0d 0 0 0 0 0 1
train_jpeg/dd9cc01c6dbb317d0e2f2460e7150675 0 0 0 0 0 1
train_jpeg/8e0c318f52d7e0d8f80c77b5c540b223 0 0 0 0 0 1
train_jpeg/2d8a1464e95c23639c7e9cd396b50a91 0 0 0 0 0 1
train_jpeg/ea71fcd207bbfdace181b1fc939cfcbf 0 0 0 0 0 1
train_jpeg/45f04a5e14cd4763fb55fc7950beffce 0 0 0 0 0 1
train_jpeg/938ce965d372654fbfcc844ecd3e77ca 0 0 0 0 0 1
train_jpeg/78e42664425e6d7daf3bb21060580abf 0 0 0 0 0 1
train_jpeg/5dc80e049c87a79cd3f4535873e03059 0 0 0 0 0 1
train_jpeg/a9f60e50925ece0b5c00b6bbd9f0825c 0 0 0 0 0 1
train_jpeg/6f2c92641ff0b7a70a0c10d60cbc6137 0 0 0 0 0 1
train_jpeg/b37e72067e280eb17c3685fad6a561f5 0 0 0 0 0 1
train_jpeg/0511640ec15281c29b396689471340dd 0 0 0 0 0 1
train_jpeg/dca0304c85dfd51bb8668a3da32e36cf 0 0 0 0 0 1
train_jpeg/86648ae0db784e5a5c20ff8de9cc67b0 0 0 0 0 0 0
train_jpeg/286d4f7bc4282b7dd5fae43ee06cfb8d 0 0 0 0 0 0
train_jpeg/db621b6bf94c240c5336d7a9ac1851b0 0 0 0 0 0 1
train_jpeg/3dae58e1cf69a2284f2a44ded5c7405a 1 0 1 0 1 0
train_jpeg/6f8e0af5fff2c4c45f6eb841a4221235 0 0 0 0 0 0
train_jpeg/0839c18bb2ca5053a556c6008ba5ec79 0 0 0 0 0 1
train_jpeg/5e559f82ba194bffb541e20fc7457a65 0 0 0 0 0 1
train_jpeg/b4ab6303d83c10f4301e4a6659ca88a9 0 0 0 0 0 1
train_jpeg/965516502d32375eea3c28d3463f85d1 0 0 0 0 0 1
train_jpeg/6fb18f9632ac81de72e1970e26346f24 0 0 0 0 0 1
train_jpeg/7af97a01d24c91deb8fe5355014be936 0 0 0 0 0 1
train_jpeg/00a7e1e81b2122e5a0f298155573e549 0 0 0 0 0 1
train_jpeg/e76dc83accd6304c0b2ec7cfd9d15f01 0 0 0 0 0 1
train_jpeg/2a7ee9317e4ee95e6a50a175d96fbbd8 0 0 0 0 0 1
train_jpeg/5c9b1df128d0506902cbed4462273b49 0 0 0 0 0 1
train_jpeg/d392db50e5bf1e9b1580eafa79370c52 0 0 0 0 0 1
train_jpeg/41491f7473bdfd7dd666f867b8f93412 0 0 0 0 0 1
train_jpeg/7827b5e67ea3fad904e664f58d16315f 0 0 0 0 0 1
train_jpeg/401816c18ea9ddb53b127b60be9881ca 0 0 0 0 0 1
train_jpeg/8a3a27f152ad0f45501dbb5bf3c871f1 0 0 0 0 0 1
train_jpeg/fefb8ef65c4fc9518de6d4d3b3f5e4d7 0 0 0 0 0 1
train_jpeg/74e9b9ff510f87acf9264713cba40b98 0 0 0 0 0 1
train_jpeg/76a40c2762929270c0282d0cc6265da5 0 0 0 0 0 1
train_jpeg/62e1eedc69d6ad4a5119578eced73aac 0 0 0 0 0 1
train_jpeg/6f0a891adaacf68973fa5b50f866b024 0 0 0 0 0 1
train_jpeg/93dc4bee9e002edb102b9732c102724e 0 0 0 0 0 1
train_jpeg/9da10c35993dacbb939b17bc65e31e2e 0 0 0 0 0 1
train_jpeg/604c66602c9f9fe478b087c1a40b7bc7 0 0 0 0 0 1
train_jpeg/15891351447c97274b4efda7d3c3cd5d 0 0 0 0 0 1
train_jpeg/088f38c1f4f9d953bd85bbc6fae73f67 0 0 0 0 0 1
train_jpeg/b60d6ffae544879f5a5985f69fe6475e 0 0 0 0 0 1
train_jpeg/1d2deaded6c9a147e9a0243fe70bd1a6 0 0 0 0 0 1
train_jpeg/c8f93e5b5641e16fcc93e1cb1a8172d4 0 0 0 0 0 1
train_jpeg/4f1aea7b3a7d3d3af2a5367565bc4f37 0 0 0 0 0 0
train_jpeg/e73e82283653c6fe2fdf5f86ca46c87d 0 0 0 0 0 1
train_jpeg/0ab8c789c5bd3e97a62507d760e02e90 0 0 0 0 0 1
train_jpeg/be904250a48381ded92ee7d690cf3687 0 0 0 0 0 0
train_jpeg/0215ea0420992e458caa662118440fe2 0 0 0 0 0 1
train_jpeg/dd99e9d412337a3c380957def7ff1479 0 0 0 0 0 1
train_jpeg/6a490ce94b409d71940fb3b8907f7009 0 0 0 0 0 1
train_jpeg/3c575820f8e42502a95a7a011e85a0d9 0 0 0 0 0 1
train_jpeg/d74783a75ae092e9311e51f994c0624e 0 0 0 0 0 1
train_jpeg/e72717b9fa7bb66e711c9a162bb13121 0 0 0 0 0 1
train_jpeg/6371c2201020a3f7e4c5a56f8f7a4fea 1 0 0 0 0 0
train_jpeg/1d378b37e94c96925d6e96d281825519 1 0 0 0 0 0
train_jpeg/73ef14aecb3e3f53d36a01014172f9bf 0 0 0 0 0 1
train_jpeg/6e4971222f2e01b1d78b0a2e2038c769 0 0 0 0 0 1
train_jpeg/9e7c8dcb83230812b24811e9d15cb328 0 0 0 0 0 1
train_jpeg/841b1864e29f7e6371b6ab16a298142b 0 0 0 0 0 0
train_jpeg/5170326726acc5b2f50c4426417f3b23 0 0 0 0 0 0
train_jpeg/d4d41e0e0e7c512d05cdbd89401ee7bf 0 0 0 0 0 1
train_jpeg/1bb134a3fb426b7a805ad086164ed865 0 0 0 0 0 0
train_jpeg/95d1d9d5e7129f9f0cd366ff92194e0e 0 0 0 0 0 1
train_jpeg/18295ee21f34ffd95d339778527a8129 0 0 0 0 0 1
train_jpeg/6beb817d8d625d0889937d9af45c5da5 0 0 0 0 0 1
train_jpeg/f9ba5de7801dea90494e679809bcf55a 0 0 0 0 0 1
train_jpeg/c4179d7d6f19e1b4b27460c03810f651 0 0 1 0 0 0
train_jpeg/8bb0d797ad620ae886bd7c6d9a0ce487 0 0 0 0 0 1
train_jpeg/1cec183870c936178be89a81da2cc7fc 0 0 0 0 0 0
train_jpeg/237095c28234faf85068b1cd130f5841 0 0 0 0 0 1
train_jpeg/2c49a0717dffbc97f2236bd0e9ae62a7 0 0 0 0 0 1
train_jpeg/bf59a73e51a04d9e381630527339ad43 0 0 0 0 0 0
train_jpeg/6f95a9001875b9dd105324cac339e4f0 0 0 0 0 0 1
train_jpeg/371f686aebbbe6929b4bd3b86ab58873 0 0 0 1 0 0
train_jpeg/e181e1775224e3191b0f79f07943e49a 0 0 0 0 0 1
train_jpeg/f79600688fab0a766bc086be549bf78b 0 0 0 0 0 1
train_jpeg/d2218e693c5f8bd961d3cde598a9b437 0 0 0 0 0 1
train_jpeg/c60b87f681462b74b5cc58bc78f5b99e 0 0 0 1 0 0
train_jpeg/97a962584e7cc87fb219bb9b0c6f78ba 0 0 0 0 0 1
train_jpeg/010a3dbb67bc37800a041866844861b1 0 0 1 0 0 0
train_jpeg/686af368e33eea31228b8634c5947f6c 0 0 0 0 0 0
train_jpeg/91f1c20e4e0753f19022f919014aaa3d 0 0 0 0 0 0
train_jpeg/cd2ca6c232cc1c107ad1249579b457be 0 0 0 1 0 0
train_jpeg/0905c0dc82fb8fe621c43f53719a55ca 0 0 0 0 0 0
train_jpeg/c65efe41cef6390d70796a2947dbcc91 0 0 1 1 0 0
train_jpeg/07cb6e153e67a71402250cafc92d3fe8 0 0 0 0 0 1
train_jpeg/d28f7a67df169ae39e55df4315eebef0 0 0 0 0 0 1
train_jpeg/7b9b793a911c9bc192d550cc6b2b257b 0 0 0 0 0 1
train_jpeg/69a3e19744062d97e679adf184b667c2 0 0 0 0 0 0
train_jpeg/6bd52343cfed0e05957523773708492b 0 0 0 0 0 1
train_jpeg/04031e57794b9e8861e3c65e935f11d2 0 1 0 0 0 0
train_jpeg/4ac40252bc50e17573029b84a045ca9f 0 0 0 0 0 1
train_jpeg/f09f740821c6160878d713149db4adf6 0 0 1 0 0 0
train_jpeg/ce6f6eaa5a4915c73252877fd6fde781 0 0 0 0 0 1
train_jpeg/bbc8cca2bda1c6bc5b66715a12830d78 0 0 0 0 0 0
train_jpeg/b9aae472a89c265e828445f35fa26a08 0 0 0 0 0 1
train_jpeg/4e6bcd280e3c03f7fd4e4846c6d560c1 0 0 0 0 0 1
train_jpeg/023a8b8557d1fd59f272c63be6f3d4c0 0 0 0 0 0 0
train_jpeg/916ed1b23f8b76683d6634dcdaa6f36e 0 0 0 0 0 1
train_jpeg/6ef86f00d97562f0606d5fec38aa6d37 0 0 0 0 0 1
train_jpeg/87036d7c5a93d5c10477d44d9609015a 0 0 0 0 0 1
train_jpeg/0b02aeb680984f6bee2fbd517f1fa6d4 0 0 0 0 0 1
train_jpeg/2a59e57437c724c8b7d0e978b3a06d32 0 0 0 0 0 1
train_jpeg/739c6b521d0d2fafa2d6364f0800f772 0 0 0 0 0 1
train_jpeg/75b1cda9857d6c1b9f0bdb21cc42145f 0 0 0 0 0 0
train_jpeg/a8d64d95235580532652f69ce634b687 0 0 0 0 0 0
train_jpeg/a7ae31b4052444b8f576b657b1753445 0 0 0 0 0 0
train_jpeg/3d3781571117f65ceac27dfbf2979b21 0 0 0 0 0 1
train_jpeg/bf11e636d1e0d4c9813fdd8dfd24a4c0 0 0 0 0 0 1
train_jpeg/44d66ab21e94ee9a1693a4ed6054910c 0 0 0 0 0 1
train_jpeg/0f08bc7ac92a1678c2c3307c181580e7 0 0 0 0 0 1
train_jpeg/d75aceb018c2f5bf94d5fdae304cd8b5 0 0 0 0 0 1
train_jpeg/fe38b4250dbc4b59fefd50b54006716f 0 0 0 0 0 1
train_jpeg/b3c87c973fa2f929ad454b04cdaa949b 0 0 0 0 0 1
train_jpeg/3f444025d87aeacdc84c8cc7d0bf50f6 0 0 0 1 0 0
train_jpeg/3fad3a7c3d91d5d5eca2c522ac7df822 0 0 0 0 0 0
train_jpeg/b9934412fb2dea98c5d55d2f0c5b8c27 0 0 0 0 0 1
train_jpeg/4cfcd0c0e7dcd3236b98e3361af8b324 0 0 0 0 0 1
train_jpeg/826cff99f07a59af9eca51ff161f1e08 0 0 0 0 0 1
train_jpeg/7e038329e627ea69d841e973c82763ba 0 0 0 0 0 0
train_jpeg/a1806530fa527e113b06bd6815703dc6 0 0 0 0 0 1
train_jpeg/103fb193578933a2d53ae31ff0fc3319 0 0 0 0 0 0
train_jpeg/99d0ba8b769b1c6a200373a92c00a1bd 0 0 0 0 0 1
train_jpeg/e99ba43b91cf30a1df2c4c4adfe7c3b1 0 0 0 0 0 0
train_jpeg/147b0f14f06c78ea784d7c2a5026411f 0 0 0 0 0 1
train_jpeg/ee253aab2bfa090c01a596a449159233 0 0 0 0 0 0
train_jpeg/f57a452f52edaaaf43d41c78f1f73181 0 0 0 0 0 0
train_jpeg/47a50643e0ffee2204984ca1ac6bccf0 0 0 0 1 0 0
train_jpeg/b1c50f14b8ed2fe9d3478b115600eee3 0 0 0 0 0 1
train_jpeg/ae5cec1517ab3e82c5374e4c6219a17d 0 0 0 0 0 0
train_jpeg/d37987d3e61ecbfe8a0e2a838339b191 0 0 0 0 0 1
train_jpeg/12d8de45e35e8b8c896109bfb46f8a82 0 0 0 1 0 0
train_jpeg/38e4156d00946746696b72f9bfa791de 0 0 0 0 0 0
train_jpeg/565f54b1b1426c62c262f41a2a6daa88 0 0 0 0 0 1
train_jpeg/68ffaf79e68c2d29606f985adf059803 0 0 0 0 0 1
train_jpeg/f8f1d67dcbeb7badd781e2a0f30e020e 0 0 0 0 0 0
train_jpeg/8d483805b3489befc1afdd2c8c2aa352 0 0 0 0 0 1
train_jpeg/a3cc87890d8f16a5bb6df4dc384d2e3c 0 0 0 0 0 1
train_jpeg/1e1dcf1ea1d974a5fea81b7616a11723 0 0 0 0 0 0
train_jpeg/99d0ba8b769b1c6a200373a92c00a1bd 0 0 0 0 0 1
train_jpeg/7364d14935061616a0eb887bc6682f46 0 0 0 0 0 1
train_jpeg/acf122f77a2e2404ae05ec5292691df3 0 0 0 0 0 1
train_jpeg/f6811759303019243d487c9f9934e1de 0 0 0 0 0 1
train_jpeg/cd8094441f85bff6099f56acb5b00187 0 0 0 0 0 1
train_jpeg/779f3b4e5deddf8161905698bf806432 0 0 0 0 0 1
train_jpeg/86ed145076c4724d5a735bd6854db360 0 0 0 0 0 1
train_jpeg/5ea84b103e1046041d21c48a61e3fcd2 0 0 0 0 0 0
train_jpeg/aa885a118f486dde69e90c9c724f288d 0 0 0 0 0 1
train_jpeg/9229dbc9e79d1a96f2d3a827506fc5d1 0 0 0 0 0 1
train_jpeg/8314e6597bd397bb4a5836c042499b27 0 0 0 0 0 1
train_jpeg/4b856badb3972fc2a5fe6b4c4db46e38 0 0 0 0 0 1
train_jpeg/c8f5a0b9ed2f25e3a220c7b3d97f29f3 0 0 0 0 0 1
train_jpeg/eb76c1606548e4410a5fa74b70ebe5c9 0 0 0 0 0 0
train_jpeg/7fa4801b2d2af2aaf5ba824af5c8ca8c 0 0 0 0 0 1
train_jpeg/969d075666dedd66f4c1c6ad0b1e7052 0 0 0 0 0 0
train_jpeg/6ffe65340f826e792152fead8ba577d4 0 0 0 0 0 1
train_jpeg/fe67a20679c1eed6e19ee55f776d0f6d 0 0 0 0 0 1
train_jpeg/75003ab8034c3abffd8085405ad01f0c 0 0 0 0 0 1
train_jpeg/6f322939176779d7af4f7c76701fa91d 0 0 0 0 0 0
train_jpeg/45efdbc524125b51d1ad7ef449e79a12 0 0 0 0 0 1
train_jpeg/39c6d89c4af8520e1aa048b693fa482d 0 0 0 0 0 1
train_jpeg/7f35a204a7aaf183097ddf26e4787e71 0 0 0 0 0 1
train_jpeg/f8c418328ee0eb0e833b5b6655823cfd 0 0 0 0 0 1
train_jpeg/da050ed66db50c9d625f5cd8ce0e54b5 0 0 0 0 0 1
train_jpeg/d91042057e960f8641fdb72185948d86 0 0 0 0 0 1
train_jpeg/420e72f8ebc531f2eaed5ee48a3203b4 0 0 1 0 0 0
train_jpeg/6f81edf81b28c3834c758cba1a572e28 0 0 0 0 0 1
train_jpeg/823f25d87fd8839bf338b6d9a97722a4 0 0 0 0 0 0
train_jpeg/c1055f06efc1998f3762ca21e9fe5e6f 0 0 0 0 0 1
train_jpeg/d7f35393ed91b030dbb947661e7ba112 0 0 0 0 0 1
train_jpeg/554e1d570c4477ac3fdc18d5a5af678a 0 0 0 0 0 1
train_jpeg/8fb466f9540457e9a568971e8d491fef 0 0 0 0 0 1
train_jpeg/161166af30d6753f31cffc4d28a6f31d 0 0 0 0 0 0
train_jpeg/b5c6fb1ad5568c59b1efd23237a880a3 0 0 0 0 0 1
train_jpeg/d4b90ad0fc4ec32c9bc80a3b5fb6d441 0 0 0 0 0 1
train_jpeg/d212344842add313b06476bc1fcae66c 0 0 0 0 0 1
train_jpeg/d5adeb5f9d36c06c466a45acfb35d4d8 0 0 0 0 0 0
train_jpeg/fd0810860fc2b3cf1ea3fea8a27371a2 0 0 0 0 0 1
train_jpeg/838c14f5e2f5428ba84b4bf9f7d4eef6 0 0 0 0 0 1
train_jpeg/2b49559acd55fecfe38a55ca0ed0bf68 0 0 0 0 0 0
train_jpeg/cc398f956e6eb52101027360302a66f8 0 0 0 0 0 1
train_jpeg/268ed28c6d57f5d5383cd5cf8e62e457 0 0 0 0 0 0
train_jpeg/99706658a6881193653ca61b840abf70 0 0 0 0 0 1
train_jpeg/5f61f01f62827d84911aebb1dc24cc23 0 0 0 0 0 1
train_jpeg/6efabbfe08d43653606d7b16c5ad264d 0 1 1 0 0 0
train_jpeg/45fe7f662e03438dcf15144ae9d74ce5 0 0 0 0 0 0
train_jpeg/3d6cf58cefc8217b102d47280f927a9f 0 0 0 0 0 1
train_jpeg/723aaeb1fd6c8333089f301b1f9620e5 0 0 0 0 0 0
train_jpeg/58bffd7fa0e03897ca5345b4aff8f473 0 0 0 0 0 1
train_jpeg/ae7efa47c09caa7264f313bd9433f75a 0 0 0 0 0 1
train_jpeg/51a8a2d913f12d2b39d9fe43fe27aa2d 0 0 0 0 0 0
train_jpeg/932d244bca353f89e7b19a22d01372a9 0 0 0 0 0 1
train_jpeg/56182f27385d9cc8a1c9bc5ae5ad18af 0 0 0 0 0 1
train_jpeg/c75a2aec6d92b968e8169f3b60e9c303 0 0 0 0 0 1
train_jpeg/5f3025ce95f6e6b3ada17c1d0d253dee 0 0 0 0 0 1
train_jpeg/b232e2ebbf7d6abc27c4613ba5ae28a2 0 0 0 0 0 1
train_jpeg/778592c49dc5b2bd4f4d4f415e174b5c 0 0 0 0 0 0
train_jpeg/9f8ad1b404295f6c9951bcfe9e2da754 0 0 0 0 0 0
train_jpeg/4f7bafd7046a44b6759fec62979ca64d 0 0 0 0 0 1
train_jpeg/615c6a121dc543396479a0a124687e6b 0 0 0 0 0 1
train_jpeg/a32184fdebb94c9424a41e31115cf7de 0 0 0 0 0 1
train_jpeg/9d95d13a2cde15784bcc5c0ac96b8725 0 0 0 0 0 1
train_jpeg/df079ba565294d4e0abd85356d2fdfe4 0 0 0 0 0 0
train_jpeg/76361414f9d428ca7556a8be3387f4d3 0 0 0 0 0 1
train_jpeg/cbcb95889f621abbd2e9b46220267c98 0 0 0 0 0 1
train_jpeg/2fd75ce4f9359d478edcf81d606fa636 0 0 0 0 0 1
train_jpeg/33cf3f2f72ca3c8480456091f6ccedfb 0 0 0 0 0 0
train_jpeg/0c905a2041221b381916c89354e0359d 0 0 0 0 0 1
train_jpeg/1a6b7c263e01941615c16b95df231296 0 0 0 0 0 1
train_jpeg/2d56555f99586d0c8c6e31ab33297c25 0 0 0 0 0 0
train_jpeg/dcef509b35c090fcf97d17c0182e5a95 0 0 0 0 0 1
train_jpeg/877735b744c0d327c287cdf7ffb44406 0 0 0 0 0 0
train_jpeg/534443416c43495999d82d84f9f4ae69 0 0 0 0 0 1
train_jpeg/bcfc0cff94763e41ce12a7e01645de1b 0 0 0 0 0 1
train_jpeg/06a21aefd2f5e5ece6397e5fc10860b1 0 0 0 0 0 1
train_jpeg/3c0908f1c50c600d8a68f4b4a093b6ce 0 0 0 0 0 1
train_jpeg/809a418b0478a6ac84bbb0d9b962f298 0 0 0 0 0 1
train_jpeg/105f9fe36756b114e8cf80558cffec15 0 0 0 0 0 1
train_jpeg/4a73cb47410ca27d2349980a1081cc2c 0 0 0 0 0 1
train_jpeg/6d317a1c0196863c43fdf60862306f48 0 0 0 0 0 1
train_jpeg/968172a174cec0c1f043932fd8a4576b 0 0 0 0 0 0
train_jpeg/c34e6aa7a5db3386850b830dd3c45a98 0 0 0 0 0 0
train_jpeg/7d16d01782a0fc7e4558ead1a8d029dc 0 0 0 0 0 1
train_jpeg/92961d9fa6d18f13f788f8ebfea45d63 0 0 0 0 0 1
train_jpeg/c41ed0b1964a1e973e25e02c3b44920f 0 0 0 0 0 1
train_jpeg/ed6b8aafbebda034d02fb57cbe7a2439 0 0 0 0 0 0
train_jpeg/34da410e04ac8dca4ad6c954fdf10f9a 0 0 0 0 0 1
train_jpeg/47ef2a8348be7693bf8c85b4d8b0e7bc 0 0 0 0 0 1
train_jpeg/a9c07e48102f090f19848f726b6b291c 0 0 1 0 0 0
train_jpeg/b7ad093565a9833e2178578b9d4e875d 0 0 0 0 0 1
train_jpeg/aa811a4bf3fed951a497be29b273ffc4 0 0 0 0 0 1
train_jpeg/8c47aa9fea7e1e73aa5085bd20716645 0 0 0 0 0 1
train_jpeg/584543aafcd6faabc28f78df995bb29e 0 0 0 0 0 1
train_jpeg/0669fb9cad9677ae93402dd6ef07af3d 0 0 0 0 0 1
train_jpeg/61dd944679b8bfd6d5f5a84c9e7738e3 0 0 0 0 0 0
train_jpeg/39e1084eccfc3b7961eb19ea7ecaa8b7 0 0 0 0 0 0
train_jpeg/1d0d4bd5c8bb079b7d8921dfe63eacf6 0 0 0 0 0 1
train_jpeg/e88010a078a87a4c1cc42cf761e2c72a 0 0 0 0 0 0
train_jpeg/6d1dfc99d244e3cb3309a5d2814e5422 0 0 0 0 0 1
train_jpeg/740525a4f74bc0d26639eecd2ea0e6d9 0 0 0 0 0 1
train_jpeg/72a61ca0140d994daccd2dc3ad4f3905 0 0 0 0 0 1
train_jpeg/154ef5cf058769e87c5a0e624f34199e 0 0 0 0 0 1
train_jpeg/e559048794d171b368b3570107840037 0 0 0 0 0 0
train_jpeg/bc849fedf97c9eb2bc7707bac17329bc 0 0 0 0 1 0
train_jpeg/c74b6a0a59b10d81e57158890803fae4 0 0 0 0 0 0
train_jpeg/ea97fdc2b0bf64e712a784849efbab79 1 0 0 0 0 0
train_jpeg/f823e02fa72c35f6c4568e4b27a1f622 0 0 0 0 0 1
train_jpeg/736a4ee15c57cb2eb94404bfb95ac297 0 0 0 0 0 1
train_jpeg/9a4ed54cefaea64fc59bf8debdc79ec9 0 0 0 0 0 1
train_jpeg/730385a1bef22a73ad226cf58553eb94 0 0 0 0 0 1
train_jpeg/0c8c247e84a3c4fe4d40846bdeac105f 0 0 0 0 0 1
train_jpeg/8f79f74f8135b22982836178f2bc751a 0 0 0 0 0 1
train_jpeg/704bbe841839afea2ab6b8415db0a5cc 0 0 0 0 0 1
train_jpeg/e628f2132ee111f24dd4ed439cc1fdc1 0 0 0 0 0 1
train_jpeg/8749d0d77fb1a81d7cf69ea0d302ebbb 0 0 0 0 0 1
train_jpeg/101462261ea1428181e14ed048dcf5e9 0 0 0 0 0 1
train_jpeg/46401b1d6a534f60a9c5bfdfc53a4e44 0 0 0 0 0 1
train_jpeg/06eda17e0e78b183fc71d46d32cefb5d 0 0 0 0 0 1
train_jpeg/670b0154323b07d62b9a047be3c12d1d 0 0 0 0 0 1
train_jpeg/7421e7eb1283b2f3bd0d17b3dd744a13 0 0 0 0 0 1
train_jpeg/e43a4dbd7fafa21973f9ddde38dc8d3e 0 0 0 0 0 1
train_jpeg/d2ee971a8b41f013def83648617b43cc 0 0 0 0 0 0
train_jpeg/58ac0fe8d8c2cf736216f42a31e89e85 0 0 1 0 0 0
train_jpeg/fd3d0487b4f4ee21cbaa2cf3b9fae8f5 0 0 0 0 0 1
train_jpeg/f0fe423a27c36770206a214d8d81a344 0 0 0 0 0 1
train_jpeg/215ebc513445e8e809addf6029df970c 0 0 0 0 0 0
train_jpeg/341f6cb611d9db718a26db9ead813e27 0 0 0 0 0 1
train_jpeg/f5090fd5d374072ec820e693abf53e25 0 0 0 0 0 1
train_jpeg/6afd09ccb84477f3c701982d27dfe54d 0 0 0 0 0 1
train_jpeg/1d1b26e179d9394bc1d9971ec50d1aaf 0 0 0 0 0 0
train_jpeg/6a25e284bd88dad24f181f0f08b69512 0 0 0 0 0 1
train_jpeg/8b1ffb51d670570e44e8ac5c17da3a55 0 0 0 0 0 1
train_jpeg/705ac59fb56577d3db10d09dc5b3f3b3 0 0 0 0 0 0
train_jpeg/d0a9b6cb4429547efd197194f62ad486 0 0 0 0 0 1
train_jpeg/58ac0fe8d8c2cf736216f42a31e89e85 0 0 0 0 1 0
train_jpeg/14bff13391fb9afad88949a2f83daab6 0 0 0 0 0 1
train_jpeg/fe427237f1d67a70e50ead16abdec79f 0 0 0 0 0 1
train_jpeg/66ca165889a2837cc8534141b6441976 0 0 0 0 0 0
train_jpeg/8081a5eb5909b4261494b9e4622d2e55 0 0 0 0 0 1
train_jpeg/6b8d8bf1c37b01465d95eb84c88a6d88 0 0 0 0 0 1
train_jpeg/46f34e017ef81cdc26de68f11bf7280d 0 0 0 0 0 1
train_jpeg/9d1df3d25e3245f1d0ff43d81731a868 0 0 0 0 0 1
train_jpeg/e82afb6d5a714b72022b53e0b94b9d6f 0 0 0 0 0 1
train_jpeg/7f71a9ac115f976a323e6a346fb99bad 0 0 0 0 0 1
train_jpeg/9ff1d39a6f4f3abc206c02d564e52dc9 0 0 0 0 0 1
train_jpeg/ce7d4f9583c46cafacf0b049c3facb46 0 0 0 0 0 1
train_jpeg/b0df2d378c04b59dbd0f7c20352c35e8 1 0 1 0 0 0
train_jpeg/7b27a4a3676a98b6de3bd3c19a1ca1cd 0 0 0 0 0 1
train_jpeg/84ccfc2b291a2986d20f22861de7f699 0 0 0 0 0 0
train_jpeg/39fba09b48f252efaa54f0d093a8294d 0 0 1 1 0 0
train_jpeg/cd4a1281bf0a157c799cd98a1cc66f3b 0 0 0 0 0 1
train_jpeg/3d10382c3359b2e799d0bc45306e146c 1 0 1 0 0 0
train_jpeg/2f5a677d35532e18388a9993ca166a80 0 0 0 0 0 0
train_jpeg/6b2b72d289bf26b3aaf41548df0ab160 0 0 0 0 0 0
train_jpeg/6fcc5e62569530a999718c9a47bbfcdc 0 0 0 0 0 1
train_jpeg/f591f6e017545ab779d1e88735340128 1 0 0 0 1 0
train_jpeg/1f79bf486707cb22a4e42d3b172c7e22 0 0 0 0 0 1
train_jpeg/1070b419b62a9b7b1a8e71cd9504ffb8 0 0 0 0 0 0
train_jpeg/8cd75497ddd543845e5a151e9a3b7561 0 0 0 0 0 0
train_jpeg/50f315c754b3530ac3c9bac3e96b22ac 0 0 0 0 0 0
train_jpeg/a6309e7373450069baaec7802ec8b244 0 0 0 0 0 0
train_jpeg/c0504fa54e796f7aa58560dd98dad1e9 0 0 0 0 0 1
train_jpeg/9ea208ca834a15b0c0f43cde77e61927 0 0 0 0 0 1
train_jpeg/150d9b226334d9f3471d088307cdc5fd 0 0 0 0 0 0
train_jpeg/ecd24fe10c9d9f18da495785dda97c00 0 0 0 0 0 1
train_jpeg/bdde865328435f214633b4858d9a4d20 0 0 0 0 0 0
train_jpeg/f48b50142d0e6ace3ac758861f14d275 0 0 0 0 0 1
train_jpeg/ae453f91e80793514c1cf794c4135e69 0 0 0 0 0 1
train_jpeg/af59884b605949249d45847b50197795 0 0 0 0 0 1
train_jpeg/dba518b50e233613f6be0307665cff2e 0 0 0 0 0 1
train_jpeg/fc6398e834598afce4e644237b1666ad 0 0 0 0 0 1
train_jpeg/e9e59e91a7e4419a9b6a997e004e8f9a 0 0 0 0 0 1
train_jpeg/7b9b793a911c9bc192d550cc6b2b257b 0 0 0 0 0 1
train_jpeg/200036706168231979f66a89287ec68b 0 0 0 0 0 1
train_jpeg/85deeb4debca92e97d620238c769db4c 0 0 0 0 0 1
train_jpeg/3cf61dc2b7c2ae524feb3361b9a4513b 0 0 0 0 0 1
train_jpeg/58693809cd415e1064e4560428f1ab98 0 0 0 0 0 0
train_jpeg/2da024888d146f663f550e794eda1d83 0 0 0 0 0 1
train_jpeg/aca2dc4418182356911b47ede407b1da 0 0 0 0 0 1
train_jpeg/b0a52e18d443efb28d082f0ae8e7b893 1 0 1 0 0 0
train_jpeg/ff60d1425ffd67d12aa61e3eb3b45040 0 0 0 0 0 0
train_jpeg/49658111ee6f9bdbf080646f9e0efabb 0 0 0 0 0 1
train_jpeg/a091c439300eaff4c79f0a82d343a369 0 0 0 0 0 0
train_jpeg/501971435df7def25d5956402ec9589f 0 0 0 0 0 1
train_jpeg/98d44861c84d532bcca874fcde5e5f42 0 0 0 0 0 0
train_jpeg/25e99dd3d0a8e45529b0c04f28a31313 1 0 0 0 0 0
train_jpeg/a1058b4368a7e3d945757f218393baf9 1 0 1 0 0 0
train_jpeg/89d2c2a6c42bb2bc268b8d535c4f31fa 0 0 0 0 0 0
train_jpeg/9db5a4c7e166a2c6cc658679517eab7a 0 0 0 0 0 1
train_jpeg/326f5799de625f4fddd67b9c7827bfe5 0 0 0 0 0 0
train_jpeg/9e0e88a415054f3153c10336ae1f996c 0 0 0 0 0 1
train_jpeg/02de1ec3340e75fd5e7294a84a0342a1 0 0 0 0 0 0
train_jpeg/428b37564fcb598a418df845f366eaff 0 0 0 0 0 1
train_jpeg/0683913284e5859d1d2e3e9f01e07ceb 0 0 0 0 0 1
train_jpeg/d91079b185012d745fb4c1aa0e04d3b9 0 0 0 0 1 0
train_jpeg/d64553b9bcb27c452cb10ac471168602 0 0 0 0 0 1
train_jpeg/ad7478c7bbeb7b2cd0ddfc76d908e5e1 0 0 0 0 0 1
train_jpeg/0a380c45055b031c116507bdc5acff33 0 0 0 0 0 1
train_jpeg/ecd11f0b7b55d7d0515fb569cbcc39d8 0 0 0 0 0 0
train_jpeg/b16924478a215a2e4e400d1d1a46eed8 0 0 0 0 0 1
train_jpeg/dd46cf431cabf6813cab80fc0b5821fe 0 0 0 0 0 1
train_jpeg/82749b931eca262869588926f1064ce7 0 0 0 0 0 1
train_jpeg/f94fc1f4e263bf33a9b1e9c4027a474f 0 0 0 0 0 0
train_jpeg/9980931c04540540bd8a092b4f8cf769 0 0 0 0 0 1
train_jpeg/ffe07f4f98a7242b460c8d3a8e46832c 0 0 0 0 0 1
train_jpeg/7b821f90210ba7eda5160549ba6138ff 0 0 0 0 0 1
train_jpeg/ce4a461ab5b95bc7b79bc6bea11f7ff8 0 0 0 0 0 1
train_jpeg/6d33e69f8f399100be31330a61c5c01f 0 0 0 0 0 1
train_jpeg/996589592a0f854d6aeefa817f76ffde 0 0 0 0 0 1
train_jpeg/3fcd92fe8e56a1867bb6c72d87a3025d 0 0 0 0 0 0
train_jpeg/c2f01c1eb7b249b706ea3f1ee549e05f 0 0 0 0 0 0
train_jpeg/c65f2db150193b8d81522673d0c9ec8a 0 0 0 0 0 1
train_jpeg/22c457789adf47032b18437119ddb469 0 0 0 0 0 1
train_jpeg/f8c58f156f9bcdba6f1d0d454560c8d4 0 0 0 0 0 1
train_jpeg/3ee459134944c64e2c035dab44b2b187 0 0 0 0 0 1
train_jpeg/cc9b6ee01a01702434ad789eef9432fb 0 0 0 0 0 1
train_jpeg/54d5f37064c9be0861089b29f1389b73 0 0 0 0 0 1
train_jpeg/8c4a869068e1f748cf808d15d63f2f7c 0 0 0 0 0 1
train_jpeg/ed19599a26e1d3be537d4123cd45a0d5 0 0 0 0 0 1
train_jpeg/38791e51fbea01ae3935f311e8878f1c 0 0 1 1 0 0
train_jpeg/8833a7356f60fd760f6647555a4d8264 0 0 0 0 0 0
train_jpeg/b9ff1fbffdc893eb33c7d2b636f785a5 0 0 0 0 0 1
train_jpeg/833700d99ce535ab4642e0f3f8125483 0 0 0 0 0 1
train_jpeg/b6e62116c75557a63d2a8a48348ae906 0 0 0 0 0 1
train_jpeg/bee0a17bc4809761b82b39cb3dd9508f 0 0 0 0 0 1
train_jpeg/31b25fa0519adf33768177c116092d83 0 0 0 0 0 1
train_jpeg/2879ad2fbfbb461b4210745e2fa378f6 0 0 0 0 0 1
train_jpeg/4ccc63ecf9efef91deef0f5849e3ad34 1 0 0 0 0 0
train_jpeg/8169688849f800eed6dded6f1c10a352 0 0 0 0 0 0
train_jpeg/b4ed7fedb5fd04e7a72bf8bc2f8aa91c 0 0 1 0 0 0
train_jpeg/ee22245fccd39fca9be413a2b2bbe521 0 0 0 0 0 1
train_jpeg/b0422c3902cc60d1cfee9d71b3b002d1 0 0 0 0 0 1
train_jpeg/b8d3da1af994a91dbd11e9490b44ce2c 0 0 0 0 0 1
train_jpeg/429833c80b0522c466b1694b32002014 0 0 0 0 0 1
train_jpeg/2c7fbcdc37fba555a38a39db3d9e41a5 0 0 0 0 0 1
train_jpeg/d94b4e689299d6eb3cc8f5ac772d759b 1 0 1 0 0 0
train_jpeg/fa2835a32eb5b05ddce866a6d85274df 0 0 0 0 0 1
train_jpeg/4890b105c1f8c0291c6a00a47ce7332b 0 0 0 0 0 1
train_jpeg/3460c8020f8edd51b37ebc33f350d914 0 0 0 0 0 1
train_jpeg/95ea31f11c0846c766ee8f0e03782e48 0 0 0 0 0 1
train_jpeg/43db0bb6195edb1265e22e1b3c333d28 0 0 0 0 0 1
train_jpeg/bc849fedf97c9eb2bc7707bac17329bc 1 0 0 0 0 0
train_jpeg/8dbbe68eac92a7f6361cf1e43af49af1 0 0 0 0 0 1
train_jpeg/7b6a38d1478375102a8396bedfbf9edf 0 0 0 0 0 1
train_jpeg/de6e41835b9455151e4e6bed43e31244 0 0 0 0 0 0
train_jpeg/d7126dbdc94e1ac90542ba529e21ab27 0 0 0 0 0 1
train_jpeg/bf11e636d1e0d4c9813fdd8dfd24a4c0 0 0 0 0 0 1
train_jpeg/afb8a317a1c70191a4169cf5dd4e1da6 0 0 0 0 0 0
train_jpeg/7c19737d7107ccce56c1baeedfac2f54 0 0 0 0 0 1
train_jpeg/9a5094b2563a1ef3ff50dc5c7ff71345 1 0 0 0 0 0
train_jpeg/0cb3915982ff4a65a1c52b89616d0f49 0 0 0 0 0 1
train_jpeg/a1df46be5ace1fcd65a304d44f83a1a6 0 0 0 0 0 0
train_jpeg/8c855300b3d2796a86ad35851c1dea5b 0 0 0 0 0 1
train_jpeg/4068af795c7cb80fec0883dab82f4fbf 0 1 1 0 0 0
train_jpeg/4ef1312ec852f7b0da904d5c023dd763 0 0 0 0 0 0
train_jpeg/9f89a5b66a98b03666db2c9d36a7dc0e 0 0 0 0 0 1
train_jpeg/9ca97574cdfcbcd1db8ba2fb76e2dd34 0 0 0 0 0 0
train_jpeg/845d1edaada5683f85efcb17937404be 0 0 0 0 0 0
train_jpeg/19b1cd4c282515de8cc36d61c45e096d 0 0 0 0 0 0
train_jpeg/776d1803d568d646b2e8d8b0648cde5a 1 0 1 1 0 0
train_jpeg/77883120bf5c1da35257a52820c6fcca 0 0 0 0 0 1
train_jpeg/bd23539b8fb116791fe16b9854601c1a 0 0 0 0 0 0
train_jpeg/2400efb8ccb698992e54ec03286d35ef 0 0 0 0 1 0
train_jpeg/72db011d874a7d2151f75b4f0ae679b2 1 0 1 0 1 0
train_jpeg/17435f57fe6ffe247e22c9693232768c 0 0 0 0 0 1
train_jpeg/e7da63004299caad8e69fe0bd91a6c1c 0 0 0 0 0 1
train_jpeg/a66524d3706dae7e6bb8f669cbea99d6 0 0 0 1 0 0
train_jpeg/6640b8464f79197f34bafd9ea74422fd 0 0 0 0 0 1
train_jpeg/ac0d5180cbac66eead6195728563d5e2 0 0 0 0 0 1
train_jpeg/74dc4ee82bae04106855e78e3b0a340e 0 0 0 0 0 1
train_jpeg/9ede01ff5e6de8007412f86c024fa798 0 0 0 0 0 1
train_jpeg/58989b53f38657250fbb9de06952f139 0 0 0 0 0 1
train_jpeg/aa8e3370d29868d5352b6852b468fafc 0 0 0 0 0 1
train_jpeg/220b8c6f021dcb19ec48f8cf26c9b847 0 0 0 0 0 1
train_jpeg/b5c56a5624857bd608eeadd16a7f566b 1 0 0 0 0 0
train_jpeg/163898fbc57f00f58ad27e72031a541f 0 1 0 0 0 0
train_jpeg/0fca086ebe001f784d428aa9973ba691 0 0 0 0 0 0
train_jpeg/43ae6ce07ea7faacca2728b451cd0342 0 0 0 0 0 1
train_jpeg/3d0bf3248adfb4e95e0624bd5c54495a 0 0 0 0 0 1
train_jpeg/441770ffd2e6994035b328f3db12cb94 0 0 0 0 0 1
train_jpeg/6feeabe1a1221a8a4da9560cc86157ed 0 0 0 0 0 0
train_jpeg/d1bb581de986967b12d4ee6a064d70e8 0 0 0 0 0 0
train_jpeg/7400b2fabd02ad5d59195da5002f929e 0 0 0 0 0 1
train_jpeg/985be77c13eb905ee8e19a45e46ab785 1 0 0 0 0 0
train_jpeg/56fba4cf02658d0592281bf6545798bc 0 0 0 0 0 1
train_jpeg/7019341063506a9850df00a5bcf46efa 0 0 0 0 0 0
train_jpeg/07f9314c9eec5959eafb3c511ac97cc8 0 0 0 0 0 1
train_jpeg/afb8601b20f73b8ca44fbb72ceb39a1a 0 0 0 1 0 0
train_jpeg/49348e03337fc04b3ef5c4472c7c1df1 0 0 0 0 0 1
train_jpeg/88c4acf92ce54c7c0480ee92515e207b 0 0 0 0 0 1
train_jpeg/cc3f1b06e258ec653acb5d8783efd12a 0 0 0 0 0 1
train_jpeg/f60eda042575aa1783464a36c4bcc065 0 0 0 0 0 1
train_jpeg/c5a45ede0cbd270bf54e8a5e7fd27813 0 0 0 0 1 0
train_jpeg/ea261b4def6621c845b84dab0229e1fa 0 0 0 0 0 1
train_jpeg/8ad47a88ab880f982a7ca140b355f66e 0 0 0 0 0 1
train_jpeg/61a153c76cdd06fc381288fe5ef546eb 0 0 0 0 0 1
train_jpeg/b3ed6fe9763f5d42da7cb8f5c045d160 0 0 0 0 0 1
train_jpeg/d33e30f362a5e816c72f2d2e81b810bd 0 0 0 0 0 0
train_jpeg/e0e61924ef64be87474030410d1eda62 0 0 0 0 0 1
train_jpeg/ec5ed0882416a17e69399ae3c69aeb6d 0 0 0 0 0 1
train_jpeg/cfbac484f94686cd93d564487d9e5a8a 0 0 1 0 0 0
train_jpeg/67e41f4e6ec05ee90e95892e5d573032 0 0 0 0 0 1
train_jpeg/7307f00233a2858176b4b8c93213d7de 0 0 1 0 0 0
train_jpeg/9f9ab4b3170b84ec04b006d522114f24 0 0 0 0 0 0
train_jpeg/0c31081e8ada2990bcbef0f12ea60b07 1 0 1 0 0 0
train_jpeg/c2bdc729e1623c6c142d9f4e6ed48418 0 0 0 0 0 0
train_jpeg/3a9ca3e1abf4367614147b0df838624a 0 0 0 0 0 1
train_jpeg/187c8c789ee3a0b01f96ae3e76846172 0 0 0 0 0 1
train_jpeg/972b79ab9ba7e34488c4459e43241ab4 0 0 0 0 0 0
train_jpeg/2b8482d68df168b134e2ddf79465f6b0 0 0 0 0 0 1
train_jpeg/5376ff68b27e97b653b521a5470b7fdd 0 0 0 0 0 1
train_jpeg/eb36ce1af5512454384f751932c15d67 0 0 0 0 0 1
train_jpeg/311dc866cd14e3aa2d02b9ee2be95c62 0 0 0 0 0 1
train_jpeg/60cc046cf313c5943d45adce6c79a236 0 0 0 0 0 1
train_jpeg/6fd3acc555d271db488c3441eb93d887 0 0 0 0 0 1
train_jpeg/85e558f168eaa79e303217aa77846522 0 0 0 0 0 1
train_jpeg/ac73976e9c11f0f6f97c031ea50d2daa 0 0 0 0 0 1
train_jpeg/fc9792581d7190c4b20c3e436e2d91bb 0 0 0 0 0 1
train_jpeg/678219cc34c08e4b184dbe73ef52a680 0 0 0 0 0 0
train_jpeg/743aaed5bbd2ae6c4b0dcbaa53671700 0 0 0 0 0 1
train_jpeg/67abbadc6191df78ac850acc6fb85b88 0 0 0 0 0 1
train_jpeg/3de802c8e4c1a89864680dd1c80a8832 0 0 0 0 0 1
train_jpeg/9d66132dc1a3e262df38c3ad25626a00 1 0 0 0 0 0
train_jpeg/c47d248c49d70684d8638910c126ccae 0 0 0 0 0 1
train_jpeg/aabc4acd6a8f6c27828a11701675a6e7 0 0 0 0 1 0
train_jpeg/76ba59bd6f06fc0fa1ef003da3052c00 0 0 0 0 0 0
train_jpeg/fec3d23bab6ec6e296db2954b31c74c4 0 0 0 0 0 1
train_jpeg/5ae3a513bfde7fb9528b6830548aab36 0 0 0 0 0 1
train_jpeg/5719bc77c9b616aab2202280f293699a 0 0 0 0 0 0
train_jpeg/971793b9ed96c4868d2f1c236ff97132 0 0 0 0 0 1
train_jpeg/8dc09b22857d8b78f1d46e6ac6fd898c 0 0 0 0 0 1
train_jpeg/9b1e8c3a5bce9d3c3f9e7c6394289c67 0 0 0 0 0 0
train_jpeg/0cf8dd905fb4f2f876eb241bf67add40 0 0 0 0 0 1
train_jpeg/4c64464eae47d1221ae0ed053b2d6fda 0 0 0 0 0 1
train_jpeg/74ea7c95d4910affdaa09dc2d06edac4 0 0 0 0 0 1
train_jpeg/d8b75d2a0acb6e0fa20ef05300b7e006 0 0 0 0 0 0
train_jpeg/33db740ffc5ec454532e1c5663b7d653 0 0 0 0 0 1
train_jpeg/1f6cae728b0bab822a84b2014feff03d 0 0 0 0 1 0
train_jpeg/db8ea8826fe736f38ec2d204dd418252 0 0 0 0 0 1
train_jpeg/e62c07fde352cc658af3f989fe0b546f 0 0 0 0 0 0
train_jpeg/7e858184d5dd8f701ea4230f56c5a6b1 0 0 0 0 0 1
train_jpeg/08eae737d6de0db70d4bcb02b799cd02 0 0 0 0 0 1
train_jpeg/07d23125c1d7e97a968cdbe97122d9b7 0 0 0 0 0 1
train_jpeg/7dfd116d6430131ef61cd528d3fc41f6 0 0 0 0 0 1
train_jpeg/9181d4eeda0ebc4ef8f7e2ea50ed627c 0 0 0 0 0 0
train_jpeg/6c37b31b8d11b68b71034cbe03525ca0 0 0 0 0 0 1
train_jpeg/570103628c5548a5ea2c4a1c1f0a051f 0 0 0 0 0 1
train_jpeg/7da758a6be4d9129a20237e60dfa9d20 0 0 0 0 0 1
train_jpeg/644b2b3c6b3e706926b92840144ab869 0 0 0 0 0 1
train_jpeg/07921fbf3cc8835a541e39173e918ce7 0 0 0 0 0 1
train_jpeg/222c4f866bfa3e0797c70890bebbcd07 0 0 0 0 0 1
train_jpeg/e19c7ef15b9f5f9fec33a306f15bda9e 0 0 0 0 0 1
train_jpeg/5caad1f4ec4cc0efad99006f98051cd8 0 0 0 0 0 1
train_jpeg/492bc09a9ea6dacc2a35e890caf4e937 0 0 0 0 0 1
train_jpeg/2229148faa205e881cf0d932755c9e40 0 0 0 0 0 0
train_jpeg/37d3b4cee875cb8f44bde09c70455e0d 0 0 0 0 0 1
train_jpeg/9f3cd35d1e478da2bac4bf5afd1153c0 0 0 0 0 0 0
train_jpeg/bbcef485eb280c4ca4f95ff5d59e2819 0 0 0 0 0 1
train_jpeg/8aa77ccf597b6ad2ce2a6653f62e26b5 0 0 0 0 0 1
train_jpeg/a8e2f097cccbf9fd65c69988fe0dd180 0 0 0 0 0 1
train_jpeg/57f5fffa1c926e798f583597300be447 0 0 0 0 0 1
train_jpeg/ba0d29d84db98416a0858ad30c4d41a7 0 0 0 0 0 0
train_jpeg/459613fae80e092b4619ccd7fc6549dd 0 0 0 0 0 1
train_jpeg/7346308962a682d3671080d546e6fbdb 0 0 0 0 0 1
train_jpeg/a2b03b53908e7272c79bcc11ca08a7c6 0 0 0 0 0 1
train_jpeg/25108aafc5ef1b61f97c9dd36a92b9c0 0 0 0 0 0 1
train_jpeg/857e10e6ba1ec2b72f23f3396a2e000e 0 0 0 0 0 1
train_jpeg/96bffead32cd991447d96ab59af2ec55 0 0 0 0 0 0
train_jpeg/c45439d37dde8ed7a3a029995834a8f7 0 0 0 0 0 1
train_jpeg/dd4aa76819084785e90f510cd57b5b03 0 0 0 0 0 1
train_jpeg/fbace720f1e0ffcf06aa08e8b6e8131d 0 0 0 0 0 0
train_jpeg/b6ec5b8679737f741fb225e79a849ac9 0 0 0 1 0 0
train_jpeg/f969ea3d13295c6d9d1ace69fc0fa218 0 0 0 0 0 1
train_jpeg/0ccbfd4abc669a79da23bcaed50cb7e7 0 0 0 0 0 1
train_jpeg/9201324ab7bec3e6e853cc0584420132 0 0 0 0 0 1
train_jpeg/904e7343ef4dbd016fcf9c679690ce8b 0 0 0 0 0 1
train_jpeg/5caad1f4ec4cc0efad99006f98051cd8 0 0 0 0 0 1
train_jpeg/b0f70ba8840ab9c8f39f37768c97e78d 0 0 1 1 0 0
train_jpeg/2091cd1a94708449bf06a3da7c8f0dfc 0 0 0 0 0 1
train_jpeg/d3637a1935a905b3c326af31389cb846 0 0 0 1 0 0
train_jpeg/21e14e9b837be036c1ca616888d50a03 0 0 0 0 0 1
train_jpeg/f8e09e1878afbde523ffbccbf3f7eded 0 0 0 0 0 1
train_jpeg/2191f74886101a1a4ea55622a43a059e 0 0 0 0 0 1
train_jpeg/6c6266968277d8d98717a106dfb716c3 0 0 1 0 0 0
train_jpeg/d47bdbcba4b30efdc224e8d6ab79f647 0 0 0 0 1 0
train_jpeg/e58b1e546bdafafadf8b7b23c80c6430 0 0 0 0 0 1
train_jpeg/1f0e394fa5ef64c88db0037b4ea954c3 0 0 0 0 0 1
train_jpeg/575c1973c2d617658508d18d94bc2ffa 0 0 0 0 0 1
train_jpeg/c7408f29234715e6e9df6dea773e21e0 0 0 0 0 0 1
train_jpeg/7fcc22d964a500fdf1b82a9bea30c301 0 0 0 0 0 1
train_jpeg/50b13defc76ed84a3b775856bfda2dfb 0 0 0 1 0 0
train_jpeg/9e95cf1950a107b12c1effd3e70a3d3a 0 0 0 0 0 1
train_jpeg/812b94f15622d407206e07bf8078a277 0 0 0 0 0 1
train_jpeg/98a19c2b1c772739aed4c48fc58ab23a 0 0 0 0 0 1
train_jpeg/1243c3cd5ad7c097fdcd147e025ac628 0 0 0 0 0 1
train_jpeg/b3fd73ef7025fa34391fffa6b437e369 0 0 0 0 0 1
train_jpeg/85deeb4debca92e97d620238c769db4c 0 0 0 0 0 1
train_jpeg/88fc7d51600e39fc2183addc13439c39 0 0 0 0 0 1
train_jpeg/50493f86bb23f2aa97989846eba9600d 0 0 0 0 0 1
train_jpeg/288bc93ca68276fceaee201a2c57300d 0 0 0 0 0 1
train_jpeg/efb838879b6ee5f7d44b56ff592d83a4 0 0 0 0 0 1
train_jpeg/d59d5dcc1601a29509f91dab5f8550bc 0 1 0 0 0 0
train_jpeg/5968c5b0e0498a38b225b646264a38ba 0 0 0 0 0 1
train_jpeg/45e7f82d0650a40199fe36ac6fb5d809 0 0 0 0 0 1
train_jpeg/db65300cb20b50abb1e3b30f908ef3e0 1 0 0 0 0 0
train_jpeg/a040343977edb13d15604e5e3c125e59 0 0 0 0 0 0
train_jpeg/34b9a4515249846b7453d5d99f8a9567 0 0 0 0 0 1
train_jpeg/209e3a5c73c1195d805dd25d086b3c6d 0 0 0 0 0 1
train_jpeg/20a1b16f38402c919c3e59f65130bed5 0 0 0 0 0 1
train_jpeg/bfed73d0942f8976d1eedab115940b8c 0 0 0 0 0 1
train_jpeg/6aacc8577bd7670f24e7be0ceaaaf006 0 0 0 0 0 1
train_jpeg/b243e259b42195169f852d16c098e2bf 0 0 0 0 0 1
train_jpeg/5471e14817cfcb537075c9707d8100d3 0 0 0 0 0 1
train_jpeg/2fa26bb9068d9086a5a757d01f91a1ff 0 0 0 0 0 1
train_jpeg/5ccbab015e73d74dcc0cb88657f663e8 0 0 0 0 0 1
train_jpeg/de17ad7d8d8013245fda495962594555 0 0 0 0 0 1
train_jpeg/fb929e0efd696fe0f54902da5e7ec57a 1 0 0 0 1 0
train_jpeg/57f5fffa1c926e798f583597300be447 0 0 0 0 0 1
train_jpeg/4552f5fcf83d643416d9da169bfbba67 0 0 0 0 0 0
train_jpeg/010018c93ed33ae56ed048ee54867e46 0 0 0 0 0 0
train_jpeg/8f6b245a7d5570a1f3709c2aade447ee 0 0 0 0 0 1
train_jpeg/095c13d937c0dd9f547035344ba6c6c4 0 0 0 0 0 0
train_jpeg/8873970dcea7a93c5a0bdb56d00c4100 0 0 0 0 0 1
train_jpeg/57f40b4dd5c69465630945efc03e9be9 0 0 0 0 0 1
train_jpeg/d8af05d89a0e8a3a839a645d99c4bf6a 0 0 0 0 0 1
train_jpeg/831f068a9f85c88b9b184db910f1fe07 0 0 0 0 0 1
train_jpeg/29e243ad1a2b17ef44c1a21723ec4752 0 0 0 0 0 1
train_jpeg/5e921c955082a39bbcebd3d42a8d0b4c 0 0 0 0 0 1
train_jpeg/3c533d9961c9f23cbc39f2e50db572dd 0 0 0 0 0 1
train_jpeg/ad8d224b07d9441d2c97cc330086c2e0 0 0 0 0 0 1
train_jpeg/878388e79ebdbc0af00dcda00431854a 0 0 0 0 0 1
train_jpeg/c1fe0fecd47a5621d45d882fad3e88c6 0 0 0 0 0 1
train_jpeg/c96b6f449f9529dda0daafefbbd769e5 0 0 0 0 0 1
train_jpeg/bb60194195e9a5eaa27685d2fa688085 0 0 0 0 0 0
train_jpeg/7e8a3b0d2ab003b958a70264fccb2d43 0 0 0 0 0 1
train_jpeg/59162bd3d830dce92bc4423f8a685b83 0 0 0 0 0 1
train_jpeg/fd80612e19d0c248b8477125cba4a350 0 0 0 0 0 0
train_jpeg/a153495b8f21f9c8a56d3489c513d721 0 0 0 0 0 0
train_jpeg/872f88171d441e9c419a5ee96560ae50 0 0 0 0 0 1
train_jpeg/c918bc36b064c7fb97f95503181a4d60 0 0 1 0 0 0
train_jpeg/ceb48b22d6d8d4c7dc4e9a6158e82699 0 0 0 0 0 1
train_jpeg/d9486490c0d42c5e7060a64f5d0176d4 0 0 0 0 0 0
train_jpeg/1b69ddeb38c7c536d284bb854f86d00e 0 0 0 0 0 1
train_jpeg/64ebff0a73f5c7daf54acb8d71ff0980 0 0 0 0 0 1
train_jpeg/10ab7eaa1ef08dea7a899cc893564838 0 0 0 0 0 0
train_jpeg/c7d78838fc91d92a524b1fce61350c2c 0 0 0 0 0 1
train_jpeg/ad18bdbb0610dd05134b499d144aee0b 0 0 0 0 0 1
train_jpeg/3aefb8dc3f0615131c0dc1477b4e3133 0 0 0 0 0 0
train_jpeg/ddc39170e9b83451e0121985debd9114 0 0 0 0 0 1
train_jpeg/e2a55e2d4a4c31d473253362541944b8 0 0 0 0 0 1
train_jpeg/59e1f024cb9e119964b57d942fd72e36 0 0 0 0 0 0
train_jpeg/e596e3b89332bde018574ca5e32c1e0d 0 0 0 0 0 1
train_jpeg/89fbe02e0d7f8fc97ae98614a012301b 0 0 0 0 0 1
train_jpeg/47188d0c91088558e62b52f1c9f06b0d 0 0 0 1 0 0
train_jpeg/f59be8f9bdb7cedee4c800ceaeccd453 0 0 0 0 0 1
train_jpeg/575b98a9f9824d519937a776bd819cc4 0 0 0 0 0 0
train_jpeg/1e717af900c3f539f967ad27b1ce905f 0 0 0 1 0 0
train_jpeg/7dbccd763c4ffbfd0d6b841fb5e4337a 0 0 0 0 0 0
train_jpeg/311dc866cd14e3aa2d02b9ee2be95c62 0 0 0 0 0 1
train_jpeg/d7126dbdc94e1ac90542ba529e21ab27 0 0 0 0 0 1
train_jpeg/69a4d903825c0759277118ec1c5efe9b 0 0 0 0 0 1
train_jpeg/9fd7f8bc66d606ffee290028c4d5d1f3 0 0 0 0 0 0
train_jpeg/0c285f4a92ac064b0fc85f3aa01e48f7 0 0 0 0 0 1
train_jpeg/7c7dce16fd7f16d1abd3a6f47e60cb9f 0 0 0 0 0 0
train_jpeg/39f57c83a1026f43f87ec02311874dc3 0 0 0 0 0 1
train_jpeg/b9c84aff476bd2364446f9415069caab 0 0 0 0 0 1
train_jpeg/8a1441c6be67663d6009299225e43570 0 0 0 0 0 1
train_jpeg/70e621d1855d992b74df22c66021b25d 1 0 0 0 0 0
train_jpeg/065e7a6c7c848aa3f17ae034e7fbec23 0 0 0 0 0 1
train_jpeg/07d82e7e5749cbc21633134f489a7fbf 0 0 0 0 0 0
train_jpeg/fc206ae1d3ef8a63e90642dba9f75e4a 0 0 1 1 0 0
train_jpeg/3156b5feb62ed8cfdafef21f1f82a6c1 0 1 0 0 0 0
train_jpeg/797cb8cc2ec5188b41e85add08014d6f 0 0 0 0 0 1
train_jpeg/41c40fd3bd0719e48290cd6f3485ca77 0 0 0 0 0 0
train_jpeg/9fa0871929790043784f5d9aefe7f313 0 0 0 0 0 1
train_jpeg/5613c1062034062f5eda252ecc07bfb0 0 0 0 0 0 1
train_jpeg/3b6e09c81553fb9d454b550ae1e8a91e 0 0 0 0 0 1
train_jpeg/a5c289616526766229b13f1b6fd4417c 0 0 0 0 0 1
train_jpeg/f1288fb0096e55153058cde7e7519f5a 0 0 0 0 0 1
train_jpeg/e94fa4332d06e27e4f7b3c34d4ca7809 0 0 0 0 0 1
train_jpeg/410a46c87d447502899ab348a49adf79 0 0 0 0 0 1
train_jpeg/e8fadbcd05c434e50229a87d618041b7 0 0 0 0 0 1
train_jpeg/2a848e44e179f5e9b7d708835cfa5109 1 0 0 0 0 0
train_jpeg/2e9cb16d1950ad82347cade9cacedc8b 0 0 0 1 0 0
train_jpeg/4a003fe10a49ccef31c7c3875b534e33 0 0 0 0 0 1
train_jpeg/75d5b31a2cb644f55fff250df27d130e 0 0 0 0 0 1
train_jpeg/378c7f385c547e5e7dc632510939a551 0 0 0 0 0 1
train_jpeg/b8d3a0bb21e3e536728b13aaea587974 0 0 0 0 0 0
train_jpeg/135068ebc968861c9d1bfdd078a9da6f 0 0 0 0 0 1
train_jpeg/064023f1ff95962a1eee46b9f05f7309 0 0 0 0 1 0
train_jpeg/495fcdab0b3ae4e0856700741d4ff17b 0 0 0 0 0 0
train_jpeg/3e0e43fa2de366a0ac10e036f92a888d 0 0 0 0 0 1
train_jpeg/421a769663792125e8d7d05459a01efb 0 0 0 0 0 0
train_jpeg/f9e6958221cb9c50deaf7ce3e78b6bf4 0 0 0 0 0 1
train_jpeg/6da10923313fcb96f204ceae77a5b1a6 0 0 0 0 0 1
train_jpeg/3bf462b3f48c0a1c35912a77a84f318d 0 0 0 0 0 0
train_jpeg/464775df60e25e11e9cbbf60a1337791 0 0 0 0 0 1
train_jpeg/9dba466530505c0992a5bb874ffc90ee 0 0 0 0 0 1
train_jpeg/756728bcb0238aed0175e8b4d26e7e7e 0 0 0 0 0 1
train_jpeg/5afe1c706ce0834326699356041a7884 0 0 0 0 0 1
train_jpeg/4412b110512b07eb193edc92f2e3d1c7 0 0 0 0 0 1
train_jpeg/dd33d776a968a49960feaf128b103983 0 0 0 0 0 1
train_jpeg/64e17b0f7b34294b7f74017bc01b080d 0 0 0 0 0 1
train_jpeg/019668dbdc511714d119c10b87dca089 0 0 0 0 0 1
train_jpeg/46e426cabc8126238818152f3fd25fb1 0 0 0 0 0 1
train_jpeg/98cf181303375a6b877a30af28fa3bfc 0 0 0 0 0 0
train_jpeg/7f301a8a92df397f46768b6d226b45d4 0 0 0 0 0 1
train_jpeg/6e3dce43de58cedd6cca477f98b6c94f 0 0 0 0 1 0
train_jpeg/d0043062cebce85f2487407bc033d405 1 0 1 0 1 0
train_jpeg/78b0f410d3a9bf128ec165190309a18c 0 0 0 0 0 1
train_jpeg/222c75d9eed5a032f38820a5716af2ec 0 0 0 0 0 1
train_jpeg/cd49c1e8e2c3e37a4dc3325c986a609f 0 0 0 0 0 0
train_jpeg/99b6a685b8c3992e218834b8777e0ce1 0 0 0 0 0 0
train_jpeg/bf445a0ad828172748e5a40a6f0ce497 0 0 0 0 0 1
train_jpeg/8b4fe0184fb8a569f32465362350e3b3 0 0 0 0 0 1
train_jpeg/98a03f67fa1ac60db313bbd9a09d01ec 0 0 0 0 0 1
train_jpeg/8885de5e3a1e90858a93474194809284 0 0 0 0 0 1
train_jpeg/910c99ddbefd826f8e28f0969d0d162f 0 0 0 0 0 0
train_jpeg/0e6af94d17007c94d858b3bb7adb7dac 1 0 1 0 0 0
train_jpeg/7cbcd4d4d6efaa75e6c23f3b333c092a 0 0 0 0 0 1
train_jpeg/e50c93c7be11deb47d5db2917dd13c94 0 0 0 0 0 1
train_jpeg/53023065af5f5dbdc581ae1d01c707ba 0 0 0 0 0 0
train_jpeg/d04f6328a4f309158aabe9818ab3e2eb 0 0 0 0 0 0
train_jpeg/5653cda0f7d2a24874e8161275596361 0 0 0 0 0 1
train_jpeg/0dae90df11425cf2a357af877293026f 0 0 0 0 0 1
train_jpeg/2e5dbf1748de953162b08db82526be1a 0 0 0 0 0 1
train_jpeg/e160b2d6fc7e3322006bb8bb079ef418 0 0 0 0 0 1
train_jpeg/5e3b7956f2c75e38ab3ecb3812589a68 0 0 0 0 0 1
train_jpeg/c3b8b73e567c59f47d6f147940b0f8bf 0 0 0 0 0 1
train_jpeg/6f5f85902e1a68488dd8b227d8ded75f 0 0 0 0 0 1
train_jpeg/baf59786ea7c31be3ca23430938bf3ee 0 0 0 0 0 1
train_jpeg/a1058b4368a7e3d945757f218393baf9 1 0 0 0 0 0
train_jpeg/ee6eeaf541a305708e7a477a9def0488 0 0 0 0 0 1
train_jpeg/ed9a7c7e5b657ca8101f0687a000fc20 0 0 0 0 0 1
train_jpeg/68ea6e99b40d33995282a81f1baf0ae3 0 0 0 0 0 1
train_jpeg/782e3069a94382326a1ef5d47fa64468 0 0 0 0 0 1
train_jpeg/a30e14a451803e8e21067b36fd4c6ca9 0 0 0 0 0 1
train_jpeg/15f672ba0447f0aa6152a73886061e78 0 0 0 0 0 1
train_jpeg/abc53b4a032de3231d80353c6f49e3a8 0 0 0 0 0 1
train_jpeg/cde6b59dc5447237fd9f9b264567a653 0 0 0 0 0 0
train_jpeg/cf7d44685ac3a9566e53d665efe1ee28 0 0 0 0 0 1
train_jpeg/dea14aee7ebd5d25d36ac440bad3e62d 0 0 0 0 0 1
train_jpeg/f62614f577dbbb24a07af49df9bb3173 0 0 0 0 0 1
train_jpeg/4a67efd541f3149e52fc543a33abd332 0 0 0 0 0 1
train_jpeg/771bad280d3f521bae62b331ea7db8f4 0 0 1 0 0 0
train_jpeg/ee8667bf305060492f6cee7766e9fae1 0 0 0 0 0 1
train_jpeg/4d8a51ab3ebdb9b9f91c373b56b5d7f3 0 0 0 0 0 0
train_jpeg/9f043a4c5c64473ac13c6ff6cf6c4fa5 0 0 0 0 0 1
train_jpeg/2a6348378b940e1867efb2fa67ff30c1 0 0 0 0 0 1
train_jpeg/d786b45fa131d0377f03ba741c1e50eb 0 0 0 0 0 1
train_jpeg/e628f2132ee111f24dd4ed439cc1fdc1 0 0 0 0 0 1
train_jpeg/4a5df63f7bcec3f87581511567d36ab0 0 0 0 0 0 1
train_jpeg/2998cdc708e79055543eb95842261f57 0 0 0 0 1 0
train_jpeg/49658111ee6f9bdbf080646f9e0efabb 0 0 0 0 0 1
train_jpeg/a77bfe2433adc567669ac27ed874b0ed 0 0 0 0 0 0
train_jpeg/da7182a1b541864c1687329689b3c438 0 0 0 0 0 0
train_jpeg/d4a67043b09bca469a46c16b763c0391 1 0 0 0 0 0
train_jpeg/051132a778e61a86eb147c7c6f564dfe 0 0 0 0 0 0
train_jpeg/b5e2ebedcb69b842ee6b751e5a4991a8 0 0 0 0 0 0
train_jpeg/4fa6cca94550b80255481defaff69042 0 0 0 0 0 1
train_jpeg/a85d00366f68a5607c1f9aaa1f53194c 0 0 0 0 0 1
train_jpeg/033ff76227ffb160868813782a3c3a1a 0 0 0 0 0 1
train_jpeg/0b4bfa8697aa6c71b86ee112bd775b24 0 0 0 0 0 1
train_jpeg/06f864ba601b64bf44c312b2e5cdd894 0 0 0 0 0 1
train_jpeg/914ed8e72c817257d39a616c5b2c2a42 0 0 0 0 0 1
train_jpeg/2ca96021f8f968d4c3f0b9f5fc250470 0 0 0 0 0 1
train_jpeg/606765fe716741ebafc722890c81aaf8 1 0 0 0 0 0
train_jpeg/93ae57ca1df1d19c6d64155e74e14d23 0 0 0 0 0 1
train_jpeg/a07064273b3f1112655970e8326f25df 0 0 0 0 0 0
train_jpeg/3bc2e1cb9a227c162900a57fb5acd0cf 0 0 0 0 0 0
train_jpeg/6fbeb3ec1ec16b267f98fc12cbab9b6f 0 0 0 0 0 0
train_jpeg/1502125d4a1361d461c8c4024c9b5723 0 0 0 0 0 1
train_jpeg/0a072917005494298d153c01bbd8f689 0 0 1 0 0 0
train_jpeg/95ea31f11c0846c766ee8f0e03782e48 0 0 0 0 0 1
train_jpeg/8cec1f0e31fddd81f3d7220b9d8a508c 0 0 0 0 0 1
train_jpeg/06aa6df528aa6ed39e732b186b38b915 0 0 0 0 0 1
train_jpeg/dc4d73c10876b27e063b584d49eea496 0 0 0 0 0 0
train_jpeg/3a2afe680c468e809c808a8c456412f9 0 0 0 0 0 1
train_jpeg/963e75d60b45a08a1de456d383759167 0 0 0 0 0 0
train_jpeg/c868d346be870f50222391996533cdb1 0 0 0 0 0 1
train_jpeg/8f6709f15f4f222cf7af5bb49f73aa18 0 0 0 0 0 0
train_jpeg/54f2544028be9d9e366b1b71711395ec 0 0 0 0 0 1
train_jpeg/0786a13cabda003d621aa54c5b875fdf 0 0 0 0 0 1
train_jpeg/6c17e5359b2944a5e81f6f5fad044195 0 0 0 0 0 1
train_jpeg/4719de7513996807940aa3b1bbbb9610 0 0 0 0 0 0
train_jpeg/6d9710b5c7ee2aab43983ee9ea8eb193 0 0 0 0 0 1
train_jpeg/e068476c8419c3a1696f2645e440a193 0 0 0 0 0 1
train_jpeg/359d3ca7c71e4d786af7380c78fea10d 0 0 0 0 0 0
train_jpeg/c5a01b193b0a3ee49e5e2c96ee7563bc 0 0 0 0 0 1
train_jpeg/7379b320791eb6f9d422fdd89c805dd9 0 0 0 0 0 1
train_jpeg/6f95a9001875b9dd105324cac339e4f0 0 0 0 0 0 1
train_jpeg/f315e923bfad0a0b4dacd33ce62fd11e 0 0 0 0 0 1
train_jpeg/4c127b111ebdba8c59de22a06ca00a7f 0 0 0 0 0 1
train_jpeg/97e5e230f793b64aba05a318d6fdf4c4 1 0 0 0 0 0
train_jpeg/d5f0f775a989afd94d2240f7ea115f93 0 0 0 0 0 1
train_jpeg/5b76b8bc5004e1b673e03e1a5b335034 0 0 0 0 0 0
train_jpeg/92e79511cf61feac9fb92f92325c0a19 0 0 0 1 0 0
train_jpeg/ad26bb2858e1b140c6f7f940e8ad7390 0 0 0 0 0 1
train_jpeg/c26e56a69570cc6b223f9a6811e29951 0 0 0 0 0 1
train_jpeg/711b90c1ee418c02b20c6440c2c268ad 0 0 0 0 0 1
train_jpeg/373cf1c3c0455a997b1ac686ab36f4d0 0 0 0 0 0 1
train_jpeg/01f57c9a402a8b1ba7a654d7d13b55ce 0 0 0 0 0 1
train_jpeg/00ce367afd1ecefd6bcbed64ce1f82b2 0 0 0 0 0 1
train_jpeg/30d24189cf005a9baf02929afd518832 0 0 0 0 0 0
train_jpeg/93fd007dcf0c7f49ee26a492b16905a1 0 0 0 0 0 1
train_jpeg/5fd698415fe157a7bc7fa75a52ecabc6 0 0 0 0 0 0
train_jpeg/01d02854d3b799cf008ade3e0cd449d4 0 0 0 0 0 1
train_jpeg/1c3e88d7eb1849e80d109ab2f059a2e1 0 0 0 0 0 1
train_jpeg/367b53fd4130ec321b3cfe73df816f3b 0 0 0 0 0 1
train_jpeg/3c58145fc5651bd028aaee3d5f3d6c40 1 0 0 0 0 0
train_jpeg/2033bbf90fa9b91519bac29eb334673a 0 0 0 0 0 1
train_jpeg/7998e75d4e0f0ada2898d673c8ffecb3 0 0 0 0 0 1
train_jpeg/3123f4eaee1eb304261c91bb668b0631 0 0 0 0 0 1
train_jpeg/3e40696236bdb6dec60938d7f7d8aa2b 0 0 0 0 0 1
train_jpeg/0b1ac7f8267aa361183b90592618945f 0 0 0 0 0 1
train_jpeg/0d73d7e35dc4b6432a1f40653259f8ad 0 0 0 0 0 1
train_jpeg/5aad1179b1863fb90670f5051e4278cc 0 0 0 0 0 1
train_jpeg/1296335140a042ff0270825cdae2fa09 0 0 0 0 0 0
train_jpeg/9d3771737381cf20d9b3758a5460edf2 0 0 0 0 0 1
train_jpeg/e1ae5bc203c680c244b63824fdf38c00 0 0 0 0 0 1
train_jpeg/cf60aecdac2cd4bfb35e7ff1bea5d61b 0 0 0 0 0 1
train_jpeg/c440f25216153cfc2bcf4af70c3d59c4 0 0 0 0 1 0
train_jpeg/20c912c5a00f426f19d54272bd2b4fcd 0 0 0 0 0 1
train_jpeg/55c49c21eb7aa33f417c1f273d209b82 0 0 0 0 0 1
train_jpeg/75692666e09ea0a3cbfcc4b36241c7c0 1 0 0 0 0 0
train_jpeg/902d77e0d68673b7f8d12a3ab1483b95 0 0 0 1 0 0
train_jpeg/6b33644865832cf3e25c5d00049c0380 0 0 0 0 0 1
train_jpeg/2534b21e1fcdf7748a07109999952840 0 0 0 0 0 0
train_jpeg/23f29ee2101fa421afeb84cf923ee9b6 0 0 0 1 0 0
train_jpeg/047fea7da3a8a8336939e9ae765e8406 0 0 0 0 0 1
train_jpeg/abdd8da613cb38d40105cb2c5b8881ce 0 0 0 0 0 1
train_jpeg/83a177262aeb002703fb62d5694051f6 0 0 0 0 0 1
train_jpeg/9d512a5cbc6ca1d4dc83eb25ec29b8ec 0 0 0 0 0 1
train_jpeg/b366c0801a5f5e8f59fa76b30e67f4ae 0 0 0 0 0 0
train_jpeg/2e7b51cf120ec59d369331d09bba34b8 1 1 0 1 1 0
train_jpeg/300f0557394e4f85b5704774106a2067 0 0 0 0 0 0
train_jpeg/24f69d2bed536ccea3b54bf28131f062 0 0 0 0 0 1
train_jpeg/7df5c81873c74ecc40610a1ad4eb2943 1 0 1 0 0 0
train_jpeg/69ea3cb5de2b638097e68aa955ad1087 0 0 0 0 0 1
train_jpeg/0c886a47fffd9803200f2ff55db54a09 0 0 0 0 0 1
train_jpeg/510c564c69ad435168d78c084913d3aa 0 0 0 0 0 1
train_jpeg/6aaecddda29b3527b0642365e29904cd 0 0 0 0 0 1
train_jpeg/95db18085857f0c1b042e1ced19d662d 0 0 0 0 0 1
train_jpeg/435022b91de4977291bd7eaa1efd0740 0 0 0 0 0 1
train_jpeg/92c4bde91acc54147a32701d24422734 0 0 0 0 0 0
train_jpeg/267232cc663d4cd96dc3a6a920aabf08 0 0 0 0 0 1
train_jpeg/d3088874dca00ceca4712f526429b46e 0 0 0 0 0 1
train_jpeg/2c3979232fe659fb46d4ca12263e75d0 0 0 0 0 0 0
train_jpeg/8a1441c6be67663d6009299225e43570 0 0 0 0 0 1
train_jpeg/1af2c28f20e34b5482bd03a3844d0d8f 0 0 0 0 0 1
train_jpeg/9fe2c27025a48d9bca7f49c144131784 0 0 0 0 0 1
train_jpeg/bb653fdda34794b92c513fb0e078f21a 0 0 0 0 0 1
train_jpeg/70cd388750423edbe130a1198a1a3a96 0 0 0 0 0 1
train_jpeg/28d769becacfbdeebab6d3fda7322cf7 1 0 1 1 0 0
train_jpeg/f4600d99aba992cfb3807e4cebd240e7 0 0 0 0 0 1
train_jpeg/effc4dc50dd44a151333e9c7dc1ff73e 0 0 0 0 0 0
train_jpeg/21a10246a5ec7af151081d0cd6d65dc9 0 0 0 0 0 1
train_jpeg/63d5b6f568f005932b9246bcb40eee68 0 0 0 0 0 1
train_jpeg/a74467045836dd130c7ee24b84a6121f 0 0 0 0 0 1
train_jpeg/9385f1142a0999cae18ceb73dc804bc7 1 0 1 0 0 0
train_jpeg/441770ffd2e6994035b328f3db12cb94 0 0 0 0 0 1
train_jpeg/0564bdb6bbd81f2315d29c96aad37958 0 0 0 0 0 1
train_jpeg/f9e9858e9b2a21957259da02b2f542bf 0 0 0 0 0 1
train_jpeg/81cd411b0c04890206277a524f968a6b 0 0 0 0 0 1
train_jpeg/323abbba4d9da9ac2b171ffc36a9986d 0 0 0 0 0 1
train_jpeg/3f610e9fd18c54ca050e5b98597e07e4 0 0 0 0 0 1
train_jpeg/a33bfa55617af48bde1b1aa517a307b7 0 0 0 0 0 1
train_jpeg/42b9796b7f9ec65822586dbb948a3d82 0 0 0 0 0 1
train_jpeg/0b98b21145a9425bf3eeea4b0de425e7 0 0 1 0 0 0
train_jpeg/6312578be73812b1634727a012980bc6 1 0 0 0 0 0
train_jpeg/e42cb49246d4e0215129cb3bb72cbee7 0 0 0 0 0 1
train_jpeg/ef0a4f5b3062d3b6b29905a34e001b65 0 0 0 0 0 1
train_jpeg/6c4b78e706f33af6d0561c990df490b0 0 0 0 0 1 0
train_jpeg/9de072fe961a65ce5d95ede6ae2bcd56 0 0 0 0 0 1
train_jpeg/79add99590ce8636aeeb4e439781cf68 0 0 0 0 0 1
train_jpeg/943bc9aae1cda9b7a0205f79cab04dd2 0 0 0 0 0 1
train_jpeg/de20b8c80c04bd2dbe0782fb21738588 0 0 0 0 0 0
train_jpeg/fc96d4be137f6141c87826b536eaae17 0 0 0 0 0 1
train_jpeg/5db84b5dc6678c327970025195cb4b75 0 0 0 0 0 1
train_jpeg/3fbd2b45de32afd8618a53b9d5b9c917 0 0 0 0 0 1
train_jpeg/e5a6825407439b31e234e69989ccd542 0 0 0 0 0 0
train_jpeg/826ef40d8bd63f54f66cc620ad52c8e9 1 0 0 0 0 0
train_jpeg/cce5b2bc76fedf929d2301f8b0b0a411 0 0 0 0 0 1
train_jpeg/fb49f0ac68ebc19772754e39d4a59329 0 0 0 0 0 1
train_jpeg/66ca165889a2837cc8534141b6441976 0 0 0 0 0 0
train_jpeg/06aa6df528aa6ed39e732b186b38b915 0 0 0 0 0 1
train_jpeg/3a250bb0e3cc59b014e2e2bb6c860fb3 0 0 0 0 0 1
train_jpeg/584ec5b449687a6442a75e7136754aae 0 0 0 0 0 1
train_jpeg/5fbe6cf85ca10f3d7f7d3641178ec31d 0 0 0 0 0 1
train_jpeg/11f544eb47d0dee23c6c1bb95fefda8a 0 0 0 0 0 1
train_jpeg/e0ba9af0459793b1db8b61d44c32fa37 0 0 0 0 0 1
train_jpeg/f36c77c7db094a92be78852831c5207b 0 0 0 0 0 1
train_jpeg/6a490ce94b409d71940fb3b8907f7009 0 0 0 0 0 1
train_jpeg/660d934ad8ecf6701af7eb703e1cb4c8 1 0 0 0 0 0
train_jpeg/c38c9a98d30027a18e88f39346987f78 0 0 0 0 0 0
train_jpeg/9eba0d101f410f9cdfae46cb094ae2a6 1 0 0 0 0 0
train_jpeg/cc47c14b9aa97e08fad1925a6dc1efee 0 0 0 1 0 0
train_jpeg/3a014737300ac63b8c948403c94d7eca 0 0 0 0 0 1
train_jpeg/d0adb7d74759aa5fdcf6216bea6b80c0 0 0 0 0 0 1
train_jpeg/f78e1c855e003640a3d79723f16f5f1e 0 0 0 0 0 0
train_jpeg/8da02e5768e9450fe08639c0e0d39015 0 0 0 0 0 1
train_jpeg/cdbacab6bf30170ef0ba9fd1d195d270 0 0 0 0 0 1
train_jpeg/c865945685e5f2dd91133e6a59a916d0 0 0 0 0 0 1
train_jpeg/6452a9e9489dadc789cb44af7d3dadab 1 0 0 0 0 0
train_jpeg/4ecc578b2d1cdeec78a6fe14346cd148 0 0 0 0 0 1
train_jpeg/3c0343764fd0e6b3edb40b15740a597e 0 0 0 0 0 0
train_jpeg/c3887f72f09c88caa48af0ae58e57da5 0 0 0 0 0 1
train_jpeg/2b729047edae55396dd5a9940b858137 0 0 0 0 0 1
train_jpeg/d907f02b0f0a70c1640620759c5c886e 0 0 0 0 0 1
train_jpeg/f2c0995bf613672b13eb82ee09b1547b 0 0 0 1 1 0
train_jpeg/e13dd07552354a7fd87cd1bbde299d58 0 0 0 0 0 1
train_jpeg/3536be68101ca2383292187ee7ed2927 0 0 0 0 0 1
train_jpeg/4678c2827328c6f8c8d3d654cd6b6d7c 0 0 0 0 0 1
train_jpeg/d439808cf55114c97c3b244c54e5ab34 0 0 0 0 0 1
train_jpeg/358fa87314ddd8d7fed5c15becffd01f 0 0 0 0 0 1
train_jpeg/d81f22275882ba993b3b681a0c99c610 0 0 0 0 0 1
train_jpeg/f71641309f591c6ccd3e0c98ff3d60c6 0 0 0 0 0 1
train_jpeg/0b805259394307f01adc87b57b704602 0 0 0 0 0 1
train_jpeg/8a69b16335e1685947e481570f92b551 0 0 0 0 0 1
train_jpeg/c3adefe651baf211a73e391f3068e916 0 0 0 0 0 0
train_jpeg/0d0e4dbe84356f8ec4a4ff7616b4850f 0 0 0 0 0 1
train_jpeg/a40dd07c44e81c89d5b87e04d4189bba 0 0 0 0 0 1
train_jpeg/a27e1e410b8781494e724ea338af4425 0 0 0 0 0 1
train_jpeg/4cdb45e6b70df67e833f2112abc8b399 0 0 0 0 0 1
train_jpeg/816008f1b6e1fd740b3b52bb9e258377 0 0 0 0 0 0
train_jpeg/25a966a15de00374ae5a09c88fb9d4c9 0 0 0 0 0 1
train_jpeg/9e9cc9d084546cb6d7f7ddba63411a81 0 0 0 1 1 0
train_jpeg/236c84dba2293e1afd669eee1b6511c6 0 0 0 0 0 0
train_jpeg/bb1fb4e9bdbf71ebc22efc7c9a182e59 0 0 0 0 0 1
train_jpeg/abc012252fe22c8e6b94a02baf6a8d71 0 0 0 0 0 1
train_jpeg/c26e56a69570cc6b223f9a6811e29951 0 0 0 0 0 1
train_jpeg/4301ac7c7e65827da8a62e27785f09e2 0 0 0 0 0 1
train_jpeg/6f81edf81b28c3834c758cba1a572e28 0 0 0 0 0 1
train_jpeg/624fadcfe3f204dd43ce49bdce00c0f4 1 0 0 0 0 0
train_jpeg/e4e6a45ca9bfadf6a01e7e451539441a 0 0 0 0 0 0
train_jpeg/e3c632b4a9603af5c3d4fe0a02c87290 0 0 0 0 0 1
train_jpeg/40ea42113164f63625a196207c4bd0af 0 0 0 0 0 1
train_jpeg/1afec08ab61e966e8481c56d2a1c522e 0 0 0 0 0 1
train_jpeg/4754f083c05a37533f4ff8d19c184a2b 0 0 0 0 0 1
train_jpeg/33e5b39e10a9320f227e10abf1c74ab1 0 0 0 0 0 1
train_jpeg/3925524220e998ce7bec943286f63e73 0 0 0 0 0 1
train_jpeg/c3a58d666179065bd87996dbf4c0c133 0 0 0 0 0 1
train_jpeg/75b1cda9857d6c1b9f0bdb21cc42145f 0 0 0 0 0 0
train_jpeg/cfd708bfc4b35a7a4d6aabde5c0799ae 0 0 0 0 0 1
train_jpeg/d621da940921cdda3e7f87f36e9a5f5d 0 0 0 0 0 1
train_jpeg/2270e89ad8e8871f389824307795b3d2 0 0 0 0 0 1
train_jpeg/526bcb4b3ac03245c9d77540cac8d644 0 0 0 0 0 1
train_jpeg/6cbd13b06658fd36d2304b2ae9b82207 0 0 0 0 0 1
train_jpeg/8a04279a3f39ab448af01bf8121c5603 0 0 0 0 0 1
train_jpeg/5f969b2d21c7aaaba017153227f99b9b 0 0 0 0 0 1
train_jpeg/cf62220b6647aa19043a9bd46a04f61a 0 0 0 0 0 0
train_jpeg/a9029c62f52fcd875b4e40d85b0d3b2a 0 0 0 0 0 0
train_jpeg/f2b788aa6c36630eab0bb755f291178f 0 0 0 0 0 1
train_jpeg/be1d8a16c137674a880548d82c4f2983 0 0 0 0 0 1
train_jpeg/3ccfd295989e91336c207424e2311808 0 0 0 0 0 1
train_jpeg/c351e3875444070992012c35126bf41f 1 0 0 0 0 0
train_jpeg/b6c1ab12c31f8330977696c199b0592a 1 0 0 1 0 0
train_jpeg/6136b0372e0182ea0d24b413897d709a 0 0 0 0 0 1
train_jpeg/8dd6a2ac8fe48545dde7105a66435cac 0 0 0 0 0 1
train_jpeg/159c46115f7d74337f83074f1b99114d 0 0 0 0 0 0
train_jpeg/6367b3113d5ad79a60c61516d2055770 0 0 0 0 0 1
train_jpeg/d7f35393ed91b030dbb947661e7ba112 0 0 0 0 0 1
train_jpeg/f3e804892343e3b12e2542939d9101a6 1 0 0 0 0 0
train_jpeg/84e63500db1b13d61e5982941608181f 0 0 0 0 0 1
train_jpeg/0acfd24d0d78cb27f1a97c5d89e43050 0 0 0 0 0 1
train_jpeg/7ea35950b91aa72c0f98b0e225f9651e 0 0 0 0 0 1
train_jpeg/15adb042e5149aca8f045e3fab6cf7f8 0 0 0 0 0 1
train_jpeg/f6811759303019243d487c9f9934e1de 0 0 0 0 0 1
train_jpeg/caff7dec1c6e576d2a6324cc6d19e715 0 0 0 0 0 1
train_jpeg/4e2c6a80ffa0d55135f39a0573f9f58a 0 0 0 0 0 1
train_jpeg/4b6ca2a1a046bd045ea254e6550c8b5c 0 0 0 0 0 0
train_jpeg/d40b35c2f594b89524c67af46ac342f6 0 0 0 0 0 1
train_jpeg/5a8231c748478ef6be5055800a2fce17 0 0 0 0 0 0
train_jpeg/1321c07f9d1b639d364cc360aac4dae3 0 0 0 0 0 1
train_jpeg/f31dd0e07a6342b11cb64cbc8af90835 0 0 0 0 0 0
train_jpeg/7fc40448eac612a6ecae7d18175631f1 0 0 0 0 0 1
train_jpeg/1316359aadd7482ce65a1c623d5fe7d4 0 0 0 0 0 1
train_jpeg/ef9168430cdc998d6ede42e8173ffa5f 0 0 0 0 0 1
train_jpeg/48b4cca3fef302fae60f37abfe5bb461 0 0 0 0 0 1
train_jpeg/2f676a2005a4daf0fd6cba35b6afb730 0 0 0 0 0 1
train_jpeg/65933647740d9c8f86be8010ab756ac8 0 0 0 0 0 1
train_jpeg/7a285cbd9aa6dd6481abd690aa8a0776 0 0 0 0 0 1
train_jpeg/5b96a79b2f850d88b7b265f777bc8da8 0 0 0 0 0 1
train_jpeg/c1c9528727dd016bad131ff8c3863774 0 0 0 0 0 0
train_jpeg/5681acf08a5a878d7f88eaed8ddf16a3 0 0 0 0 0 1
train_jpeg/7ec4a135c83baf0142cb9d7cfc597937 0 0 0 0 0 0
train_jpeg/1a1502956162c21302d1601668a7f565 0 0 0 0 0 0
train_jpeg/7df6813a6a8a0d1dcbe3a5cd58d9914b 0 0 0 0 0 1
train_jpeg/11d86d613e387706418a5a550f03e742 0 0 0 0 0 1
train_jpeg/c9ab0417e432df9f26a815c5bb45a5be 0 0 0 0 0 1
train_jpeg/bdc3c56b0303419cdf72b51c9ae1d088 0 0 0 0 0 1
train_jpeg/f4c97bfedbc71ab64cf312ea2962971e 0 0 0 0 0 0
train_jpeg/1cb2f31d6914dbb6550d2ed5538fc184 0 1 0 0 0 0
train_jpeg/2015d2cd31ec277b7db2e377adc31985 0 0 0 0 0 1
train_jpeg/813a6d586e217397402e45009ec068e3 0 0 0 1 0 0
train_jpeg/992d78f7d7396581dedf62938ded80aa 0 0 0 0 0 1
train_jpeg/2026ba3e6ae94ed9817a5df2cf0d4e27 0 0 0 0 0 1
train_jpeg/b0ffdd76d9b722fc8720913b34d36d03 0 0 0 0 0 0
train_jpeg/47ef9b0009481d207e15dc4b31ab9c2f 0 0 0 0 0 1
train_jpeg/f3e804892343e3b12e2542939d9101a6 1 0 0 0 0 0
train_jpeg/161125d894b855b4e89cfbce0d496781 0 0 0 0 0 1
train_jpeg/5fac2346be7221dbcef8e207253bfb51 0 0 0 0 0 1
train_jpeg/ac74ec4ce879ddfe2cb00be038821457 0 0 0 0 1 0
train_jpeg/d4573dcdd0c4c1ba4db6c952ee2ad41c 0 0 0 0 0 1
train_jpeg/d5dde431a413e1b36e5915f375d36ee6 0 0 0 0 0 1
train_jpeg/a4e387b2c288194660b20ca771d16ad6 0 0 0 0 0 0
train_jpeg/d42c8cdbeea7094d8a3e4899742cdda0 0 0 0 0 0 1
train_jpeg/64745dd6d13744f622c269f3a8e07721 0 0 0 0 0 1
train_jpeg/65629f1b90ec2b7ccc093f8ddfd6a992 0 0 0 0 0 0
train_jpeg/78c27d8de060d9d0b52142ed0cd9e8ff 0 0 0 0 0 1
train_jpeg/27703fc94e8041b5ddf6253efec73e97 0 0 0 0 0 1
train_jpeg/21f4f5c12bd2926d61ba5e544301ebf7 0 0 0 0 0 1
train_jpeg/ac98e2021c6cb0e87d323a712ae1276d 0 0 0 0 0 0
train_jpeg/65fcad08b16eaf43f2f14bcabd9e8e7d 0 0 0 0 0 1
train_jpeg/1fb108b04624f03f75122985270150b9 0 0 0 0 0 1
train_jpeg/302196123af84b5cfb0756a9cb08f170 0 0 0 0 0 1
train_jpeg/aa8fb8e6dfd18bd0fed67ee6d6a4cb71 0 0 0 0 0 1
train_jpeg/a77dcf7159de34ef6208e02257729c41 0 0 0 0 0 1
train_jpeg/101f2420808891cab10b4b2f0c1d2875 0 0 0 0 0 1
train_jpeg/3acf425a6bdaac2e5fa779acf53041cc 0 0 0 0 0 1
train_jpeg/8845010681f45c2c6f2271ac8bebdfbc 0 0 0 0 0 0
train_jpeg/a4a33bef990b7fac8876f44f26b06bbb 0 0 0 0 0 0
train_jpeg/7115757536c23160b8aed5f2f41c9f50 0 0 0 0 0 1
train_jpeg/e5865108d5996040a9d189337a9690c1 0 0 0 0 0 1
train_jpeg/19735d182fff4091e4ec19e851b1d27a 0 0 0 0 0 1
train_jpeg/ec675fa2723a03bd4bc753ca149e9022 0 0 0 0 0 1
train_jpeg/a40a4c976a48e21acd6a2cd3d71cac4f 0 0 0 0 0 0
train_jpeg/7959604f5c1f6b274a0da891bc47aad8 0 0 0 0 0 0
train_jpeg/2708994ae463b9ffb17717edf9895be0 0 0 0 0 0 1
train_jpeg/965d2c73cfa52a84d2f432118434037e 1 0 0 0 1 0
train_jpeg/a0d944e7bc5598c15fa5dc9bb4053bf7 0 0 0 0 0 1
train_jpeg/0cf9a5a8732ff379cff0ac1a1a54634b 0 0 0 0 0 1
train_jpeg/e301d37e30e70046bf72db9a95b2235f 0 0 0 0 0 1
train_jpeg/747ce4b7d59d56bee197ddcbcc18f0d5 0 0 0 0 0 1
train_jpeg/b639f3d4ed55317ece44327b920f564c 0 0 0 0 0 1
train_jpeg/3fcf06bf3f3395ba65a8b648b68e98d4 0 0 0 0 0 0
train_jpeg/64a46917dfbd81f3747a1635f47f622d 0 0 0 0 0 0
train_jpeg/c47d248c49d70684d8638910c126ccae 0 0 0 0 0 1
train_jpeg/0128fe112c2ee94f8ec176109b6ca112 0 0 0 0 0 1
train_jpeg/fd984c0e930169a20e6a2d02e1dab204 0 0 0 0 0 0
train_jpeg/323e8b4d810f8da386942f6973580413 0 0 0 0 0 1
train_jpeg/add8f54131f52bd0ef36a509d9d1fd6d 0 0 0 0 0 1
train_jpeg/7d22a65792f9a803af9324eec9936ece 0 0 0 0 0 1
train_jpeg/bd543583184dde42424b46fdbfff2684 0 0 0 0 0 1
train_jpeg/b0870c67ad05bef4b682eeb988e8a232 0 0 0 0 0 1
train_jpeg/6613d2ede5943105c1e50497fc1e0c8d 0 0 0 0 0 1
train_jpeg/682008cffca1751980b4010f4e82520d 0 0 0 1 0 0
train_jpeg/a34030ca164b1392e6e40f6787d8333f 0 0 0 0 0 1
train_jpeg/472f3026622ada341776f965a62e17a0 0 0 0 0 0 1
train_jpeg/ac577f85ee3ffcf7bce2fc694a158b91 0 0 0 0 0 1
train_jpeg/8a6d2a7785597632c8ee8b7bc1b0ec4d 0 0 0 0 0 1
train_jpeg/550d073e57548eab1948b707b7a96132 0 0 0 0 0 0
train_jpeg/537aabe6c411dcb3dc263ac5e41827ba 0 0 0 0 0 1
train_jpeg/5ffa2d8c4717aa06a6cdec9f74e775c9 0 0 0 0 0 0
train_jpeg/fc9792581d7190c4b20c3e436e2d91bb 0 0 0 0 0 1
train_jpeg/9716055fe6a9b4c87aec4643f18a58c9 0 0 0 0 0 1
train_jpeg/250e4a4bfa51c58093c8a111a6adff14 0 0 0 0 0 1
train_jpeg/2669255639f769ffd6248fc802c55345 0 0 0 0 0 1
train_jpeg/98d44861c84d532bcca874fcde5e5f42 0 0 0 0 0 0
train_jpeg/c1488ee019d770c751f6340afdab5a2c 0 0 0 0 0 1
train_jpeg/b562b9d70a50e0d5a4402f185527354b 0 0 0 0 0 1
train_jpeg/bacf76976dff64f707ced998bda67b43 0 0 0 0 0 1
train_jpeg/876e41e8261b265474fb8989b2233a0f 0 0 0 0 0 1
train_jpeg/77883120bf5c1da35257a52820c6fcca 0 0 0 0 0 1
train_jpeg/345eb9bedef2fdd0d6d16380ca43005e 0 0 0 0 0 1
train_jpeg/91b50dd3d5d98104513ea8d8a12f711f 0 0 0 0 0 1
train_jpeg/ad03b90b3f5f7b7fa7d54674a7abb862 0 0 0 0 0 1
train_jpeg/719ef3ece6314f7962ffe89cfd4cdb7f 0 0 0 1 0 0
train_jpeg/2af4622e013e89aaa57d5091a233d049 0 0 0 0 0 1
train_jpeg/0be45114544283beb4f6d371f946e889 0 0 0 0 0 0
train_jpeg/298e16b43167c0dcad5f436519489f18 0 0 0 0 0 1
train_jpeg/5d092d091cf41b9291d00ff1286589cd 0 0 0 0 0 1
train_jpeg/2d8daf336410cbd18744f0e5cbdfa1d1 0 0 0 0 0 1
train_jpeg/4e02c3b1100ced219b8d06cd65d09425 0 0 0 0 0 1
train_jpeg/ac30ed2b98e5549a216a3b45aa0c86b2 0 0 0 0 0 1
train_jpeg/089a1c26766c10e2d8c4cdb86ed769dc 0 0 0 0 0 1
train_jpeg/f3dc45b4e1efdaf51bc35ab371110877 0 0 0 0 0 0
train_jpeg/04738c36453aa559b68043a2b2d00f7f 0 0 0 0 0 1
train_jpeg/384f1bceb95a5f2dddcd70e000a5051d 0 0 0 0 0 1
train_jpeg/b28339816a52309160153d0e27833cef 1 0 1 0 0 0
train_jpeg/34e635f644f6d4853776e2d74357b239 0 0 0 0 0 1
train_jpeg/c79a0c426c686a8ba6bcefd9ef058886 0 0 0 0 0 1
train_jpeg/8607d78a67d9e9e4f4d11d1edaacf3e8 0 0 0 0 0 1
train_jpeg/78bf8ac7d8db06b8180a3da0c7b54678 0 0 0 0 0 1
train_jpeg/1f804b1fdd2c854f020351e9666f4869 0 0 0 0 0 1
train_jpeg/892dc4c931965fd99bafff6f5d6da534 0 0 0 0 0 1
train_jpeg/e57bcc111a9632e03d191307d5ffbdde 0 0 0 0 0 1
train_jpeg/5cc47ace1265e197b4873d762db8abb0 0 0 0 0 0 1
train_jpeg/54f1231c54cc1a041eadf56fef95bbed 0 0 0 0 0 1
train_jpeg/2fc3eacc653ee1744c94abc813a6f111 0 0 0 0 0 1
train_jpeg/b8a7669b5debce390c877d087380722d 0 0 0 0 0 0
train_jpeg/221c92d2718f1f49ee483ab4afbc7238 0 0 0 0 0 0
train_jpeg/b8dd4f5d47db68c0cc577362828cbc2d 0 0 0 0 0 1
train_jpeg/98d44861c84d532bcca874fcde5e5f42 0 0 0 0 0 0
train_jpeg/b829a8ee3f5ba1d16bc28c47b3d70a34 0 0 0 0 0 1
train_jpeg/4004f114ab2ecb224ac7484957b79ea4 0 1 0 0 1 0
train_jpeg/a72b8929f7addab87c9d2583e66191f0 0 0 0 0 0 1
train_jpeg/425c95d8d95b788f765369fac0f21674 0 0 0 0 0 1
train_jpeg/279912e5dbf2052afeae7d223c380e3b 0 0 0 0 0 1
train_jpeg/b2da731a6a1f3b124158c4747ab422ea 0 0 0 0 0 1
train_jpeg/510cf94dc828c654636613b2d5839cad 0 0 0 0 0 1
train_jpeg/c154dfadd6193efa9b979f5fcecc24af 0 0 0 0 0 1
train_jpeg/1a1502956162c21302d1601668a7f565 0 0 0 0 0 0
train_jpeg/4ad46eb0e6e47dd1b4ca3c493d755341 0 0 0 0 0 1
train_jpeg/a64fc5cd6dcfe7e66a5b64f0b313cfa3 0 0 0 0 0 1
train_jpeg/4e67e6bf89bc680a13cdf9f72cf99423 0 0 0 0 0 0
train_jpeg/4fdff4b47a432825283401995af2a237 0 0 0 0 0 1
train_jpeg/3eaab50f6e8eb3229e752d546e41979b 0 0 0 0 0 0
train_jpeg/2a2d24f9e9397ea669cf6ec9f850c367 0 0 0 0 0 0
train_jpeg/a0d19732d1547a834c59d9302a83aa07 0 0 0 0 0 1
train_jpeg/3b464abb85ca7ca83a105e6057afab52 0 0 0 0 0 0
train_jpeg/1dafb16f8c69e188cf2152200e0cb2ef 0 0 0 1 0 0
train_jpeg/89bffe4da1d64bc75b055b9449169414 0 0 0 0 0 1
train_jpeg/7c5f3e2c0518bba6ca3464c385d4787c 0 1 0 0 0 0
train_jpeg/6e375dadf4d5652262a024c511c56d5d 0 0 0 0 0 1
train_jpeg/f4e19d9d1a1dba4f7491ac88bf894523 0 0 0 0 0 1
train_jpeg/17a5501f21cdd414c44a570ca471e3f5 0 0 0 0 0 1
train_jpeg/68e7f370e1adfae23f17bb0ef8f40573 0 0 0 0 0 1
train_jpeg/c32efafd67a6ae8f74611071954c6485 0 0 0 0 0 1
train_jpeg/18b496f16e2941e5f8e0f7db81d3098e 0 0 0 0 0 1
train_jpeg/84e9f232df2236e9dc7f7f472ff26bee 0 0 0 0 0 1
train_jpeg/30c34393c4ba548104b8a65aa2fd76bb 0 0 0 0 0 0
train_jpeg/324c95fc84fb0b3c3a8808fccb459434 0 0 0 0 0 1
train_jpeg/7da8cf1d4261791fbb0bae6f6bdb33ec 0 0 1 0 0 0
train_jpeg/451dc73713a903ea09bb57cd6ba5639a 0 0 0 0 0 1
train_jpeg/23fcdb51ca6f2495a08911d8bd8f19e8 0 0 0 0 1 0
train_jpeg/d928d4b3bdb18a2d7ffeeada9a4967ae 0 0 0 0 0 1
train_jpeg/5613c1062034062f5eda252ecc07bfb0 0 0 0 0 0 1
train_jpeg/339e573d018b874c8eb33dc7c1bc7029 0 0 0 0 0 1
train_jpeg/77a86229631c04f92af02336b28db006 0 0 0 0 1 0
train_jpeg/0f492b0760a2c4894f9f34c5e99837d5 0 0 0 0 0 1
train_jpeg/00dc70e84d141255f7fc6f8038bdd72e 0 0 0 0 0 1
train_jpeg/0ef13359541e4c9886d255ade0a95aba 0 0 0 0 0 0
train_jpeg/26f7c0a4c5d0d1bfb26f5774637361bb 0 0 0 0 0 1
train_jpeg/570ff043568e88ee3792b8805e145485 0 0 0 0 0 1
train_jpeg/65a3340f4a27e5bd9a4c36a0ae157adb 0 0 0 0 0 1
train_jpeg/0e1db1a49e1775df6b9e971869600d9f 0 0 0 0 0 1
train_jpeg/81314db8b8a964015628efa277e1d7db 0 0 0 0 0 0
train_jpeg/2b4cc90d8da5aed26cdc3bb1f39e9f55 0 0 0 0 0 1
train_jpeg/78715f56ef29b98a057715eaeed60228 0 0 0 0 0 1
train_jpeg/3b87310521f1d17367a581fc6e0eb19d 0 0 0 0 0 1
train_jpeg/a76081b8174243ba3eba3a2e02e625f4 0 0 0 0 0 1
train_jpeg/f1b743ce8d76f083d3e87da80f1dd522 0 0 0 0 1 0
train_jpeg/87f7997c901c0026e338e6f6d79b385f 0 1 0 0 1 0
train_jpeg/6053ed3bc7eded1a2c5ff06b2b37d318 0 0 0 0 0 1
train_jpeg/2f479f67c2228f246b889508f794b785 0 0 0 0 0 0
train_jpeg/a0393d3ebb8b24166a5aac81971bbb4a 0 0 0 0 0 1
train_jpeg/364d90c3c45c57222565679c2503fb58 0 0 0 0 0 1
train_jpeg/2561ba15f063a8e3a0322ad943738bb5 0 0 0 0 0 1
train_jpeg/d417208e0bdc929e09db38ba0c394f10 0 0 0 0 0 1
train_jpeg/7fb9d1da7ab59dba05ff2ad479b2d7e2 0 0 0 0 0 1
train_jpeg/bb622ba843175245222c40d8e962370e 0 0 0 0 0 1
train_jpeg/37a92825a91afad20459a69b0f61967a 0 0 0 0 0 1
train_jpeg/8f572ec6313554380c112b06168aed35 0 0 0 0 0 0
train_jpeg/ed06295915b52f5fcc88e158ab0c7100 0 0 0 0 0 1
train_jpeg/cf8880232b3dcf3493a2b19ee2ed5167 0 0 0 0 0 1
train_jpeg/fb9a4337cda28860cf8bb3eb42e27271 0 0 0 0 0 1
train_jpeg/a33ac819aea24b063aab9760eb32a7c3 0 0 0 0 0 1
train_jpeg/d9dac94bf3573bec6c2cfa8fb842ab58 0 0 0 0 0 1
train_jpeg/dd3e6f5e23e091cc2bd5d73df7af25ea 0 0 0 0 0 1
train_jpeg/3cfb18675d613c5c42d55faaf6a75afd 0 0 0 0 0 1
train_jpeg/0b4729e08dbd4e916a32804f943853f2 0 0 0 0 0 1
train_jpeg/00f14d2898f10c7019b359958e6bc3c4 0 0 0 0 0 1
train_jpeg/3bc2e1cb9a227c162900a57fb5acd0cf 0 0 1 0 0 0
train_jpeg/f55460fccf2d3c591f57f9c0de2c37c2 0 0 0 0 0 1
train_jpeg/d3b82f17d58da80f02e2b0812606cee2 0 0 1 1 0 0
train_jpeg/0647eec06157a83b524df13f045d1fd7 0 0 0 0 0 1
train_jpeg/7fc40448eac612a6ecae7d18175631f1 0 0 0 0 0 1
train_jpeg/9c1746851ce4dc66275f839fb1627ef0 0 0 0 0 0 1
train_jpeg/47c99f1ff7abe52d6dcdf4414db20e2c 0 0 0 0 0 1
train_jpeg/340162a33a2a57d13809cb19d818c6d8 0 0 0 0 0 1
train_jpeg/b7b84cc718930bb70aa2fdcb53cfb98e 0 0 0 0 0 0
train_jpeg/e63d6b06b0503ba996ed9d47e08e06ba 0 0 0 0 0 1
train_jpeg/3f3dd7bdb88119b115e7f53c6016f728 0 0 0 0 0 1
train_jpeg/67057ef0cc2693cd003e2f7240681005 0 0 0 0 0 1
train_jpeg/285eb72532207394c338cb6c08bc954c 0 0 0 0 0 1
train_jpeg/2591164d62a43e6d97a560800247cd5e 0 0 0 0 0 1
train_jpeg/5ba3c5d4c87aeca558d9f2d452854085 0 0 0 0 1 0
train_jpeg/ed36dcd39c6797ee72ba8d30b9b01c42 0 0 0 0 0 1
train_jpeg/414615baf78e32f3405cbcf5b742895d 0 0 0 0 1 0
train_jpeg/6ab95c0f04cb1c61e635ba82b76df6b9 0 0 0 0 0 0
train_jpeg/e169b248a5d93da7d32034f654a4ce2d 0 0 0 0 0 1
train_jpeg/bf0ac90b81bd62e7444fbe3142506e3d 0 0 0 0 0 0
train_jpeg/1fcceea02142af619405d89b9ee156fc 0 0 0 0 0 0
train_jpeg/f5659dca0a38527e901ecb2c4c30ed6c 0 0 0 0 0 1
train_jpeg/4bd8b64c77172aa547dd10fa5429eb04 0 0 0 0 0 1
train_jpeg/25c1e77ffbeb8769333cda7be2a7fb3b 0 0 0 0 0 1
train_jpeg/67533fa705019e473c1609ec6ed294d8 0 0 0 0 1 0
train_jpeg/9150f45dc96c615a1a26387f42ad7bea 0 0 0 0 0 1
train_jpeg/aa8be9c5687f9d0804a7a7ca59bdcc17 0 0 0 0 0 1
train_jpeg/8c83bbb64a1211b854a10cd1cdde912e 0 0 0 0 0 1
train_jpeg/92b15b49050a939eb59ce2583ad9b716 0 0 0 0 0 1
train_jpeg/7373ee41d3eb0fa9e36b1329d5f21c97 0 0 0 0 0 1
train_jpeg/ccd70de6ae7c5e8e3d4db38cbdbbfc21 0 0 0 0 0 1
train_jpeg/179fe3a05143aafece2a326eb982ddc0 0 0 0 0 0 1
train_jpeg/eda980fcb1d6755bd140b5f0fa750360 0 0 0 0 0 1
train_jpeg/fb40ca51c74b4be05cc855629211b406 0 0 0 0 0 1
train_jpeg/036b25227b09494cafad4c22570fb7a1 0 0 0 0 0 1
train_jpeg/35388720c654dc329d698234c3205892 0 0 0 0 0 0
train_jpeg/f0612b759b3b7f38573ff9bc6297b7aa 0 0 0 0 0 1
train_jpeg/fc804c71fbd85e74afaae31f790618f7 0 0 0 0 0 1
train_jpeg/963963c02a17bf2177b57058f5c088ad 0 0 0 0 0 1
train_jpeg/7d610aae49bf4f979e16c2d8859f5f87 1 0 1 0 0 0
train_jpeg/aa6475267e83947ee5078281a7ff3df3 0 0 0 0 0 1
train_jpeg/5d262e61cd37483a1110e0adfb1b0aa2 0 0 0 0 0 1
train_jpeg/aea448a9f33bf9919de6c74e0aa488e7 1 0 1 0 0 0
train_jpeg/03afb1504eea39a3a1868dd8c050e313 0 0 0 0 0 1
train_jpeg/aa974c2b6ea5fcf05bab269a9c9d4437 0 0 0 0 0 0
train_jpeg/3698c14d8a76caddd0c6f5a958b2f9b0 0 0 0 0 0 1
train_jpeg/b5a3de338d33d96e3bfa129f7a4172ca 0 0 0 0 0 0
train_jpeg/42c049fd05428f7d606e9da4a95a8c3b 1 0 1 0 0 0
train_jpeg/5613c1062034062f5eda252ecc07bfb0 0 0 0 0 0 1
train_jpeg/ba067ae39c27a29ab9931d5aa25e9243 0 0 0 0 0 1
train_jpeg/83a177262aeb002703fb62d5694051f6 0 0 0 0 0 1
train_jpeg/897d47605edbf09a2df16a94b11fe51b 0 0 0 0 0 1
train_jpeg/96632a14b81e14539d4bf34e04954312 0 0 0 0 0 1
train_jpeg/cfcd11e1470297208eb39c9e82d6618a 0 0 0 0 1 0
train_jpeg/982f677d3e934cc99a7560f143b7eb49 0 0 0 0 0 0
train_jpeg/3776c22d10dcc44c0eb8bc6695d971c6 0 0 0 0 0 1
train_jpeg/2e4419b8c1f923cff2781be045f4e0d5 0 0 0 0 0 1
train_jpeg/5c5692c89519d119928a04d16613b55b 0 0 0 0 0 0
train_jpeg/72dba276d1673ef009c04d2c8a7e3238 0 0 0 0 0 1
train_jpeg/309477b0f202f3b333c6b006734e4570 0 0 0 0 0 1
train_jpeg/9442ea6c07348514a3f2231dc38454ed 0 0 0 0 0 1
train_jpeg/08f84015dd3811451c7a99f3357480be 0 0 0 0 0 1
train_jpeg/0697473448bb5e83ac926fe92271e7d8 0 0 0 0 0 0
train_jpeg/be0f83e72885a4e4baab1892305ca060 0 0 0 0 0 1
train_jpeg/0760fe6c93bbd24e53213405de113a76 0 0 0 0 0 1
train_jpeg/b3cd7935e258b4c609fcd0ee48b5d2ea 0 0 0 0 0 1
train_jpeg/f8e4280d43baa3b536d1ed937672ff93 0 0 0 0 0 0
train_jpeg/e1c88be08dcb3f9baca7cb67c77fbcf9 0 0 0 0 0 1
train_jpeg/56c3324444472cec9277a83158192c63 0 0 0 0 0 0
train_jpeg/0ee9cd1ab91572c302f60669056aa3f2 0 0 0 0 0 1
train_jpeg/2285e92d66a166fa72444a73f4c5fc52 0 0 0 0 0 0
train_jpeg/3fe05cdb192edd7078d911a3bf674547 0 0 0 0 0 1
train_jpeg/e1a4dd4c30b1757eafb095021def4d63 0 0 0 0 0 0
train_jpeg/0d3965f7f328a308990e9a37eeee08fd 0 0 0 0 0 1
train_jpeg/8f2f0fd9dfa82786b2c02b4a2df53dc1 0 0 0 0 0 0
train_jpeg/72c5f2b4f158580129b2508a853c3439 0 0 0 0 0 1
train_jpeg/61d584d7b486245f3e861371fcf7da9b 0 1 0 0 0 0
train_jpeg/bc5e96f2914bf54bffbba0ee9322d116 0 0 0 0 0 1
train_jpeg/85e4008def6c48bf43bcf70a5d1e2273 0 0 0 0 0 0
train_jpeg/6fb55d54b54b05b50913b456d1b5d0cc 1 0 0 0 0 0
train_jpeg/26a2c28022c4eb76848703d3bd669562 1 0 0 0 0 0
train_jpeg/17f57814aa95b2294e9fd97cc27c995e 0 0 0 0 0 1
train_jpeg/0ae5b1fd17fa6ddd9cf61e774e8af122 0 0 0 0 0 1
train_jpeg/4fd2276eac936187164ccd09db6a5c4d 0 0 0 0 0 1
train_jpeg/01a318b645d42db0cdcaf9a0b7605723 0 0 0 0 0 1
train_jpeg/018a2fe44c3451281ec338c27ecc9c53 0 0 0 0 0 0
train_jpeg/3f59f95dab9548ad6cbbd7eec034bd57 1 0 0 0 0 0
train_jpeg/2629bdbb567e4cf793c0b42b0c3d92cb 0 0 0 0 0 1
train_jpeg/d593950d521cc08356d710dc4a68b73d 0 0 0 0 0 1
train_jpeg/6d773909809d6b8d0936dd18b2b2ba79 0 0 0 0 0 1
train_jpeg/545b8572f049a9d9a9433bf89a543292 0 0 0 0 0 1
train_jpeg/41c5464286501600f3a4c2f7a5c4c9e3 0 0 0 0 0 1
train_jpeg/71ab1b7b29ed23f9c8a5ad1db0e2cbf5 0 0 0 0 0 0
train_jpeg/a55870e18b1417f33b4d544c5893fe59 0 0 0 0 0 1
train_jpeg/285c0fc6aaf6e30fc5a182b4937f90b6 0 0 0 0 0 1
train_jpeg/4d88ede382258cdf9b4cef728d9fd8dc 0 0 0 0 0 1
train_jpeg/d7049d549349da79c6fce9744a52e470 1 0 1 0 0 0
train_jpeg/0d266f5353352d86d3c092da96dc67f5 0 0 0 0 1 0
train_jpeg/7fd2b33ac919d2d1b4ec6d4098256e59 0 0 0 0 0 1
train_jpeg/e6e678e7980816f24d50cf4ba20e67bb 0 0 0 0 0 1
train_jpeg/77eeda623bcc59af35303206f55e88a1 0 0 0 0 0 1
train_jpeg/7a285cbd9aa6dd6481abd690aa8a0776 0 0 0 0 0 1
train_jpeg/2701ad8a2b944ab70d52c1b14abb2bf0 0 0 0 0 0 1
train_jpeg/fb16b22a22ab5aa31e8de22118a8183c 0 0 0 0 0 0
train_jpeg/3b3a5593272c4440893c3acca186d897 0 0 0 0 0 1
train_jpeg/7c86d81fde13d05ea937c0d52fa7dfac 0 0 0 0 0 1
train_jpeg/bb8f70bb23d06edce7b87df6f529d0b4 0 0 0 1 0 0
train_jpeg/258d918ebb5b4e4d13e381f0df399b5a 0 0 0 0 0 0
train_jpeg/0eac4cf8618d5e582c336217d0291f25 0 1 0 0 0 0
train_jpeg/a6c61605383b3450b50875697136f5f9 0 0 0 0 0 1
train_jpeg/27ca6b9bd9b4c1f284e450201cfc4613 0 0 0 0 0 0
train_jpeg/b7f9aa509144721873fe4148867a683d 0 0 0 0 0 1
train_jpeg/d89214c6ee204a7d8d216dccb17fb0cb 0 0 0 0 0 1
train_jpeg/4d4bffa2926bfcb4851b5e968136b047 0 0 0 0 0 1
train_jpeg/835b2647ac2c4168fd8ee19431cfb47b 0 0 0 0 0 0
train_jpeg/95bbadf9fca1ad13b442ab060935e06c 0 0 0 0 0 0
train_jpeg/7944aab8e3c02270d273b8b65fad7305 0 0 0 0 0 0
train_jpeg/6a7476a0c06dab9c750c77175dc77ffd 0 0 0 0 0 1
train_jpeg/edd5c7d4d08bce0f94b0eb8b76bc450a 0 0 0 0 0 1
train_jpeg/86999ecd6a24bdeee4f4abaedc058ae4 0 0 0 0 0 1
train_jpeg/91c5f8decf441bfaf7c89e7c3dd06fd9 0 0 0 1 0 0
train_jpeg/743601b5826b3d21eab4b1b90ed73bc3 0 0 0 0 0 0
train_jpeg/4db39daa428ae70f35510d3f559d86c0 0 0 0 0 0 1
train_jpeg/7ef33b98e713d60a55e8d7003abdad14 0 0 0 0 0 1
train_jpeg/5cf56433d25338e9606fb511c5e23bf3 0 0 0 0 0 1
train_jpeg/c53c0ea37f2aaefd54be6ee010a4f3c8 0 0 0 0 0 1
train_jpeg/a52d6fa5d0fad69daf5cfadd32115bf1 0 0 0 0 0 1
train_jpeg/e1d60fdb0e8b11d6198093e11afb562b 1 0 0 0 0 0
train_jpeg/699168263676809f088d9c7b9769b283 0 0 0 0 0 1
train_jpeg/279c7b9c6fedf2cf3316cab1c24e66c4 0 0 0 0 0 1
train_jpeg/9cb2caee92dbc3f4567df483ae880a6a 0 0 0 0 0 1
train_jpeg/0478932c2e3ef9f5492e38b52bfc5d94 0 0 0 0 0 1
train_jpeg/55829564c66e84e500a394a90ed8d5df 0 0 0 0 0 1
train_jpeg/6781a5fd25e2688ae5f8573837f89b6a 0 0 0 0 0 1
train_jpeg/addf6c497e75fe3fe155536ce2b749c8 0 0 0 0 0 1
train_jpeg/aea448a9f33bf9919de6c74e0aa488e7 1 0 0 0 0 0
train_jpeg/3e977f48ab070b3cf0f6e7dc50c207d9 0 0 0 0 0 1
train_jpeg/2618c4774068c89d6eb6627692a2c6da 0 0 0 0 0 1
train_jpeg/21cc15968368582b548bdc50f24d1ce5 1 0 0 0 0 0
train_jpeg/aebe06d9e107c4bc08bf3054347f8e7b 0 0 0 0 0 1
train_jpeg/4b9ee23b2f17c3621158a9bef81cf86b 0 0 1 0 0 0
train_jpeg/acee6874ca0893a1f4d3692a7c08013b 0 0 0 0 0 1
train_jpeg/34e932d09ab7cbec0edaaf188dc8a407 0 0 0 0 0 0
train_jpeg/35587a8b8b325a6f2179d33bd26aa0fe 0 0 0 0 0 1
train_jpeg/492bc09a9ea6dacc2a35e890caf4e937 0 0 0 0 0 1
train_jpeg/6ab95c0f04cb1c61e635ba82b76df6b9 0 0 0 0 0 0
train_jpeg/d621da940921cdda3e7f87f36e9a5f5d 0 0 0 0 0 1
train_jpeg/3daa0e551477dbb5c10280fd744c4087 1 0 0 0 0 0
train_jpeg/f8f3bf0d3d08f814e2764470681998a4 0 0 0 0 0 0
train_jpeg/0a16dc6491142ff8c7c36f3b3f4ebd02 0 0 0 0 0 0
train_jpeg/614b0af08224c7163278ff78abc8bad7 0 0 0 0 0 0
train_jpeg/1b070a44c3458e1639f1872768edacde 0 0 0 0 0 1
train_jpeg/ad2667570c5af6029b7fdd5686fcdea3 0 0 0 0 0 1
train_jpeg/8ae8a13afdf7047c078ff6781a6b9e4a 0 0 0 0 0 1
train_jpeg/310c786eccfed6cb9c04cf9e2d31a5fa 0 0 0 0 0 0
train_jpeg/9d512a5cbc6ca1d4dc83eb25ec29b8ec 0 0 0 0 0 1
train_jpeg/15a12089e9c773cb200ee8959740e1b3 1 0 0 0 1 0
train_jpeg/49eebefcfec20d1e94df3fe97f3464fa 0 0 0 0 0 0
train_jpeg/4890b105c1f8c0291c6a00a47ce7332b 0 0 0 0 0 1
train_jpeg/acee6874ca0893a1f4d3692a7c08013b 0 0 0 0 0 1
train_jpeg/4121bcc480ea2566642d39ad40f5b1dc 0 0 0 0 0 1
train_jpeg/00958b3a4705cddb0d3d3b1a2c806f26 0 0 0 0 0 1
train_jpeg/12090ce5aac57bf0012d16b6d100d84b 0 0 0 0 0 1
train_jpeg/525c3c02095b734f5b161154df894b65 0 0 0 0 0 1
train_jpeg/6644b267058ae9b1d8b10ff905879bca 0 0 0 0 0 1
train_jpeg/4b6420b930df7a0b2b4d64fb1be5a796 0 0 0 0 0 0
train_jpeg/1516651227a420f879b4cea1500ee7db 0 0 0 0 0 0
train_jpeg/47413ec6c79b4795ea7849cea26ece84 1 0 1 1 0 0
train_jpeg/09b85abab0d2b7f151815538100717b2 0 0 0 0 0 0
train_jpeg/77c56551375e4c0823a042fdf3d226a1 0 0 0 0 0 1
train_jpeg/697de4d64d3d8b4f13fbafab144c9b76 0 0 0 0 0 1
train_jpeg/8580fcdc52d9484496469f85973767f9 0 0 0 0 0 1
train_jpeg/2430c41575f7b06481ae309478ba7f15 0 0 0 0 0 1
train_jpeg/2bb05fadd8d49270b39cf55b403d3e37 0 0 0 0 0 1
train_jpeg/bc2e0835298890d24f1bea40167610b0 0 0 0 0 0 1
train_jpeg/b62cf5cdba136db74de102d0c008f83e 0 0 0 0 0 1
train_jpeg/384088f50cb9ae1ba51334e3e38d33ce 0 0 0 0 0 1
train_jpeg/f950cc15d42e3f0d10268f87907d70e0 0 0 0 0 0 1
train_jpeg/6eec3fd09b4a8334a2cc5cb233228a6a 0 0 0 0 0 1
train_jpeg/bc50081b805b4004824dbc23b694888e 0 0 0 0 0 1
train_jpeg/57d537d956b0881fda614facacdd4408 1 0 1 0 0 0
train_jpeg/82c8e033e6fde13b0bf365370407d342 0 0 1 1 0 0
train_jpeg/fbd897fc62fa777478c63fb052fe149e 0 0 0 0 0 1
train_jpeg/89bab84561df6af7b88b6a7d05254725 0 0 0 0 0 0
train_jpeg/f1cbcf9205d98d491f92f5aec2cd08a5 0 0 0 0 0 1
train_jpeg/2ad18a594cbaf3c6d6145a7775829554 0 0 0 0 0 0
train_jpeg/24eb901ffcdde574f77f51d8ff330be8 0 0 0 0 0 1
train_jpeg/f1b743ce8d76f083d3e87da80f1dd522 0 0 0 0 1 0
train_jpeg/fbf60b1cc54f09f8673325b33ab09e3c 0 0 0 0 0 1
train_jpeg/5da264775732004f1b724b660138854a 0 0 0 0 0 0
train_jpeg/a4bf2029dfdd687dd7b4567b159a4121 0 0 0 0 0 0
train_jpeg/7f77642e1e77897f5bc2545278153c40 0 0 0 0 0 1
train_jpeg/68ad460a32591dc2d5d522e9c913cad8 0 0 0 0 0 0
train_jpeg/f4962890f0c6db4611fec9d3d0e97ea2 0 0 0 0 0 1
train_jpeg/fae791842eae77f2f91594b46f219382 0 0 0 0 0 1
train_jpeg/c332d336996b56e400e2a8efdbc9abf7 0 0 0 0 0 1
train_jpeg/9fe9ad7f90d3f661763e9f96d95c1a56 0 0 0 0 0 1
train_jpeg/6aef9295c77bdb3b17320cbd587963ba 0 0 0 0 0 1
train_jpeg/75ed9329d92e12a8d1eb26cdaa0c5094 0 0 0 1 0 0
train_jpeg/1fc991b32cc74cd90feb7ed007fef755 0 0 0 0 0 1
train_jpeg/80caa435b6ab5edaff4a0a758ffaec6e 1 0 1 1 0 0
train_jpeg/f0591ae18efc36ec22302f52a8ad7667 0 0 0 0 0 1
train_jpeg/0e9d8df127d9e6abc3a3a053ecd8ae06 0 0 0 0 0 1
train_jpeg/43f2bb7edda429b9d5970c0e1a22207f 0 0 0 0 0 1
train_jpeg/f58e50c4d7e818b02f28e52fd6f2a9f2 0 0 0 0 0 0
train_jpeg/ed6f20cff422347c954f41eac82fac8b 1 0 1 0 0 0
train_jpeg/f76a251ff4f0a7b24db75e79d0a4fdcf 0 0 0 0 0 1
train_jpeg/06c585d390e6e6ddd213f2715c367601 0 0 0 0 0 1
train_jpeg/2df2cd03d68301d17fc1aa4daf8282be 0 0 0 0 0 1
train_jpeg/51c6734c151658e86413813899a155f2 0 0 0 0 0 1
train_jpeg/b11960f23db725bb4ba6f6741586a5f7 0 0 0 0 1 0
train_jpeg/b5d59457d94e1a945df32a7b4f977b4f 0 0 0 0 0 1
train_jpeg/f289d19e4b47b6f38bc2dca65d2d40bd 0 0 0 0 0 0
train_jpeg/d0a21c90766c6f054eddf748610ff98c 0 0 0 0 0 1
train_jpeg/61d9e4505c1f8391ce055d3ce793a899 0 0 0 0 0 0
train_jpeg/5aecc5225e964b374ba204a7188107db 0 0 0 0 0 1
train_jpeg/f9ed3bb4d581e085c189f563936b147d 0 0 0 0 0 1
train_jpeg/6a956ce4e56235dd8de081a965a36c2a 1 0 0 0 0 0
train_jpeg/e68d59b64350acbd47e5a05d03ba1e0a 0 0 0 0 0 1
train_jpeg/0f3b0c1a84dad0b7dcb76973836c0618 0 0 0 0 0 1
train_jpeg/ab8a259c13e6ea06db5c58091de7b419 0 0 0 0 0 1
train_jpeg/1f65f42456c5ee5b7f14ddee95c88726 0 0 0 0 0 1
train_jpeg/ac77155e8aea752d32fb1448c99a533b 0 0 1 0 0 0
train_jpeg/ecf77015c4246cb2c826dc281998037e 0 0 0 0 0 1
train_jpeg/b9dcdf502ae1e01ef2ddf1a850321f6d 0 0 0 0 1 0
train_jpeg/2dd1a6606ae8f23a5912114dd69cec94 0 0 0 0 0 1
train_jpeg/37f7e5fce42c1b3d1acc91e9ff43fe02 0 0 0 0 0 0
train_jpeg/c49025cffaa4b315afbc9bb2bbdb1465 0 0 0 0 0 1
train_jpeg/9ef084b09e407e4f8f00932602d1a88d 1 0 1 0 0 0
train_jpeg/b79e4a0140ad6e02038d6de55ab1a3fb 0 1 1 0 0 0
train_jpeg/6169a23ddc77907bf5b9dce977ae36be 0 0 0 0 0 1
train_jpeg/30b7c5887272f0d0fd2b78925dfd7518 0 0 0 0 0 1
train_jpeg/7037f2cc04e70b2e52c93ab38d10e19a 0 0 0 0 0 1
train_jpeg/c4693c93904132e44a2826e277b3b5da 0 0 0 0 0 1
train_jpeg/01014f8d2c30a1fabc30f28e7de53467 0 0 0 0 0 1
train_jpeg/d5eaa2c2ae8e05956394f24470224843 0 0 0 0 0 0
train_jpeg/f345c9caf6c388069ca35fcc4bb52001 0 0 0 0 0 0
train_jpeg/3662614c2805876e2b98d4ea11e31fcc 0 0 0 0 0 1
train_jpeg/995533127aa50c3b1a64829055850319 0 0 0 0 0 0
train_jpeg/d469bfee3721c94c801396d0a592ce9f 0 0 0 0 0 1
train_jpeg/33cffa5ef42f15c6dbab82fd4da1b348 0 0 0 0 0 1
train_jpeg/08442bce192528f64b24ec9222f44044 0 0 0 0 0 1
train_jpeg/5751304292428d7bfa96b17a5b9d22b9 0 0 0 0 0 1
train_jpeg/8419a549ed9ffd890a0354a0d4eac83f 0 0 0 0 0 1
train_jpeg/5002ee95c82607e1b6811d1d6b6d0499 0 0 0 0 0 1
train_jpeg/098dbc2e6f9cc6d646fb0720cf80789c 0 0 0 0 0 1
train_jpeg/2cc3814230a2b9a7c532d77dc962870c 0 0 0 0 0 1
train_jpeg/2ce046da31101c578df3349c36f325a1 1 0 0 0 0 0
train_jpeg/d21f66ca95779da134369e279004ef03 0 0 0 0 0 1
train_jpeg/2bbc70a53b95a48d269d4076cfff4d78 0 0 0 0 0 1
train_jpeg/61d21c0ea3c0e8904647974163dcbefe 0 0 0 0 0 0
train_jpeg/4d50404bd9b5f0a330835aecd681067c 0 0 0 0 0 1
train_jpeg/137bd68875a086c43c2f2693e423ba19 0 0 0 0 0 1
train_jpeg/10481bbf2c17d9d41683301f92a9c26d 0 0 0 0 0 1
train_jpeg/a65386d9ea93776dbb455490a316031a 0 0 0 0 0 1
train_jpeg/1de5b4c6c661ca860685dc476efb9b63 0 0 0 0 0 1
train_jpeg/565a05fe974fa869569d974b10f27cf3 0 0 0 0 0 1
train_jpeg/a652db62c7bd93e13633f707ce208cc9 0 0 0 0 0 1
train_jpeg/705cd5032d85ea8054d447cb28ab79e4 0 0 0 0 0 1
train_jpeg/9462ea761ace07783a696c6b876380d2 0 0 0 0 0 1
train_jpeg/8fb5356727d6147b99fea57e012b0b64 1 0 0 0 0 0
train_jpeg/0c2b96e2f30e34dd68b2075b83b0db25 0 0 0 0 0 1
train_jpeg/7fc7aaf8e46d488234be52ae5976d73d 0 0 0 0 0 1
train_jpeg/2e437c0e2c0c7d55b72d6fdf04cfcaf9 0 0 0 0 0 1
train_jpeg/a5e363abd637698b9113973ccd5c663e 0 0 0 1 0 0
train_jpeg/5d9843339aaa8ebfab3acaacc572e1aa 0 0 0 0 0 1
train_jpeg/1d74c92a1e6adfcb63162f9b72edfc56 0 0 0 0 0 0
train_jpeg/8eb496d5dd817b996672eab35e7de8f4 0 0 0 0 0 0
train_jpeg/65f20aa52e358f08999408baf843c0e1 0 0 0 0 0 1
train_jpeg/8448867ddbba0f6ee5072f8c4d633f3c 0 0 0 0 0 0
train_jpeg/6c4e3ecdd85336bbdc77a16f7d8eb1bc 0 0 0 0 0 1
train_jpeg/68669ec2e73171c79b6f9d2225fbd4f0 0 0 0 0 0 1
train_jpeg/8b57f0531ca5bebdabfcfb5e2b531358 0 0 0 0 0 1
train_jpeg/c8f8879d41d18802e1eac91792aab861 0 0 0 0 0 1
train_jpeg/b698a07a2dabf0e78505c2cc06e10b3f 0 0 0 0 0 1
train_jpeg/2575c2c2b42a316dada58c33b80170e1 0 0 0 0 0 1
train_jpeg/a0348415e6b96ae019627d01bf8e6e8c 0 0 0 0 0 1
train_jpeg/c50bb66530634bfac9d5487a607e8211 1 0 0 0 0 0
train_jpeg/301e30589376d76ac096d2b27289f2be 0 0 0 0 0 1
train_jpeg/ab55fddd03c8a0b65d19a4fd7a27f810 0 0 0 0 0 1
train_jpeg/ecf474d5d4f65d7a3e23370a68b8c6a0 0 0 0 0 0 0
train_jpeg/142c40f682be5393eabfbaac162c7e1e 0 0 0 0 0 1
train_jpeg/52fda5f8cf77bdb39df6f31c104d25d4 0 0 0 0 0 1
train_jpeg/69a409527a84e1806724c21f17d2bb7c 0 0 0 0 0 1
train_jpeg/ab39f5256d8cd84c1704757c4ae2b49c 0 0 0 0 0 0
train_jpeg/c323203fff69b129f3aadbf66dada2cd 0 0 0 0 0 1
train_jpeg/6917489611bdfdf75a56fa22a8c7fbe3 0 0 0 0 0 1
train_jpeg/ac242065edfab4f95bd080fb266f6b42 0 0 0 0 0 1
train_jpeg/c036e8383073f6b8a3912f6642769e54 0 0 0 0 0 1
train_jpeg/47188d0c91088558e62b52f1c9f06b0d 0 0 0 1 0 0
train_jpeg/38ec375050f7c2bedcb4d1e1e7bb4e12 0 0 0 1 0 0
train_jpeg/7b7db13001d2097015ac25661ffaee3b 0 0 0 0 0 1
train_jpeg/be97043265be8c30ef57f278b3ca24b2 0 0 0 0 0 1
train_jpeg/5c90e7611ea68b1c7eaff09690e8a3a0 0 0 0 0 0 1
train_jpeg/36429387a098976713296f2beae8063a 0 0 0 0 0 0
train_jpeg/9b44eddd5b59cd65d92366f27290d949 0 0 0 0 0 0
train_jpeg/8e488f665a7c5b87299de991ba38ac5a 0 0 0 0 0 1
train_jpeg/6d58e4bb28efa358fbce1c94e6b15efe 0 0 0 0 0 1
train_jpeg/09d0e96d821aa1a94c1c33f6325ed851 0 0 0 0 0 1
train_jpeg/bd9a36751bd5e18301fadf3e7bbff29c 0 0 0 0 0 1
train_jpeg/bf708c6de53f4a81400c8302ea60e160 0 0 0 0 0 1
train_jpeg/3d13a22e76206fe0ec7290d11675fc55 0 0 0 0 0 1
train_jpeg/24a83567c34851d7e8dcdcc6bf2e2833 0 0 0 0 0 1
train_jpeg/a3a1000d17375a1cc9a5b9b0c5140d77 0 0 0 0 0 1
train_jpeg/201fe56b23f0d58ff4991763af834267 0 0 0 0 0 1
train_jpeg/a6adbed163583ebad6e6f761611d02ef 0 0 0 0 0 0
train_jpeg/5bb68aea19f6eb00d28d0e6386afecfc 1 0 1 0 0 0
train_jpeg/3a57be55d3cf1302f582fb95c86e9446 0 0 0 0 0 0
train_jpeg/4d04aedeba9109127692f5b1aab61153 0 0 0 0 0 1
train_jpeg/d647ae4618fc943d965b25c3aab3fb4c 0 0 0 0 0 0
train_jpeg/7ca08fd497950fb5cbec73a62cdf8971 0 0 0 0 0 0
train_jpeg/0339aac16e3dd93ee397315a224147a6 0 0 0 0 0 0
train_jpeg/ee7cc34733914fd5924eb5d75a27fba3 0 0 0 0 0 0
train_jpeg/48774729b8921e024731f773e541d248 0 0 0 0 0 0
train_jpeg/232e2fa1bdce6cabd9466438ccc3f736 0 0 0 0 0 1
train_jpeg/1381bbcf017f7fb86ed1f45ae52e2a1f 0 0 0 0 0 1
train_jpeg/a2fc8eb18befd9fe711da44cee00338c 0 0 0 0 0 1
train_jpeg/517bf111bb27adb3d6f5cae2e08c8a7e 0 0 0 0 0 1
train_jpeg/5bab93d6965cb975d5d407c6b2b5b2c7 0 0 0 0 0 1
train_jpeg/ff6b2b10b8f2350ab09d8690c9c83154 0 0 0 0 0 0
train_jpeg/3eafbfc0db1b4bfa5bfa963b6fe465a8 0 0 0 0 0 0
train_jpeg/d06ae8bf3c1a859ca62cbcf727d6fb9f 0 0 0 0 0 1
train_jpeg/9c253de936f9a7af9404b36525e69df5 0 0 0 0 0 1
train_jpeg/26c01c52f6f344050822135d89b0a8c3 0 0 0 0 0 1
train_jpeg/a8a1dc9c2028eec275661929646ff00c 0 0 0 0 0 1
train_jpeg/83eed2ff0568c28ec2ffb5c6d690349e 0 0 0 0 0 1
train_jpeg/5be4da337b8308d279aac1090c980b1b 0 0 0 0 0 1
train_jpeg/14c4435ad1dd7514a114db60e978f9db 0 0 0 0 0 1
train_jpeg/a5ac5264ecd49bbdb58c894c100eacdf 0 0 0 0 0 0
train_jpeg/cc716360f3b793b50cf67ffc50dc1c65 0 0 0 0 0 1
train_jpeg/0ec928d72a4d206fe1b87ab683171004 0 0 0 0 0 1
train_jpeg/9d7c22898d0b7a9573d83bcaee15e168 0 0 0 0 0 1
train_jpeg/f09ec49805bd445b71404666a53d4a8e 0 0 0 0 0 0
train_jpeg/d60fdd6237c71b741d10c85895723d16 0 0 0 0 0 0
train_jpeg/bee4980465446310121cc2406bcf43fe 0 0 0 0 0 1
train_jpeg/da8a1f7ff197b044c9080c8ad34b1df2 0 0 0 1 0 0
train_jpeg/972839bdedb03d98c471b0e89169e55c 0 0 0 0 0 1
train_jpeg/534a53462a8950ec15163afc8dcd7767 0 0 0 0 0 1
train_jpeg/0bb76fb5f7cfb1dd4c3760f7481a1d05 0 0 0 0 0 0
train_jpeg/4b074c4182d4d43ff94d2378aad17a7e 0 0 0 0 0 1
train_jpeg/f8c58f156f9bcdba6f1d0d454560c8d4 0 0 0 0 0 1
train_jpeg/2dd5e1ec060f1389e24a4caffa6d534e 1 0 0 0 0 0
train_jpeg/f6a627b1c1655650f2a7b8470bed9cdb 0 0 0 0 0 1
train_jpeg/86d28573de77dd3966c78b2b471117d1 0 0 0 0 0 1
train_jpeg/05d676834dbed1639cb5eea70c1e307b 0 0 0 0 1 0
train_jpeg/68a3cfb287da47ccfeb4441a7b715979 0 0 0 0 0 1
train_jpeg/ee04fa64f7e9a47abee0be3cfc22f5e7 0 0 0 0 0 1
train_jpeg/d719f48511a1a8e275e7262f5a1cc05c 0 0 0 0 0 1
train_jpeg/369dc4f999b9cb4d88490888f80d627f 0 0 0 0 0 1
train_jpeg/c5b761d0fefbe5b1c05822a4df670c09 0 0 0 0 0 1
train_jpeg/61e0b38cea96d57adb044ac496e556ff 0 0 0 0 0 1
train_jpeg/870dd6c4f5ce36cd38983795253a020a 0 0 0 0 0 1
train_jpeg/44f89a4871a0248abde75b8d5d978e87 0 0 0 0 0 1
train_jpeg/1de70f5e10c9a346f9c4b00a86057e79 0 0 0 0 0 1
train_jpeg/89e6ab133f587191383608ee04cea79a 1 0 1 0 0 0
train_jpeg/c35244fe01e90e438f5b7b7a6ea89db8 0 0 0 0 0 1
train_jpeg/d087fb5597b73624c84203ca9633a2c1 0 0 0 1 0 0
train_jpeg/57fec2a558bbcc2e010a92c927fe431f 0 0 0 0 0 1
train_jpeg/87c46e8d48b2132f2ad80b1358ad0d50 0 0 0 0 0 1
train_jpeg/e42a2c25f8b84164c39ff77328ed5bb2 0 0 0 0 0 1
train_jpeg/717b848dae42dc6c33d6d3a5754e690b 1 0 0 1 0 0
train_jpeg/4fdcc8e5347a4a54e8364369609b5cdc 0 0 0 0 0 1
train_jpeg/984ac58f23a149ab7a6216c3289273a9 0 0 0 0 0 1
train_jpeg/cb322c5c6294c36b7de62415ea35ae95 0 0 0 0 0 1
train_jpeg/3dada1f2165d5a58e7d79d77da9b195c 0 0 0 0 0 1
train_jpeg/6c7235e58f45b35fa517bb1a855f7504 1 0 1 0 0 0
train_jpeg/6e5776831430f043f18d70c93239457a 0 0 0 0 0 0
train_jpeg/d673addf6e6cb1071177731309bdd89d 0 0 0 0 0 1
train_jpeg/0c7d2e66dd63fca8b98c38146ba96f6c 0 0 0 0 0 0
train_jpeg/b2df3c7adbabc1dfe92f13bc9ba744ef 0 0 0 0 0 1
train_jpeg/40956f021a2759da665c4497ca71ea5c 0 0 0 0 0 0
train_jpeg/90dcb45c678e102f1ec817a96812c7a7 0 0 0 0 0 1
train_jpeg/50708867ca7d310f7a521c99e8404366 1 0 1 0 0 0
train_jpeg/537aabe6c411dcb3dc263ac5e41827ba 0 0 0 0 0 1
train_jpeg/ddb469ca6c74210d5e45edadfcc9ee9b 0 0 0 0 0 1
train_jpeg/d07557904cbe57fc1bdebac1e8aeefa1 0 0 0 0 0 0
train_jpeg/c13ef0455454bb4f57b31bfafd53d264 0 0 0 0 0 1
train_jpeg/11b3a0fe7f25bbe7643c60bcb14c35f5 0 0 0 0 0 0
train_jpeg/0e8b19dc3af06aaed4718cd664a896bf 0 0 0 0 0 0
train_jpeg/f515d9f74c83e9d8c6bd9869bf32112d 0 0 0 0 0 1
train_jpeg/f6178657260dafbe0088bf3bb12e95fd 0 0 0 0 0 1
train_jpeg/db491a991cef30ffffcc5e97afb18fb5 0 0 0 0 0 1
train_jpeg/604340ab6423f81a91ac72182163e9a4 0 1 0 0 0 0
train_jpeg/92dc3338237be8788f0923046be4f657 0 0 0 0 0 1
train_jpeg/80bc61a643d289b3c2afc3a1ad297e48 0 0 0 1 0 0
train_jpeg/cef0b28900e768bd8a5710641a5eb498 0 0 0 0 0 1
train_jpeg/e9e7e1adf2a1ac448664c7e87f5fe739 0 0 0 0 0 1
train_jpeg/80c4323662c296de12f4e9768fd8addf 0 0 0 0 0 1
train_jpeg/a8f7e3ec7b1d913bc85ead4793987be4 0 0 0 0 0 1
train_jpeg/cc89ca7071e25eb72633ec8f0c542e5c 0 0 0 0 0 1
train_jpeg/3624ff9a96af87e75c22dbdb2744296c 0 0 0 0 0 1
train_jpeg/dc8d481c7c41309f208ab310307fb6ff 0 0 0 0 0 1
train_jpeg/22b8e616a61bbc4caaed0cf23b7159df 0 0 0 1 0 0
train_jpeg/a88602ac2574484933194329e86b8ca0 0 0 0 0 0 1
train_jpeg/5dcadceca5d9be91e3a484b004989a11 0 0 0 0 0 1
train_jpeg/696214f9b38c455d2b867484da3570d8 0 0 0 0 0 0
train_jpeg/66e2d822ac451ea21fcfa3182c56a651 0 1 0 0 0 0
train_jpeg/32c3cbd93106381147b738ec68ea5f40 0 0 0 0 0 1
train_jpeg/31d238122bce3b2f0f00658b47f0fe6a 0 0 0 0 0 1
train_jpeg/07d161a3f322c9ea3cff9ed043349e4c 0 0 0 0 0 1
train_jpeg/0a1665762c67817e64f4cbee1c79b44f 0 0 0 0 0 1
train_jpeg/995c671dc373b8d7347ce89d52e1f243 0 0 0 0 0 0
train_jpeg/15a71d5f1e9a0221e14cde0e0d1a2ccd 0 0 0 0 0 0
train_jpeg/a89c3ff3f55569369e8b6e8e9bd898f1 0 0 0 0 0 1
train_jpeg/7591316e0d214e15a922d5ef2644db09 0 0 0 0 0 1
train_jpeg/d101385a2fea7fcb2cafba3187ee0779 0 0 0 0 0 1
train_jpeg/9392bf868724b18bb06b2ee710d69e12 0 0 0 0 0 1
train_jpeg/8d09bc6c72b4f8ad8346be6c55f9f136 0 0 0 0 0 0
train_jpeg/4ac5de28607f10bfdaaf5b618c6611bf 0 0 0 0 0 1
train_jpeg/71cfb66b2166800fae0283d2f28b0902 1 0 1 0 0 0
train_jpeg/a1375f9466915186308ef31e0766db3f 0 0 0 1 1 0
train_jpeg/84eb3e8b282f648bbc43c356f058f24e 0 0 0 0 1 0
train_jpeg/7651e6dab6ab5dffba30061229068c5a 0 0 0 0 0 1
train_jpeg/a3fdd37884dd4be6cdd31230af22b3f1 0 0 0 0 0 1
train_jpeg/537e3172b71830225b5ed58d84bb8af9 0 0 0 0 0 1
train_jpeg/a66524d3706dae7e6bb8f669cbea99d6 0 0 0 1 0 0
train_jpeg/617cd0507fe96d6bdc452e33c3839b9d 0 0 0 0 0 1
train_jpeg/87a989904bd66047cb190d9575f4834e 0 0 0 0 0 1
train_jpeg/ba683c0053ad11332810ecc509b6c17b 0 0 0 0 0 0
train_jpeg/5173630835619ecf790205be89775f7f 0 0 0 0 0 1
train_jpeg/5b76b8bc5004e1b673e03e1a5b335034 0 0 0 0 0 0
train_jpeg/e1bd3e2a14b69713babaff80cd173dd7 0 0 0 0 0 1
train_jpeg/9eeacc3c99e0b295f3e0ab1c6e8d66fd 0 0 0 0 0 0
train_jpeg/f1288fb0096e55153058cde7e7519f5a 0 0 0 0 0 1
train_jpeg/d552f9d13cfb671793ac74e81b7cb20d 0 0 0 0 0 1
train_jpeg/3d39ca4c351d61ce5e3f952d2152066f 0 0 0 0 0 1
train_jpeg/ae067560d404de903c68858d9916b6f7 0 0 0 0 0 1
