train_jpeg/45f8fd11d471cfb910172d26f8157ee5 0 0 1 0 0 0
train_jpeg/69e1b35f363c8391d16df7940c10202c 0 0 0 0 0 1
train_jpeg/bcef787ed33e920cb0fcb15e30172126 0 0 0 0 0 1
train_jpeg/f769eea17a2e7678f481f386c3c6261c 0 0 0 0 1 0
train_jpeg/413ecd510b79fbda7a17ceebfa45736e 0 0 0 0 0 1
train_jpeg/51c6734c151658e86413813899a155f2 0 0 0 0 0 1
train_jpeg/0e2c49d7d9a4db2f61776c970a463361 0 0 0 0 0 1
train_jpeg/46149bf87a508338b6813c56b2840d1c 0 0 0 0 0 1
train_jpeg/9b7187b3675320c75ec43edd333ef2fc 0 0 0 0 0 1
train_jpeg/43cbc92d48a9318036e947277c3981fd 0 1 0 0 1 0
train_jpeg/e19df85c8020cae432a0b825d45b27eb 0 0 0 0 0 1
train_jpeg/dad47fb48e4ec753453c0a794ef461cc 0 0 0 0 0 1
train_jpeg/1a9c6bd1a0b592c94e4d254d7e1b68bb 0 0 0 0 0 1
train_jpeg/7e86aee54688699519f47582c4d44bf3 1 0 0 0 0 0
train_jpeg/98208732f003e00ccf58812626d5e299 0 0 0 0 0 1
train_jpeg/87f7997c901c0026e338e6f6d79b385f 0 1 0 0 1 0
train_jpeg/60a2d1794527aa93f678e8aa64ee7a3e 0 0 0 0 0 1
train_jpeg/a98f2b52fcc332bfecc15a97d2f6db35 0 0 0 0 0 1
train_jpeg/f83881e1c123c169fe44b25644515b9e 0 0 0 0 0 1
train_jpeg/170e523b0646b3d3154324b697b4ac25 0 0 0 0 0 1
train_jpeg/dd050faeea429a407dfaf767cb5beb8b 0 0 0 0 0 1
train_jpeg/bd614133fff2654050bab43a8a150c60 0 0 0 0 0 1
train_jpeg/624decabb72afef84b63d24305cecf3d 0 0 0 0 0 1
train_jpeg/7d96035b3771e1c56dc1f47f37a35672 0 0 0 0 0 1
train_jpeg/230ffa646a0bec6bce8b027cd4c66832 0 1 1 0 0 0
train_jpeg/8f6210d543654e8e521d25797bc4e95e 0 0 0 0 0 1
train_jpeg/7307f00233a2858176b4b8c93213d7de 0 0 0 0 0 0
train_jpeg/c5d6ea0776a448a0e43bb1f1638044cd 0 0 0 0 0 0
train_jpeg/ff13acf028a2629a8c4d2bf84c2983cc 0 0 0 0 0 1
train_jpeg/75ffb5f8839bef4d8719d46c29c46064 0 0 0 0 0 0
train_jpeg/4761fc19be5420015299df70e3d788de 0 0 0 0 0 1
train_jpeg/945dcf557d9d281b55644289c53b1039 0 0 0 0 0 0
train_jpeg/285eb72532207394c338cb6c08bc954c 0 0 0 0 0 1
train_jpeg/b5299877c1ca30c0d4f8d4011388ea11 0 0 0 0 0 1
train_jpeg/434ecbadfd73fb207ae9c51230367530 0 0 0 0 0 1
train_jpeg/91332530b9a18caa74a32c5f57a7b55b 0 0 0 0 0 1
train_jpeg/afffa24d96ea33877a402f38a0283a71 0 0 0 0 0 1
train_jpeg/c6d19e881705b1720efd2435ef05320e 0 0 0 0 0 1
train_jpeg/64f09bf84016428dd43f8984b2c303f7 0 0 0 0 0 1
train_jpeg/879b67422e230216509d2bbd6c0cb470 0 0 0 0 0 1
train_jpeg/ddf9c119a519bab85d5be5b1e113ef08 0 0 0 0 0 1
train_jpeg/4c0fe0b6802a31da4542dc797e314cd9 0 0 0 0 0 1
train_jpeg/a0321542b6089703f2304ff25ff083ad 0 0 0 0 0 1
train_jpeg/f9e2672a5b9363b4df480c9b8b773379 0 0 0 0 0 0
train_jpeg/1fe2a7ecbb9772628f10e2f32186a96e 0 0 0 0 0 1
train_jpeg/3d5f10c44d9e30bb22feb8251687c98f 0 0 0 0 0 1
train_jpeg/ddeb40737928ae87d4f71257d5b29c3d 0 0 0 0 0 0
train_jpeg/eca0ee5f5772f18aac33ac283ae5baed 0 0 0 0 0 1
train_jpeg/a9b3444f50e7ab612641a6fe1e4f8cb9 0 0 0 1 0 0
train_jpeg/9973d197e2fc015ddd99e9dba9d95793 0 0 0 0 0 1
train_jpeg/9f7a76f14e777ed53606a7d6d3ef3890 0 0 0 0 0 0
train_jpeg/d85f9b852ec6523c32e0d4f62307472d 0 0 0 0 0 1
train_jpeg/d77b0f18be0825ad5360906312044dd4 0 0 0 0 0 1
train_jpeg/1a4f3604083f0bb00c748cd1c19236c2 0 0 0 0 0 0
train_jpeg/3827e2d25e931b294811ad92ae898887 0 0 0 0 0 0
train_jpeg/3981cb75f8ba83f76950d9b9745337d5 0 0 0 0 0 1
train_jpeg/a3dcbf04ea4cf926b6efb6ac526d5ff9 0 0 1 0 0 0
train_jpeg/817156a6b23080b1a200ec0b0a2f36c2 0 0 0 0 0 1
train_jpeg/5e679b95d1ce29e2bb0938b6b305a265 0 0 1 0 0 0
train_jpeg/66fccfbfc9d28fc707abb09ce631a42d 0 0 0 0 0 1
train_jpeg/40349da8d0dd864bde158f1630df7c0a 0 0 0 0 0 1
train_jpeg/c8aa0e18d7a53024d44efc9f45863514 0 0 0 0 0 1
train_jpeg/8873970dcea7a93c5a0bdb56d00c4100 0 0 0 0 0 1
train_jpeg/9f1f913c194919c9603fff299fa0bb92 0 0 0 0 0 1
train_jpeg/2d40e0cc7dca11e4b2d8574532096c31 0 0 0 0 0 1
train_jpeg/cd857b26125043e9eee272433187f3a6 0 0 0 0 0 0
train_jpeg/a3106645d9ff642b102c1fae08356865 0 0 1 0 0 0
train_jpeg/1ce7996f94d654d32b68deb552867232 0 0 0 0 0 1
train_jpeg/edec03d88f6da9a7dcd76772432d9c23 0 0 0 0 0 0
train_jpeg/979a399da41b943f4d452419fbd33424 0 0 0 0 0 1
train_jpeg/808e6eee81bd214e86012cd3539e4c06 0 0 0 0 0 1
train_jpeg/e15a995ca75b644370fbb4b60809783d 0 0 0 0 0 1
train_jpeg/aa8be9c5687f9d0804a7a7ca59bdcc17 0 0 0 0 0 1
train_jpeg/b0065509f042f4a2ac97481b6c7c0dc5 0 0 0 0 0 1
train_jpeg/9087f814c3270de94a9bd7cd0ed258c0 0 0 0 0 0 1
train_jpeg/290bd3369b0cd1d185d7fd5699d246e1 0 0 0 0 0 1
train_jpeg/2ebb05b4c603d590854c621fa4f1fd5c 0 1 0 0 0 0
train_jpeg/857ab59ae027e1e079d3c2d8e3809352 0 0 0 0 0 1
train_jpeg/f345c9caf6c388069ca35fcc4bb52001 0 0 0 0 0 0
train_jpeg/f5ba391e87e61b81564d7efcd92f1c6e 0 0 0 0 0 1
train_jpeg/9b85b7ef757927db44393d03083a757c 0 0 0 0 0 1
train_jpeg/ec50aa95bd69eacf7b639c580a4f8bb0 0 0 0 0 0 1
train_jpeg/90294c2e98cf161d97c32633e5a67ab1 1 0 0 0 0 0
train_jpeg/a27fc2bf0a8b0129dd62c2cf59b712ee 0 0 0 0 0 1
train_jpeg/73d406f3aaebf4b2d07e73a87ebff608 0 0 0 0 0 0
train_jpeg/f351e56a857e49f1e5c12b0fbd43db98 0 0 0 0 0 0
train_jpeg/85e95b13040ae3e20eccac186b93e6ac 1 0 1 0 0 0
train_jpeg/ee6e84164cd94c0aff75c9f6a64057e3 0 0 0 0 0 1
train_jpeg/2430c41575f7b06481ae309478ba7f15 0 0 0 0 0 1
train_jpeg/1502125d4a1361d461c8c4024c9b5723 0 0 0 0 0 1
train_jpeg/dcb081bb5e1dac41000e96fc37c8c322 1 0 0 0 1 0
train_jpeg/8ddbe682c5955f5e3081dc92e0b46a82 0 0 0 0 0 1
train_jpeg/bb2a98f5ad31e0ddd17b5b4217bec2af 0 0 0 0 0 1
train_jpeg/1250c704cc9307bf84b43f1aca4d997b 0 0 0 0 0 0
train_jpeg/b8cf3b0d5faac4be08620f5f68df30b9 0 0 0 0 0 1
train_jpeg/ae853aa557eb1fcfb5098cccb3f842d5 0 0 0 0 0 1
train_jpeg/717e2ea8788a36b09fc618d55099f24f 0 0 0 0 0 1
train_jpeg/ad15f44fa6a2c4e84ec0db08e47d1482 0 0 0 0 0 1
train_jpeg/9380ec3eee1511fb015b8da8670df9cc 0 0 0 0 0 1
train_jpeg/f508f9892103f1a107a56ac5036af993 0 0 0 0 0 1
train_jpeg/508c4c30d17b6c425cecaaa7121c578a 0 0 0 0 0 0
train_jpeg/2b27150473ff6934b8f074872586973f 0 0 0 0 0 1
train_jpeg/78faf91d607511da380a6cc4f0a335d1 0 0 0 0 0 0
train_jpeg/bc4e63f16cfe447864a13439dc3a74db 0 0 0 0 0 1
train_jpeg/a10cb1cf1e7fb4c18ce291bde0edd97a 0 0 0 0 0 1
train_jpeg/d46ada3de4529d1e72f0f327e3d7d86c 0 0 0 0 0 1
train_jpeg/8eb38ce22b1b5323c2dad3a92c79e1bd 1 0 0 0 1 0
train_jpeg/da25a467627cf0f3a7e3ea9df313be2c 0 0 0 0 0 1
train_jpeg/3d538819cef059b1797685d349c18661 0 0 0 0 0 1
train_jpeg/8a46b6e8871a06a88b2e538a319729ab 0 0 0 0 0 1
train_jpeg/a6422850a94f0589724c953c63bbe22d 0 0 0 0 0 1
train_jpeg/7fb71df345cda325b0e0c453fe5e3517 0 0 0 0 0 1
train_jpeg/1be14d718a03e0faf08e7c7d306f8553 0 0 0 0 0 1
train_jpeg/3cac0eba7aff674db58e5e7d5cebe985 0 0 1 0 1 0
train_jpeg/1bd8c16e09e5bb5526a6e9d7952927ee 0 0 0 0 0 1
train_jpeg/eab1fcceca65974f9a463940626586cc 0 0 0 0 0 1
train_jpeg/01014f8d2c30a1fabc30f28e7de53467 0 0 0 0 0 1
train_jpeg/03ec9ca738f579b956cb4af13efa155a 0 0 0 0 0 1
train_jpeg/fe53a9e7e76d1e1227519ef252a0a0bc 0 0 0 0 0 1
train_jpeg/5bbee8da980e978d65bfa78521a940a6 0 0 0 0 0 1
train_jpeg/8cd5124a10bd961bdfe94efb8bfe46a1 0 0 0 0 0 1
train_jpeg/812dd976fb73bfdcacdb61a6fc2bb957 0 0 0 0 0 0
train_jpeg/adc76e22c385ca482d86fdb4a6bb82a6 0 0 0 0 0 1
train_jpeg/90b3ea11c2310559980291906a336d02 0 0 0 0 0 1
train_jpeg/205fa60a4f5ec02693ffe8f6f0697f7a 0 0 0 0 0 1
train_jpeg/e67a5abf75aaa55c14008f1816b303e2 0 0 0 0 0 1
train_jpeg/886a47df44638ed409c9304005fd032a 0 0 0 0 0 1
train_jpeg/83a17ed23c12f2d4bd03cfa2b34264d4 0 0 0 0 0 1
train_jpeg/2d063af5457785f5c76ae1e6c06c0037 1 0 0 1 0 0
train_jpeg/d51f68f8feab3e1d4ab776190d003bb0 0 0 0 0 0 1
train_jpeg/264c01b040113c32f5d50f40b91d4061 0 0 0 0 0 1
train_jpeg/89e5cd934756ddb7c57542116918caed 0 0 0 0 0 1
train_jpeg/1a03c5e8edca392f033aab3aa97b04e8 0 0 0 0 0 1
train_jpeg/1577db18d5da316898c6c06ca60da535 0 0 0 0 0 1
train_jpeg/3dc9583224b51bf0119dbc2712ef760a 0 0 0 0 0 1
train_jpeg/dbd8cd4663e669a91e9bf149eec93902 0 0 0 0 0 1
train_jpeg/389526ec796c3955a9a89a66f04bc247 0 0 0 0 0 1
train_jpeg/aff94c85d299cc26f549b22be3c54d16 0 0 0 0 0 1
train_jpeg/c1fa57577704ee34b018a1c646a49cd0 0 0 0 0 0 1
train_jpeg/9ca6f4d20348cea6a7efa90deeff2639 0 0 0 0 0 0
train_jpeg/977ffac5480e144c480bdad2412d3d58 0 0 0 0 0 1
train_jpeg/ae453f91e80793514c1cf794c4135e69 0 0 0 0 0 1
train_jpeg/b06682799382cfff3e10529b11f93490 0 0 0 0 0 1
train_jpeg/54c29330c2acd1a534ee949951b7f649 0 0 0 0 0 1
train_jpeg/bd4cb51fc33887793d60025c2271b413 0 0 0 0 0 1
train_jpeg/2139901070c5471f0e289e216bc90198 0 0 0 0 0 1
train_jpeg/b697b05804ad72848855b69781acf2eb 0 0 0 0 0 1
train_jpeg/f086d97c1eeccba6e2a4e28560b7cd6c 0 0 0 0 0 0
train_jpeg/5848b8e25a269305feec9f640080659f 0 0 0 0 0 1
train_jpeg/d35ffd8afe3f0ff397f387509049885e 0 0 0 0 0 1
train_jpeg/46e426cabc8126238818152f3fd25fb1 0 0 0 0 0 1
train_jpeg/f9574727cba36fbc6a3799cbfd9b2bef 0 0 0 0 0 1
train_jpeg/f1f4482fe3a8ede769d6c6c4bca3d0df 0 0 0 0 0 1
train_jpeg/12ede510c82b53705e33fa758ff03131 0 0 0 0 1 0
train_jpeg/ecd1dfc630dcdbd6699fe50d37774bb9 0 0 0 0 0 1
train_jpeg/c1253501ece20b237303679fb3b4310a 0 0 0 0 0 1
train_jpeg/07d82e7e5749cbc21633134f489a7fbf 0 0 0 0 0 0
train_jpeg/846a659d3d5f0c9bc9a7f917dea9da79 1 0 1 0 1 0
train_jpeg/c27f709d67e4efcf04157036c6195c75 0 0 0 0 0 1
train_jpeg/b4872c4ae2b5733b5d0c025949d077da 0 0 0 0 0 0
train_jpeg/eb8718da9f7dff460b8e52c041d631fd 0 0 0 0 0 1
train_jpeg/84547a6761681374285126a29b0b2941 0 0 0 0 0 1
train_jpeg/b39a81ada6933fe899d769127e444f26 0 0 0 0 0 1
train_jpeg/25897fa85891d5fcf7c65d520628cf20 0 1 1 0 0 0
train_jpeg/33d38c8c30786d2f48abb5a13f784b98 0 0 0 0 0 1
train_jpeg/9f7ac02c7456ab3178c7997e15cdce84 0 0 0 0 0 1
train_jpeg/a3af933900637d1538ba1eb72232aafc 0 0 0 0 0 1
train_jpeg/1ff360baaff7e3f923ec84b5d1913c35 0 0 0 0 0 1
train_jpeg/a8dd1496dde8d6f63316c8ec2a823b38 0 0 0 0 1 0
train_jpeg/d6352ccc0bf75017b99820231822ab6b 0 0 0 0 0 0
train_jpeg/8e1a18777633a830c6e5897e4dddb6f7 0 0 0 0 0 0
train_jpeg/aac144daa37a312e2c919bc803b0538f 0 0 0 0 0 1
train_jpeg/96734f3235d72a018aaef6b78391df7a 0 0 0 0 0 0
train_jpeg/cfc14023c79c0ff855afa04a9cc3d344 0 0 0 0 0 1
train_jpeg/dde1b28739e943a19ef506d87cf3ce00 0 0 0 0 0 1
train_jpeg/b1d599b4bf50932fb66d8a9aaf41ba3e 0 0 0 0 0 0
train_jpeg/4f3f489a6b0257782ee57deaba29b0d8 0 0 0 1 0 0
train_jpeg/e1b344e4b499a19b247e6b6213b98f20 0 0 0 0 0 1
train_jpeg/259dd97aa95064935f26345827808afc 0 0 0 0 0 1
train_jpeg/26892c0317a9d478211fae77c464f62d 0 0 0 0 0 1
train_jpeg/9aa07a82285cd98a6ff65c8aa3e87556 0 0 0 0 0 1
train_jpeg/d6bdd032d9806eeab0eed80760252d7c 0 0 0 0 0 1
train_jpeg/76588c2a6dd5c8618012cf5b1e1d5333 0 0 0 0 0 1
train_jpeg/46691ca3337bb1ac6facb15a8794ef9e 0 0 0 0 0 1
train_jpeg/685037ea9d22358b9c189334a75e00e1 0 0 0 0 0 1
train_jpeg/485d87951e7995283adeffe95a8bb892 0 0 0 0 0 1
train_jpeg/c77c194e85a19a52e9e8dbf5ad764c04 0 0 0 0 0 1
train_jpeg/9fa07ce40365c2c37f75ba3a5486b8c6 1 0 1 0 0 0
train_jpeg/bdae332fe774082b2bcca1879d5cde8f 0 0 0 0 0 1
train_jpeg/320ec834b1f64d745ebb19de0cfc184d 0 0 0 0 0 0
train_jpeg/43e374ced4e444b4e6df22daca20b3b7 0 0 0 0 0 1
train_jpeg/a3138b15692cfedc5a35d1bf5314616e 1 0 1 1 0 0
train_jpeg/43b12f96beff0400ddc04da244e69983 0 0 0 0 0 0
train_jpeg/2e25acfdadacf79ee609afed1b13a750 0 0 0 0 0 1
train_jpeg/86078eb65ce76fac6692e0f16e9ccf40 0 0 0 0 0 1
train_jpeg/e295e1f2ce1695b80db68a73c6042d99 0 0 0 0 0 0
train_jpeg/b39a81ada6933fe899d769127e444f26 0 0 0 0 0 1
train_jpeg/60c5297ae2262cacbfc9eecc611e152e 0 0 0 0 0 1
train_jpeg/633a915d9f92edf4edc1c4a85548201f 1 0 0 0 0 0
train_jpeg/e1a603beea2b53b3031a337d8a87cd72 0 0 0 0 0 1
train_jpeg/ca45eff411274d3a20007bfbc5b68bc1 0 0 0 0 0 0
train_jpeg/21cc15968368582b548bdc50f24d1ce5 1 0 0 0 1 0
train_jpeg/85147383ee37e31e6e6433e12d14ae24 0 0 0 0 0 1
train_jpeg/c7a316f4cb8d8fb85911c073e0444710 0 0 0 0 0 1
train_jpeg/3f7f3d2e14e41602ac1f5909ce5e4be0 0 0 0 0 0 0
train_jpeg/5456e22a6fab981152b831952dded13c 0 0 0 0 0 1
train_jpeg/309060f37e4a3f72170c211228ce5cc9 0 0 0 0 0 1
train_jpeg/d56f1405100c1247609f9b805fcd801e 0 0 0 0 0 1
train_jpeg/af72df4fed0840069895f6a308724101 0 0 0 0 0 1
train_jpeg/922669e581a24946daa161a62906bdf7 0 0 0 0 0 1
train_jpeg/b22e2c0dc16c4a5a626498500ab9ff73 0 0 0 0 0 1
train_jpeg/22807ea675967a02baf8f510543a4a95 0 0 0 0 1 0
train_jpeg/2ff57314516b944e4e9a83f9f3020b6e 0 0 0 0 0 1
train_jpeg/a9d62204bf898b94d63107c6f51893ca 0 0 0 0 0 0
train_jpeg/3349c0d8861ff59db82c4e6f1d10705a 1 0 0 0 1 0
train_jpeg/2116aa83dd20261a1c6f4b13ea3eafbc 0 0 0 0 0 0
train_jpeg/a40bab0e3bf49536441809cc8d03cbce 0 0 0 0 0 1
train_jpeg/da95c308ecf6b869be4930aa124c0d7e 0 0 0 0 0 0
train_jpeg/2afc0fb2fa469292aa7bfd4d2db0ffda 0 0 0 0 0 1
train_jpeg/f7c13055c1aa432a78ed8c172df3a6d1 0 0 0 0 0 1
train_jpeg/27129548cc62420449c33ed5fb41eec6 0 0 0 0 0 1
train_jpeg/898aa25e4ce627843fa8ea0607a0cfc8 0 0 0 0 0 0
train_jpeg/486c8b33f33a2c401fd09f2eda3fb9b8 0 0 0 0 0 1
train_jpeg/2fc7caf50f8f95d93bd2b19301a80288 0 0 0 0 0 1
train_jpeg/e4b4d6910f4be64483f87b1325ce7fe3 0 0 0 0 0 0
train_jpeg/a7e934cb433dc7724548f996f5cccbce 0 0 0 0 0 1
train_jpeg/b353b0ac0de4f8c72f9c6958c2fb1ac0 0 0 0 0 0 1
train_jpeg/a18d88dbf60435ac196dbcdc512115c7 0 0 0 0 0 0
train_jpeg/3018e6640df6a1e3f9978cf55c8d0fd3 0 0 0 0 0 1
train_jpeg/2c6076a64fecbe68df18715260167643 0 0 0 0 0 1
train_jpeg/413010bcfa8857cbd34a99f115926686 0 0 0 0 0 0
train_jpeg/c390064d6c4559092d8625f7c140f289 0 0 0 0 0 1
train_jpeg/7d48ee923365d79f033147cd5f4aafc1 0 0 0 0 0 0
train_jpeg/8f175ebdd1fb0e26809311ca829077b8 0 0 0 1 0 0
train_jpeg/46633cbe0ddaef3d0dc44ef5bcd19439 0 0 0 0 0 1
train_jpeg/bc1ea629af3708b8aa54d8fd5ade64f5 0 0 0 0 0 1
train_jpeg/b4562a8dfc67b079f154a830273485f7 0 0 0 0 0 1
train_jpeg/d1192634c95b9018fe25890bf74d45ab 0 0 0 0 0 1
train_jpeg/8cd75497ddd543845e5a151e9a3b7561 0 0 0 0 0 0
train_jpeg/1fcceea02142af619405d89b9ee156fc 0 0 0 0 0 0
train_jpeg/19c10ebb5c70f832b60de124affebc01 0 0 0 0 0 1
train_jpeg/3b219f94795c80a122ac4948b4f1c2a6 0 0 0 0 0 1
train_jpeg/8dc970b9549c5a8d043bdc9136fb07a9 0 0 0 0 0 1
train_jpeg/65f02d75dda093dfaf39ffaec74c5f56 0 0 0 0 0 0
train_jpeg/8ceb7a01369d1f273deb2879db8ad1d8 0 0 0 0 0 1
train_jpeg/d2ce9fd159bca6dafc6170ea200a3ae2 0 0 0 0 0 1
train_jpeg/cc57b8e71bed57a6454b46135882911d 0 0 0 0 0 1
train_jpeg/671c99257974b87e99ced41ccb84758c 0 0 0 0 0 1
train_jpeg/f1e06b99689d0e62ee0d9967a2c9d711 0 0 0 0 0 1
train_jpeg/d754a71c389c71df420e6c49260c417e 0 0 0 0 0 1
train_jpeg/6bb7769006f10cb8681b95246a90902c 0 0 0 0 0 0
train_jpeg/ad52065fa03e78f1a4d5046e8434ec1f 0 0 1 0 0 0
train_jpeg/c945840c6f90df8f3b368342ecf50b45 0 0 0 0 0 1
train_jpeg/6b2b72d289bf26b3aaf41548df0ab160 0 0 0 0 0 0
train_jpeg/80ab0d18fb53f014a67b55ccaf83c0e4 0 0 0 0 0 1
train_jpeg/21d1ba4b3d9d85283e185050a4c669c6 0 0 0 0 0 1
train_jpeg/5c6ac21d8e2a8892a2685c23f393a2d9 0 0 0 0 0 1
train_jpeg/6d33e69f8f399100be31330a61c5c01f 0 0 0 0 0 1
train_jpeg/373cf1c3c0455a997b1ac686ab36f4d0 0 0 0 0 0 1
train_jpeg/3d056d7ea2a9792b95034d17f8056f2e 0 0 0 0 0 1
train_jpeg/fb9a4337cda28860cf8bb3eb42e27271 0 0 0 0 0 1
train_jpeg/1c8bc2c9952daef7e59be7a341d93c1c 0 0 0 0 0 1
train_jpeg/957a7eda245907e598e19969e0b1fece 0 0 0 0 0 1
train_jpeg/74a6dc1a51dffd964baef5089fc4d1b6 0 0 0 0 1 0
train_jpeg/4cdc062257b3f9570bef2afe986605a8 0 0 0 0 0 1
train_jpeg/b991d978a0915452eaeb50ee93cbb769 0 0 0 0 0 1
train_jpeg/5f61b1621d4036fbb7542ddff7acb35b 0 0 0 0 0 1
train_jpeg/b6a1fb44485f487ebc255f3bfa700ef5 0 0 0 0 0 1
train_jpeg/6af6cd896e3df39227560af1123a9402 0 0 0 0 0 1
train_jpeg/e9ff892454b40672f41ead3020a084a6 0 0 0 0 0 1
train_jpeg/93e7c09709c24316def5cef029b6d3f4 0 0 0 0 0 1
train_jpeg/a64b5f68552ca1639d8662089d95fed8 0 0 0 0 0 1
train_jpeg/d2eba3b4a06d7b0df1e0490bb9091743 0 0 0 0 0 1
train_jpeg/2b658b536fb15c22f623c3d6672b64d0 0 0 0 0 0 0
train_jpeg/ba0ee85ac58311c7f1413a3af2f3f7c7 0 0 0 0 0 1
train_jpeg/5afdac86fe6a4934f69ba9a5d113c5eb 0 0 0 0 0 1
train_jpeg/c2c3e9e459681d13dc94b916a3689de4 0 0 0 0 0 1
train_jpeg/3d554fd9ed616ce0c2300b8fbc551cc5 0 0 0 0 0 1
train_jpeg/e19c99b75b9523210bfaf40406df82f3 0 0 0 0 0 0
train_jpeg/f928a51ea8caec18a6d4aa56672b32b5 0 0 0 0 0 1
train_jpeg/a65babe16a33a3910e4f8c12a06b22a9 0 0 0 0 0 1
train_jpeg/11b3a0fe7f25bbe7643c60bcb14c35f5 0 1 0 0 1 0
train_jpeg/bc87c2265556912b25d36f2fef105a01 0 1 0 0 0 0
train_jpeg/83c30c1b04b487fb45a186aedcb8971d 0 0 0 0 0 1
train_jpeg/c8772752985ad53b7c0214c4c954dd01 0 0 0 0 0 0
train_jpeg/01415f1554556009b0eaf0ad7ca360bd 0 0 0 0 0 1
train_jpeg/a463c0f3cc9f4945ce7f70d7b3f94819 0 0 0 0 0 1
train_jpeg/91783a3a0b479febd50ea952f711d776 0 0 0 0 0 1
train_jpeg/1364ef33b36720eb7c3909651532bbbf 0 0 0 0 0 1
train_jpeg/3c0b2a31f60f5d1ac82b884af7ea3220 0 0 0 0 0 1
train_jpeg/f2cbad33f407df585912df819234ee51 0 0 0 0 0 1
train_jpeg/aaa6a773bd8ba52b360a6f6d0ec33a15 0 0 0 0 0 1
train_jpeg/f4ff44be77afb9c83670196d67e6417c 0 0 0 0 0 1
train_jpeg/b48d6f9b38b698b6ac534ec7ded5c4e8 1 0 0 0 0 0
train_jpeg/371d6f540ac601affe81e547b05c551a 0 1 0 0 0 0
train_jpeg/6d5c4d0ce4504164a6d3035aa060dcae 0 0 0 0 0 1
train_jpeg/1ed597069acd8f4b77174148664e84d8 0 0 0 0 0 0
train_jpeg/b7837ea29dd8bd1386f09cc1474320f0 0 0 0 1 0 0
train_jpeg/310a5c5df24cacd7bfc923cf0ce2f310 0 0 0 0 0 0
train_jpeg/e2f815fad3b6225eaed25553552af0f3 0 0 0 0 0 1
train_jpeg/f5f0081e8dc7596b38083e2b7aa4214a 0 0 0 0 0 1
train_jpeg/e653bcbc027754e61652cd1393cd8667 0 0 0 0 0 1
train_jpeg/fa2835a32eb5b05ddce866a6d85274df 0 0 0 0 0 1
train_jpeg/c3248f0f0b6d54dce2e0ba0a1eb42370 0 0 0 0 0 1
train_jpeg/5303496f0f979e8cc2414a3c1522302e 0 0 0 0 0 1
train_jpeg/18ca65f3991cd9e0339abe5d0dcdfc71 0 0 0 0 0 1
train_jpeg/f36cb2ce4ae7b6e960550542a99a9bff 0 0 0 0 0 0
train_jpeg/0e5734a5483002be04b734d7c88058be 0 0 0 0 0 0
train_jpeg/3d592a653c8fefc7c85a43cf64c3c0f0 0 0 0 0 0 0
train_jpeg/1d98e46cb9bf4b93baeeea4b39f83377 0 0 0 0 0 1
train_jpeg/1575b5f8405075e4d23aa10cdd11a9ce 0 0 0 0 0 1
train_jpeg/26fcfa2a147cabce7658e1ea656e1efe 0 0 0 0 0 0
train_jpeg/0e566069cb507a0581b54998b23e2ece 0 0 0 0 0 1
train_jpeg/d6d7ff0c547ddc2d5654ced995a664ba 0 0 0 0 0 1
train_jpeg/394ea2732452334954cf83c6e5b41951 0 0 0 0 0 0
train_jpeg/b12402752791bc543f977d95dd326677 0 0 0 0 0 1
train_jpeg/5e1039f00f64d53d316c66fccb16ddd0 0 0 0 0 0 1
train_jpeg/516805d225d88cc764d75ca58e1b7e43 0 0 0 0 0 1
train_jpeg/2d8289dc0a35bc2c7d3b0afb4d0c25fb 0 0 0 0 0 1
train_jpeg/465c3a62a3c28af4a253eb0fa6040118 0 0 0 0 0 1
train_jpeg/df7c4e1c53d9ed99d2daaaf9086ca8d1 0 0 0 0 0 1
train_jpeg/9273bd554f5d9340a11722070a53c65b 0 0 0 0 0 0
train_jpeg/af41bafa2d91bef32ad369dccce77457 0 0 0 0 0 1
train_jpeg/3da3148d44aea10be00595bd183e4e07 0 0 0 0 0 1
train_jpeg/bf3265ca15602eafd74658c2f24e8b7f 0 0 0 0 0 1
train_jpeg/64f085326690cc9c79ba64fb315d2dff 0 0 0 0 0 1
train_jpeg/fe03cb8f00a44fd81c11cc21a33d5df3 0 0 0 0 0 1
train_jpeg/a6842924ead8dcf7ed990f600c0db137 0 0 0 0 0 1
train_jpeg/b73a869bb8f8397e10c6910a0bd8072f 0 0 0 0 0 0
train_jpeg/f3353565c0028d38edcf445d425b533a 0 0 0 0 0 1
train_jpeg/83993c8d8053cfbc221fe1a34b7d1a03 0 0 0 0 0 1
train_jpeg/b5192398f443dceb7fe9e7b31ecec735 0 0 0 0 0 1
train_jpeg/a1806530fa527e113b06bd6815703dc6 0 0 0 0 0 1
train_jpeg/1951e0eba7c68aa1fbd6d723f19ee7c4 1 0 0 0 0 0
train_jpeg/6569ec198ec3bf344afb2add1f188e43 0 0 0 0 0 1
train_jpeg/bd543583184dde42424b46fdbfff2684 0 0 0 0 0 1
train_jpeg/7a350dc1bcdf2fb34fcc57f05adf9da7 0 0 0 0 0 0
train_jpeg/2b4d362bb4e5eb4c37b13b9eaa1ca079 0 0 0 0 0 0
train_jpeg/deb8ac73caba5dd9a801df0a8ce8867c 0 0 0 0 0 1
train_jpeg/9a44147b1b764d0cbd57a317bd22e48c 0 0 0 0 0 0
train_jpeg/3454541571f45156848b25bec48492f7 0 0 0 0 0 1
train_jpeg/93ed73782bc23a0ef9c426c21982d8d7 0 0 0 1 0 0
train_jpeg/86d5622762bf6cf43e4ef0c99273de2b 0 0 0 0 0 1
train_jpeg/e443471026e11f9cdf418dca3f35017f 0 0 0 0 0 0
train_jpeg/be85b7d55e0ef589729ef4dd6ffc38fb 0 1 0 0 0 0
train_jpeg/995c671dc373b8d7347ce89d52e1f243 0 0 0 0 0 1
train_jpeg/5b914f255801a14edc598bbe7f480f20 0 0 0 0 0 0
train_jpeg/1049b2ea72618fc2406996e0d869d317 0 0 0 0 0 1
train_jpeg/428de3bd0df77dfd8d747ee481e74b15 0 0 0 0 0 1
train_jpeg/ebe4693705ca26cdd3ead9f10f92a7bb 0 0 0 0 0 1
train_jpeg/55e5dd662042639488ebb9fbd6a02864 0 0 0 0 0 1
train_jpeg/6169a23ddc77907bf5b9dce977ae36be 0 0 0 0 0 1
train_jpeg/a66a0b86804793c9ec57ba54d71b337d 0 0 0 0 0 1
train_jpeg/64f4fa78d723ad71e2422bc74bcd38f4 0 0 0 0 1 0
train_jpeg/943587a46ada0ee193c60a106ac61934 0 0 0 1 0 0
train_jpeg/f03ab985cd68c5cc6e57b3c936e2aeed 0 0 0 0 0 1
train_jpeg/113f39bcbaf112a7d29c192340bb88ea 0 0 0 0 0 1
train_jpeg/5badecb3025575b7f95f1682f729525c 0 0 0 0 0 1
train_jpeg/d5f96cbf471b987f29313202e3babde9 0 0 0 0 0 1
train_jpeg/00e25f831ccd21bd41b558cfccbf1be7 0 0 0 0 0 1
train_jpeg/84e9f232df2236e9dc7f7f472ff26bee 0 0 0 0 0 1
train_jpeg/cc5ca13d504354fc7c1e75bf2ca9857b 0 0 0 0 0 0
train_jpeg/b40befd17e7095fa289499c2440d0471 0 0 0 0 0 1
train_jpeg/2a2619632df6e2c6c696a31d0d223bf0 0 0 0 0 0 1
train_jpeg/ce99128124dc2e9cb8795a06342c00a2 0 0 0 0 0 0
train_jpeg/dfcf19aba6e7eed78f46775320358f28 0 0 0 0 0 1
train_jpeg/c071739802d9b78298847628bc89f54d 0 0 0 0 0 1
train_jpeg/cc0cb2eef1d953d4e2251dcb6204fd27 0 0 0 0 0 1
train_jpeg/fe0e5e1172c8dbe0442e46f4f9f1ff4e 0 0 0 0 0 1
train_jpeg/b14c592ac2709dbfbeb1c074e75db8a5 0 0 0 0 0 1
train_jpeg/3819a956d27d2125322e675f730c4cf0 0 0 0 0 0 1
train_jpeg/d9b51a0471d1ea9b698c9a88c7888925 0 0 0 0 0 1
train_jpeg/3c98c90840a9290511ae8192107f8250 0 0 0 0 0 0
train_jpeg/5dba8b9c0ca23a1abed35763c98facf5 0 0 0 0 0 1
train_jpeg/d40b35c2f594b89524c67af46ac342f6 0 0 0 0 0 1
train_jpeg/a1c80226c0de6d63b6e9e46f7447dc40 0 0 0 0 0 1
train_jpeg/fbda3ef47493765e3d705185bf5c9538 0 0 0 0 0 0
train_jpeg/841b1864e29f7e6371b6ab16a298142b 0 0 0 0 0 0
train_jpeg/c0574c7fa0c7f0c728d95df8f1c971c4 0 0 0 0 0 1
train_jpeg/86b589ed2f53402336a29f328a71909f 0 0 0 0 0 1
train_jpeg/570ff043568e88ee3792b8805e145485 0 0 0 0 0 1
train_jpeg/80caa435b6ab5edaff4a0a758ffaec6e 1 0 0 0 0 0
train_jpeg/fc50039c45fdb6c9224bfff5ba4e64b3 0 0 1 0 0 0
train_jpeg/4e5644149c48a827796a096c0a9aa3f6 0 0 0 0 0 1
train_jpeg/f1d1d044621a14cf86416b00c84139dc 0 0 0 0 0 1
train_jpeg/202cdbe91ad9e9d4e99be4b09611fa84 0 0 0 0 0 1
train_jpeg/7bd717ae325d7bb86de08c8283096ce1 0 0 0 0 0 1
train_jpeg/efe36330d8283825e3b54a6da4222181 0 0 0 0 0 1
train_jpeg/c36dafa1ed22b81682dbbd30a6dd0b32 0 0 0 0 0 1
train_jpeg/4555cd23fa3c64760cddeb6628c9ad1d 0 0 0 0 0 1
train_jpeg/f05356aae5a154293ca66073324aa47b 0 0 0 0 0 1
train_jpeg/8ba443808c86de6a1720ec9bc25bfab2 0 0 0 0 0 1
train_jpeg/25b123c53b8d9f39e9e29e4ee34c9906 0 0 0 0 0 0
train_jpeg/317507bb22f6c10f4f08e8666c0f6ff8 0 0 0 0 0 0
train_jpeg/8aecb4535fbfdee0217ef2f37b735c29 1 0 1 0 0 0
train_jpeg/6aee48100cc84e8ce9fa362fbac6113b 0 0 0 0 0 0
train_jpeg/85881064c18934f9f13c48bca2482876 0 0 0 0 0 1
train_jpeg/151a8ce59aa6e414ee8a9c9d711cee61 1 0 0 0 0 0
train_jpeg/28bd0f8a43ce103f9f5375abcf388da8 0 0 0 0 0 1
train_jpeg/a88c836e0c55edacc49699a8a0964d41 0 0 0 0 0 1
train_jpeg/c03d5db421ebebd645116dcac6a9fc50 0 0 0 0 0 1
train_jpeg/76daa0fd9fc0346e09cbcc7ac90c9fb1 1 0 0 0 1 0
train_jpeg/c57e2790b60c949160c90679c711066a 0 0 0 0 0 0
train_jpeg/839b2311ffad9bdd9aa98c74aad6e251 0 0 0 0 0 1
train_jpeg/4629cd1ba92205b95b2748192a993475 0 0 0 0 0 1
train_jpeg/f1b743ce8d76f083d3e87da80f1dd522 0 0 0 0 0 0
train_jpeg/f3aa2bf9e8bd2a4228ca4fc31200e8c3 0 0 0 0 0 1
train_jpeg/4d356735e2f8b4719c416f78dc80a7e5 0 0 0 0 0 1
train_jpeg/27eeacb2cf6ea95a95e0c60a914d45a3 0 0 0 0 0 1
train_jpeg/f1c4779f16c3ebad57ecb73dcf2a2c1d 0 0 0 0 0 0
train_jpeg/ce27243d2d050f7215b7eb5ac66e4700 0 0 0 0 0 1
train_jpeg/99c9f80ddc48480a4562f47530a6b573 0 0 0 0 0 1
train_jpeg/9fccf640c41b789bef11c3437045436d 0 0 0 0 0 0
train_jpeg/297a3cc416d776c8b602097611ecda0b 0 0 0 0 0 1
train_jpeg/2333d8915a42791bd09ab3fd2e47ab21 0 0 0 0 0 1
train_jpeg/d558c4e784e7c5808e1226f1f0f3559b 0 0 0 0 0 1
train_jpeg/4ad46eb0e6e47dd1b4ca3c493d755341 0 0 0 0 0 1
train_jpeg/d15abd2427868abfd1c0b5381405ee1d 0 0 0 0 0 1
train_jpeg/32d655e807135e9acfa04223a579b83d 0 0 0 0 0 1
train_jpeg/de148636aedb29a1e610b3a8010a7c42 0 0 0 0 0 1
train_jpeg/7b85671c74690ec283810c7ea3265405 0 0 0 0 0 1
train_jpeg/9d78bfe4df5aa3ba04c68ac0373d3470 0 0 0 0 0 1
train_jpeg/19b51cda56e42d3fd879b996c986bbc1 0 0 0 0 0 1
train_jpeg/f427a602bd5118f325550a3f00320551 0 0 0 0 0 1
train_jpeg/bb369d00543d0ca80c7515d50fd2b4de 0 0 0 0 0 1
train_jpeg/8b82e0d3b7006b3336aab010348a0ba8 0 0 0 0 0 1
train_jpeg/de286f424ae321b5b1bbe9a96c24a418 0 0 0 0 0 1
train_jpeg/4ba1b85c3650584d7708baa9df6d3260 0 0 0 0 0 1
train_jpeg/99110ff62d133cbe587372864727458a 0 0 0 0 0 1
train_jpeg/5c796eb672128aa15473051998334a09 0 0 0 0 0 0
train_jpeg/98e8ae2999c629ea39fd218fc7997d76 0 0 0 0 0 1
train_jpeg/910c99ddbefd826f8e28f0969d0d162f 0 0 1 0 0 0
train_jpeg/2f860fb83cbf1cb95b4ba94769a7f099 0 0 0 0 0 1
train_jpeg/41ebb4e4b4434bb495434e6a4026c9d7 0 0 0 1 0 0
train_jpeg/9ca2725b69db57ebc2df26a7da70affb 0 0 0 0 0 0
train_jpeg/41df0823424a361e4ad64fc5af350278 0 0 0 0 0 1
train_jpeg/5d8aad3fbe2a422089ebf41678bda3ce 0 0 0 0 0 0
train_jpeg/7b920bce891b25951301ec05abc9d36e 0 0 0 0 0 1
train_jpeg/b8c03aa09c3c76362ca705396fb7e055 0 0 0 0 0 1
train_jpeg/1ba5c3403aa4a6e27f31f49b9e5ba37e 0 0 0 0 0 1
train_jpeg/06c60e030c4216ce9ef5c2ba8db919f0 0 0 0 0 0 1
train_jpeg/b10952e32b77bd8acf557d7856856156 0 0 0 0 0 0
train_jpeg/966ae608783951f73244e01c1e5694d4 1 0 0 0 0 0
train_jpeg/c9a87267973e8a790a9bca4babc131a4 0 0 0 0 0 1
train_jpeg/25e4fa50ffa395dd163a97ca6bef8fe0 0 0 0 0 0 0
train_jpeg/a1359dd18cd39f353c040139db429e22 0 0 0 0 0 1
train_jpeg/80860f760ef3428906d7f7a4c6135439 0 0 0 0 0 1
train_jpeg/ede72bdbae3f743b8febe5433c49d126 0 0 1 0 0 0
train_jpeg/449d8bc9224433abf1a23b78998bac06 0 0 0 0 0 1
train_jpeg/ca6c4552248da1513a23759b61e22f65 0 0 0 0 0 1
train_jpeg/91332530b9a18caa74a32c5f57a7b55b 0 0 0 0 0 1
train_jpeg/3fe05cdb192edd7078d911a3bf674547 0 0 0 0 0 1
train_jpeg/e0e61924ef64be87474030410d1eda62 0 0 0 0 0 1
train_jpeg/52c9a468b4d77e79c9a4c27a8e896e67 0 0 0 0 0 1
train_jpeg/7fccbf8d7cf537f74586ca8f1ab56fc1 0 0 0 0 0 0
train_jpeg/af4ab9c77eca05d706b877bb52a23303 0 0 0 0 0 0
train_jpeg/9f7af8b53e0563d516aa27a23bd2836b 0 0 0 0 0 1
train_jpeg/32f9788c7454a1a8372f3b1ddf5b5cba 0 0 0 0 0 1
train_jpeg/65edc7ea9c07b5cb1b6cd6a2a09b4e44 0 0 0 0 0 1
train_jpeg/fe0d0950e56c6a9e19d27077bdfc4964 0 0 0 0 0 1
train_jpeg/b0f25a7386d80249b83a27172859ebdd 0 0 0 0 0 1
train_jpeg/c9bb8d5267ac8eff9fee019c0463ea0d 0 0 0 0 0 1
train_jpeg/45914f9faa0cdc6dd6eeba48fd1c6402 0 0 0 0 0 1
train_jpeg/33f32fc1cd5aa4bc4a2ad1d602da4a74 0 0 0 0 0 1
train_jpeg/c5c36ce7f8adbd045bfe59a325eeae47 0 0 0 0 0 0
train_jpeg/d4ea25aa90608e4cac7b6c6679c7343b 0 0 0 0 0 1
train_jpeg/9d42c5942895afd3391a8fb93a3991a8 0 0 0 0 0 1
train_jpeg/8660a855ed1132d223d928c2279fa4b5 0 0 0 0 0 1
train_jpeg/158038e087e9cded6fd693f21c814608 0 0 0 0 0 1
train_jpeg/9462ea761ace07783a696c6b876380d2 0 0 0 0 0 1
train_jpeg/ecd24fe10c9d9f18da495785dda97c00 0 0 0 0 0 1
train_jpeg/e7a58f5647d24fc877f9cb3d051792e2 1 0 0 0 1 0
train_jpeg/07cd31eb3e596d7ebc51d920beccd76a 0 0 0 0 0 1
train_jpeg/1575b5f8405075e4d23aa10cdd11a9ce 0 0 0 0 0 1
train_jpeg/d7f759ba7719fc29769b490f0e485892 0 0 0 0 0 1
train_jpeg/65bbf9fd1188133c1271e68b39df7237 0 0 0 0 0 1
train_jpeg/9074b5859c254e4cc0d1ae9781cfcdf1 0 0 0 0 0 0
train_jpeg/be9127737156699c0e090e1157998265 0 0 0 0 0 1
train_jpeg/afb0df0628d066be12282c0d43269c0b 0 0 0 0 0 1
train_jpeg/2d123b7231e4ec109e058816afdaf924 0 0 0 0 0 1
train_jpeg/cdfb27f0268e0803530e4511ed89b0c1 0 0 0 0 0 0
train_jpeg/17c980696d1aa513ab00665f1eff7bd6 0 0 0 0 0 1
train_jpeg/94743d446fac609118a2e7061d6c833f 0 0 0 0 0 1
train_jpeg/09e1e8ad685b4d843457c37fb071d3c9 0 0 0 0 0 1
train_jpeg/a592ab7261f7319a4815f58e5cb9c472 0 0 0 0 0 1
train_jpeg/cbc971fb918adb51914a165519ba121a 1 0 0 0 0 0
train_jpeg/930659d5e9eb2e7e224255e9337b9f99 0 0 0 0 0 0
train_jpeg/e18a21af6b22a09f4cbd7f3e60170f77 0 0 0 0 0 1
train_jpeg/02d78076ba349f56b20f3467af61ef58 0 0 0 0 0 1
train_jpeg/6ff317b043f4d0e2d234cf3b2f0ce514 0 0 0 0 0 1
train_jpeg/9a3d018df521eaab6b4eec203a19970b 0 0 0 1 0 0
train_jpeg/2812db133a69cb8bd4adec4122677b1c 0 0 0 0 0 1
train_jpeg/7b5d44f6dd14787142deafbe64eb3b03 0 0 0 0 0 0
train_jpeg/2d8af921ca1dcb7ce98a79b3c01b0e79 0 0 0 0 0 1
train_jpeg/2142468bfb44b63785a97096a69b020a 0 0 0 0 0 1
train_jpeg/e746ee7a622d991a0c02b55efe234fb9 0 0 0 0 0 1
train_jpeg/61f1b63d57ebeda7057f052360cd7810 0 0 0 0 0 1
train_jpeg/d6569366db7f18f343963d9119307f89 1 0 0 0 0 0
train_jpeg/17586e43095e0c22be0a68cb1633bc4c 0 0 0 0 0 1
train_jpeg/cc70e9658fc974cf91bce73f4798856b 0 0 0 0 0 1
train_jpeg/2f04c078e7bb7c23addf7464f7c4e925 0 0 0 0 0 0
train_jpeg/990100555b4fe76dfdd55171e8fcc8a9 0 0 0 0 0 1
train_jpeg/4cccd244506af875fc9d2a32ad2b4b96 1 0 1 0 0 0
train_jpeg/ef785e487e967f53c331f06ff46a6067 0 0 0 0 0 1
train_jpeg/fd3bc4451de23d488123a67048dd6ef4 0 0 0 0 0 1
train_jpeg/4ddc546539907c6884564c6711e6e8f6 0 0 0 0 0 0
train_jpeg/f50d5b9d7f65680d066371d14fcda875 0 0 0 0 0 0
train_jpeg/f8f7c9d241a55c15c3d0afc7a5f35474 0 0 0 0 0 1
train_jpeg/ad298b98223eac646a4f2a596c8ec0f6 0 0 0 0 0 1
train_jpeg/d2ea9560a23b1508c5bf080a9cce1ccd 0 0 0 0 0 1
train_jpeg/f2c24b0ee5fc1d417923650b5a7c5532 0 0 0 0 0 1
train_jpeg/a5ef63166c0cc0acf772a7f06ef54fac 0 0 1 0 0 0
train_jpeg/f79c3fc269e1b961c4930926e32053c0 0 0 0 0 0 1
train_jpeg/fa7b469e21cf7a4e7afe9f17cf721259 1 0 1 0 0 0
train_jpeg/fb94c640dfc2eef6e7ff92a5a72ad221 0 0 0 0 0 1
train_jpeg/88c4acf92ce54c7c0480ee92515e207b 0 0 0 0 0 1
train_jpeg/58a22ee84492387e2ca894c1d23df268 0 0 0 0 0 1
train_jpeg/a22d5dcb6a6259375ae2f3cbc18d5394 0 0 0 0 0 1
train_jpeg/7ff2bf9cde37a4224e94680ce1b7b828 0 0 0 0 0 1
train_jpeg/59087204d2f93c8d2613e6e2fe672c9b 0 0 0 0 0 1
train_jpeg/d70e8f6924ff1e80d6b008965df94e08 0 0 1 1 0 0
train_jpeg/f947a3db8a96a8809203f0625ccb4cc4 0 0 0 0 0 1
train_jpeg/4e4cbf0f594c88fa0dd129485f159f41 0 0 0 0 0 1
train_jpeg/e3a37326d6d7c5c35e6f84cfbb8187ca 0 0 0 0 0 0
train_jpeg/83c30c1b04b487fb45a186aedcb8971d 0 0 0 0 0 1
train_jpeg/f25c0dd32bd07894695b8c1f709872ed 0 0 0 0 0 1
train_jpeg/edd63fab835b3c6492a5ec8b8a3446d3 0 0 0 0 0 1
train_jpeg/efb4c40bcdca8c2e5100a9febf5fbd4b 0 0 0 0 0 0
train_jpeg/3a16e3ddea4a2e8c5d2acd76981304f5 0 0 0 0 0 1
train_jpeg/19f915a7d8d00addb6a4846e623b4bfc 0 0 0 0 0 1
train_jpeg/62fad4135a04319bc5e499828b05ac70 0 0 0 0 0 0
train_jpeg/0b5b42c2920b109c7c876c6ddfcf8df8 0 0 0 0 0 1
train_jpeg/47db2377baf03ae64eb421d6a9613a6f 0 0 0 0 0 1
train_jpeg/b771401a98e2b9d60f704efe9d265d58 0 0 0 0 0 1
train_jpeg/d9bb0e4b3e6f2c0150d1ad117aaa8ed7 0 0 0 0 0 1
train_jpeg/82336f39711a91abff06905932f534d7 0 0 0 0 0 1
train_jpeg/dcee5c339d220a9906de111253338580 0 0 0 0 0 1
train_jpeg/4522ac24e7673ada4b9d4424e6cb1da4 0 0 0 0 0 1
train_jpeg/4de285a2425fae1e19bb809500afb721 0 0 0 0 0 0
train_jpeg/e419ab4961bbdc95af8baf1afe2faaf5 0 0 0 0 0 1
train_jpeg/33f32fc1cd5aa4bc4a2ad1d602da4a74 0 0 0 0 0 1
train_jpeg/12bbf5e4c310be2e3d375867da5d42c6 0 0 0 0 0 1
train_jpeg/26603f3c325594b0a07a9fd73d74bbce 0 0 0 0 0 0
train_jpeg/26bd4fbf3a8b8e3ecc307a58fa3027a8 0 0 0 0 0 1
train_jpeg/582507a95b6a2941ebe24a632ce2c9e8 0 0 0 0 0 1
train_jpeg/877a53d035ddd0a518cb4c08f7f0d962 0 0 1 1 0 0
train_jpeg/00b05e693202bb65a0c0ca7a0201495d 0 0 0 0 0 1
train_jpeg/d79e29f792f1225d45994d75d624f8d1 0 0 0 0 0 0
train_jpeg/0721d587dd8b168403df0a9e5d6ab6ec 0 0 0 0 0 1
train_jpeg/c65a926ea060e239e8ca8c40eef568c9 0 0 0 0 0 1
train_jpeg/e9726af82377769bcba9c5e7f6317d26 0 0 0 0 0 1
train_jpeg/919c32ee598c0e9c12188964768b5bed 0 0 0 0 0 1
train_jpeg/bfed73d0942f8976d1eedab115940b8c 0 0 0 0 0 1
train_jpeg/3487e46c9030e3b3743bbbb8febd897c 0 0 0 0 0 1
train_jpeg/a93aa5aa1b0bf249522ab4d0c79e65dc 0 0 0 0 0 1
train_jpeg/e0ad8549835ae5a3208c03ce618e79a0 0 0 0 1 0 0
train_jpeg/d6b8482421ee5ee48d166c37d54cf7de 0 0 0 0 0 1
train_jpeg/a1097b02707668caffff26bfb3ce4898 0 0 0 0 0 1
train_jpeg/3d267fca7c94f3426d1fc31b62efae19 0 0 0 0 0 1
train_jpeg/760af980f4ad1ef40a517cf7e005ea1b 0 0 0 0 0 1
train_jpeg/06014542a807dabcf30867a2414b5e83 0 0 0 0 0 0
train_jpeg/dca11a1863f74637d4d050dfbf6a6ac5 0 0 0 0 0 1
train_jpeg/57e37e82484254e6826397247ac940d1 0 0 0 0 0 0
train_jpeg/9b83a56dc19255317dd9e01000c2c6d6 0 0 0 0 0 1
train_jpeg/01a1e85c56486eccd29f3e824e745c2a 0 0 0 0 0 1
train_jpeg/919f8cf3f0d42ba1cf8942119bd91419 0 0 0 0 0 1
train_jpeg/92f0ebeda3513fae175185ecff6ecf0e 0 0 0 0 0 1
train_jpeg/059412ad34b2c48179f178e3138b5022 0 0 0 0 0 0
train_jpeg/5b78d8b5d489489343ab31222df7a14d 0 0 0 0 0 1
train_jpeg/74292e695d6b5868b89acf26363ee93e 1 0 0 0 1 0
train_jpeg/c444b19581ddea2f155be46dae218a12 0 0 0 0 0 1
train_jpeg/650334cea0f60f6cc424946aa9396d17 0 0 0 0 0 1
train_jpeg/0391d2388a2442f14d055d5089a747c6 0 0 0 0 0 0
train_jpeg/6899d63a9d60ee219291ba61f964dbcc 0 0 0 0 0 1
train_jpeg/0a26a07d95ed851cdfc7f55f44e2ba77 0 0 0 0 0 1
train_jpeg/65bbf9fd1188133c1271e68b39df7237 0 0 0 0 0 1
train_jpeg/510bd037beda94d973e885d2c3896d56 0 0 0 0 0 1
train_jpeg/942d83991819c4e1c9f10261e7e740cf 0 0 0 0 0 0
train_jpeg/380ff3e769987ae0dd986f3441fee659 0 0 0 0 0 1
train_jpeg/ce0a7268695e0f82d7350f8646ea8c86 0 0 0 0 0 0
train_jpeg/98b4edbf9b483c883f0a40c04ea61800 0 0 0 0 0 0
train_jpeg/97fe3100065217d8818a7391c0fdaa99 0 0 0 0 0 1
train_jpeg/58f042774d3d43dea2889d51f2843927 0 0 0 0 0 1
train_jpeg/23e60c849578686b339e57c00a3eebc9 0 0 0 0 0 1
train_jpeg/cbcb95889f621abbd2e9b46220267c98 0 0 0 0 0 1
train_jpeg/6fae774d9d22fc4fa2b12972484bdb06 0 0 0 0 0 1
train_jpeg/ef608794f57405fb9a7468e3ef1e98fc 0 0 0 0 0 1
train_jpeg/23db61949d4601b884fd79a49deacda7 0 0 0 0 0 1
train_jpeg/611077472d2fc78135ad2ad32059888e 0 0 0 0 0 0
train_jpeg/82f987e8c28fe9a0d65491604e0d2a21 0 0 0 0 0 1
train_jpeg/859ff9f6ec5b2d6adad18f2cae3a8f33 0 0 0 0 0 1
train_jpeg/502a3c9ce20947359a226af872d52f09 0 0 0 0 0 1
train_jpeg/da8d39508b91606b10b2d9951ad21203 0 0 0 0 0 1
train_jpeg/24bfefea72970330a9a8013298cf5f51 0 0 0 0 0 1
train_jpeg/ef3aa4dc726f1f72da7aad1624eaced2 0 0 0 0 0 1
train_jpeg/f8c4ffc718ece871a52ab5f63b04b41c 0 0 0 0 0 0
train_jpeg/3f1c30152e33358e5830f3b59bd0c41d 0 0 0 0 0 1
train_jpeg/2162cbf3127612dcfed53a45f756b550 0 0 0 0 0 1
train_jpeg/3db920cfa1955efefa82e2f46d2c7519 1 0 0 0 0 0
train_jpeg/5f3025ce95f6e6b3ada17c1d0d253dee 0 0 0 0 0 1
train_jpeg/bc849fedf97c9eb2bc7707bac17329bc 1 0 0 0 0 0
train_jpeg/dd9cc01c6dbb317d0e2f2460e7150675 0 0 0 0 0 1
train_jpeg/ccfef4968e4e3d491cc92492df037394 0 0 0 0 0 1
train_jpeg/47d5d77dd3faf937362a6a8c44c3df6d 0 0 0 0 0 0
train_jpeg/b6d81cd3e996c836eeeadcc896afdfe4 0 0 0 0 0 0
train_jpeg/77721a660a5784c2b244167443f1bc26 1 0 0 0 1 0
train_jpeg/7d4366c30f7f7ff4b4a892e3ce5c69f2 0 0 0 0 0 1
train_jpeg/4ed68446e699393eee15c57b87ab6f14 0 0 0 0 0 1
train_jpeg/f3ab9bfbc5d7ebe903029eed048e6bfb 0 0 0 0 0 1
train_jpeg/0c450f19114239e20978f5eeea14774d 0 0 0 0 0 1
train_jpeg/96fb81c205dcedda4f036353e4f18cdb 0 0 0 0 1 0
train_jpeg/cc00743f13df1c135d3bb29b98e458b8 0 0 0 0 0 1
train_jpeg/1606093b9d036cda7e30316ada6ea2cf 0 0 0 0 0 0
train_jpeg/e89430cc87ac300a21b208d0c431fc20 0 0 0 0 0 1
train_jpeg/cba3e862212c211588db03ff6826cedb 0 0 0 0 0 1
train_jpeg/c643dd8f0a5f04a5a009109976db6b7c 0 0 0 0 0 1
train_jpeg/1abc135df0aababb6583f4ffa5486d8a 0 0 0 0 0 1
train_jpeg/b8c2817b6550ea85ec7872b491fed71e 0 0 0 0 0 1
train_jpeg/c29776abe9bff79b1f724acb92b706d5 0 0 0 0 0 1
train_jpeg/a4bc2e88a21b0cc1bb3a7b6645c739f2 0 0 0 0 0 1
train_jpeg/f99c888cfe3ec332780b60b44134f681 0 0 0 0 0 0
train_jpeg/c6c266db9a9de1549b7534b15a7782a8 0 0 0 0 0 1
train_jpeg/1af270293d9dc1817fc4be1f202a7234 0 0 0 0 0 1
train_jpeg/98a19c2b1c772739aed4c48fc58ab23a 0 0 0 0 0 1
train_jpeg/bb0801fb6766d46397fa96ff03632a4b 0 0 0 0 0 1
train_jpeg/81e1bdd75db3ed8260cd2a8a206107a4 0 1 0 0 0 0
train_jpeg/032111ac5bb2e0cbb9a22745a77eef8f 0 0 0 0 0 1
train_jpeg/ed6b8aafbebda034d02fb57cbe7a2439 0 0 0 0 0 0
train_jpeg/41e5bc861c69b00689a8252212c61385 0 0 0 0 0 1
train_jpeg/48e00d015561b8889fa056975f74f14c 0 0 0 0 0 1
train_jpeg/8434de3377a80db9a650dbbd29b96ba9 0 0 0 0 0 1
train_jpeg/978aac9419e5145086523be16545e55a 0 0 0 0 0 1
train_jpeg/72338eba8f25aa318ee8581f4e020329 0 0 0 0 0 1
train_jpeg/9bea5cf45dd01f201a57783067925543 0 0 0 0 0 1
train_jpeg/6e45dcf215f6474234248ad70fb897d1 0 0 0 0 0 1
train_jpeg/bbddec90a8d4ed86861978fb09267338 0 0 0 0 0 1
train_jpeg/785987505cf26c0b13b070603eece05f 0 0 0 0 0 1
train_jpeg/ef34c7c7f4fafcdf61b75dd5bf5b4ea4 0 0 0 0 0 1
train_jpeg/65bf4d6bc6fcf6a912ef3ec74bf9e35c 0 0 0 1 0 0
train_jpeg/a6b6d44729d6933abe6649b63f06f94e 0 0 0 0 0 1
train_jpeg/45b753e5083940be9e2f3713796a7056 0 0 0 0 0 1
train_jpeg/3fbd129251fc5b0ef8ba82bb88da3e5a 0 0 0 0 0 1
train_jpeg/9369d8c9b16544b4f5c2d953f972a87c 0 0 0 0 0 0
train_jpeg/98dca7e62a4f2d47455b9a275fa75a08 0 0 0 0 0 0
train_jpeg/44782ba571937e1868d5ec142c7cdc6e 0 0 0 0 0 1
train_jpeg/7daa7e5ce05f09404b845efb87f3ea20 0 0 0 0 0 0
train_jpeg/b27058c3d90db534e2f48ee7093d007a 0 0 0 0 0 1
train_jpeg/b3d1eabc4bb5b66d92f3fae7ddb67b29 0 0 0 0 0 0
train_jpeg/92cf780d385732954fa44e37fab1711a 0 0 0 0 0 1
train_jpeg/26576637eee899e19fdc98b8fcfb28a4 0 0 0 0 0 1
train_jpeg/1b4272ebac3eb5cabb7af61a9517d90e 0 0 0 0 0 1
train_jpeg/576bf32b4e63adbbc622b07ea09a0394 0 0 0 0 0 1
train_jpeg/dcef509b35c090fcf97d17c0182e5a95 0 0 0 0 0 1
train_jpeg/be53fe5a49231f1c1be020b0bdd8561f 0 0 0 0 0 0
train_jpeg/dee0f6c9aa9bd345e9158fbf206851fe 0 0 0 0 0 1
train_jpeg/cd84507c340286ab3e70e4731bc59dc2 0 0 0 0 0 1
train_jpeg/932a999a03200da226adba5f234b769f 0 0 0 0 0 1
train_jpeg/49067626b247a6e8b9bd7e5b1d776c38 0 0 0 0 0 0
train_jpeg/314fdeb0152e847fa3f722991f547828 0 0 0 0 0 1
train_jpeg/c4d6eecd144d4d9a850aa0640f21777a 0 0 0 0 0 1
train_jpeg/057fb23418bbab7f82689ab76a54cbac 0 0 0 0 0 1
train_jpeg/2879ad2fbfbb461b4210745e2fa378f6 0 0 0 0 0 1
train_jpeg/aa1203b1ecab0cddec19f07eb68d4dee 0 0 0 0 0 1
train_jpeg/baed9de3a99725b845a6249519224adb 0 0 0 0 0 1
train_jpeg/5d3325c2fb25ebe16e226158f65e7552 0 0 0 0 0 1
train_jpeg/dc822ebcbb0cb4879d794f0f1bc3638d 0 0 0 0 0 1
train_jpeg/a2ca9713ed2b4fb5632aa8647769c1a6 1 0 1 0 0 0
train_jpeg/330f501cb35f5f63d3f9cefe507ff47a 0 0 0 0 0 0
train_jpeg/50493f86bb23f2aa97989846eba9600d 0 0 0 0 0 1
train_jpeg/ffceb71a80efba3b83c88e11f4b9694b 0 0 0 0 0 0
train_jpeg/107d7671377160a4a5d708849ed5d331 0 0 0 0 0 1
train_jpeg/d4244fd8ef401167bd9cd0b58c1f93a1 0 0 0 0 0 1
train_jpeg/03de7a52c6daf7b17cf84383debc2362 0 0 0 0 0 1
train_jpeg/5bda77cc593f05dbb92807e4669161f0 0 0 0 0 0 1
train_jpeg/e13b88ac798eca3b87203f545659cee8 0 0 0 0 0 1
train_jpeg/39c6d89c4af8520e1aa048b693fa482d 0 0 0 0 0 1
train_jpeg/7297249c9d4dd6c52795194e497d3819 0 0 0 0 0 1
train_jpeg/8a69b16335e1685947e481570f92b551 0 0 0 0 0 1
train_jpeg/98a03f67fa1ac60db313bbd9a09d01ec 0 0 0 0 0 1
train_jpeg/1bc4c3008d6a7144722daa35a7ff2b00 0 0 0 0 0 0
train_jpeg/0d758802aeeebb56a0632f26285c3d29 0 0 0 0 0 1
train_jpeg/a0ed62efc8bf9e5053d18e250390b96d 0 0 0 0 1 0
train_jpeg/6899d63a9d60ee219291ba61f964dbcc 0 0 0 0 0 1
train_jpeg/fd810298e165ef0b9a88bb25fda7a34b 0 0 0 0 1 0
train_jpeg/72686be38ae96efc63c8621caa20a8c5 0 0 0 0 0 1
train_jpeg/b3f4af84fa71fe204eb105ce430deef3 0 0 0 0 0 1
train_jpeg/97bdb0096786b6ac9b5f0901cf144084 0 0 0 0 0 0
train_jpeg/64fd33bb2dbe5f2c9d376a66820b4014 0 0 0 0 0 1
train_jpeg/4df989ed5a8e07614c7121e0f57ab881 0 0 0 0 0 0
train_jpeg/0924f6ef94d465be6a2ced6579726448 0 0 0 0 0 1
train_jpeg/3ac56b155ee17a6b0918ada540dba729 0 0 0 0 0 1
train_jpeg/29cf3341c2f0195c0faddcf2e640045b 0 0 0 0 0 1
train_jpeg/57d50fa4f8377dc74779a0a5972d49a5 0 0 0 0 0 1
train_jpeg/5789e4266faeb45b6a483cff6b83c5d1 0 0 0 0 0 0
train_jpeg/d11b2ce53ce195af06de80a5076f8126 0 0 0 0 0 0
train_jpeg/a782b1a571da89222c8085b9fb6b1df5 0 0 1 0 0 0
train_jpeg/798a227007845dc3ffdca15e0d66d724 0 0 0 0 0 1
train_jpeg/bbcbd796af5db196cc6a1900ff4e047f 0 0 0 0 0 1
train_jpeg/bde4bfa149bc13cee2de7c2e942979e7 1 0 0 1 0 0
train_jpeg/3156a168acb759ef3257ea5a5d788a91 0 0 0 0 0 0
train_jpeg/5dcadceca5d9be91e3a484b004989a11 0 0 0 0 0 1
train_jpeg/9e7c8dcb83230812b24811e9d15cb328 0 0 0 0 0 1
train_jpeg/ff74b8c3d8a2799cdcc9880531852a06 0 0 0 0 0 1
train_jpeg/051d112b55e4c9f9dfa53307cc2ffb62 0 0 0 0 0 0
train_jpeg/b9e3a3e2f00c934a4212c99b8727d720 0 0 0 0 0 1
train_jpeg/bb713c4411bc3fffe3010ea9afd60182 0 0 0 0 0 1
train_jpeg/9709d82d659fb12a802e353c0ceb7332 0 0 0 0 0 1
train_jpeg/c73079e659486c1aaf40def2cffe1fa3 0 0 0 0 0 1
train_jpeg/8ce28abc5f7b1e4b97eef3cf6f2cb218 0 0 0 0 0 1
train_jpeg/4e09020c210d7ec3622e594acd77137c 0 0 0 0 0 1
train_jpeg/92013d304f90f55df3decf478c443e1f 0 0 0 0 0 1
train_jpeg/137c6be08e499d40ddcbf6f8059190fd 0 0 0 0 0 1
train_jpeg/952b065c0aac9ab20a9bcc051987a00f 1 0 0 0 1 0
train_jpeg/d014804684a4ef47757ec455ef14801f 0 0 0 0 0 1
train_jpeg/8fca80e7b01704575f553adf60d9c3ed 0 0 0 0 0 1
train_jpeg/bc0d2cb257b23eb0397b97c09935c371 0 0 0 0 0 1
train_jpeg/935a7deda5e549ec48293dea791b7c5a 0 0 1 0 0 0
train_jpeg/e071243215a835dbf5f53328856f4126 0 0 0 0 0 1
train_jpeg/69576d6a27546bd9b9e3f5a709e985a8 0 0 0 0 0 1
train_jpeg/0b0fa9da5382959b802284f725a2ce30 0 0 0 0 0 1
train_jpeg/db8c3f6b46f4c83a11e95da6fbe8330c 0 0 0 0 0 1
train_jpeg/fac75d8df144493c44c741ccb0efba3d 0 0 0 0 0 1
train_jpeg/8de1d1a853009572844969d046f99f6b 0 0 0 0 0 0
train_jpeg/33db2b371f7527ae2cd349abe5a7c062 0 0 0 0 1 0
train_jpeg/009d837e29ba400e03856cf8d6a5b545 0 0 0 0 0 0
train_jpeg/113f39bcbaf112a7d29c192340bb88ea 0 0 0 0 0 0
train_jpeg/5d9843339aaa8ebfab3acaacc572e1aa 0 0 0 0 0 1
train_jpeg/3af57464c92c7fa06dc433198ed68e86 0 0 0 0 0 1
train_jpeg/b91b76bcb6e0b005ef98719bd719b488 0 0 0 0 0 1
train_jpeg/84fdc0055fe587d2095ace6ad7ffc837 0 0 0 0 0 0
train_jpeg/58c124b011089a70e144fcb9d8d1c178 0 0 0 0 0 0
train_jpeg/f4e8dbd6273e7bfea54ca8fcabc17ead 0 0 0 0 0 1
train_jpeg/835413c68fe1d065629f748ed4e67205 1 0 0 0 0 0
train_jpeg/68bf44155e1e9cd26c7ac566d5a02289 0 0 0 0 0 0
train_jpeg/9b85b7ef757927db44393d03083a757c 0 0 0 0 0 1
train_jpeg/255f4987d211d413e7823dea2ac6642c 0 0 0 0 0 0
train_jpeg/7fc40448eac612a6ecae7d18175631f1 0 0 0 0 0 1
train_jpeg/340b0fcd5c4442fb653a1abc3a90ee5e 0 0 0 0 0 1
train_jpeg/32d655e807135e9acfa04223a579b83d 0 0 0 0 0 1
train_jpeg/c8c4c3761eec54737d4c65316cc3bdb0 0 0 0 0 0 1
train_jpeg/adef9dba6952bc9f0e12ec333d323702 0 0 0 0 0 1
train_jpeg/a8d64d95235580532652f69ce634b687 0 0 0 0 0 0
train_jpeg/324a01a3f610efcbc7d26922e4cedee1 0 0 0 0 0 1
train_jpeg/fe8f22bba9ea2e142143180563964e22 0 0 0 0 0 1
train_jpeg/df43f55cec26e910637227f1a608b4db 0 0 0 0 0 1
train_jpeg/37969967243726a9e231291224502076 1 0 0 0 1 0
train_jpeg/15af14446b411c614094e6d68f74d9ff 0 0 0 0 0 1
train_jpeg/b9f09915187c2cc01e958da90d97ac89 0 0 0 0 0 0
train_jpeg/aa4cf76226d7f21f2d98f6dbf14b0ed8 0 0 0 0 0 1
train_jpeg/f77c69a7b261fe9a5dfb469271f7d5cb 0 0 0 0 0 1
train_jpeg/ec675fa2723a03bd4bc753ca149e9022 0 0 0 0 0 1
train_jpeg/7c8b09a80f670cc27aff68ec0da9e79b 0 0 0 0 0 1
train_jpeg/2400efb8ccb698992e54ec03286d35ef 0 0 0 0 0 0
train_jpeg/942048b3178effeff6507cef798d67e0 0 0 0 0 0 1
train_jpeg/e8d1151eb83dba0687ebf59cb06dce20 0 0 0 0 0 1
train_jpeg/65bbf9fd1188133c1271e68b39df7237 0 0 0 0 0 1
train_jpeg/a4843f51fdfdc62754b9c68701f9db61 0 0 0 0 0 1
train_jpeg/aa0202259a3cba71d0e72468e2d9c3e2 0 0 0 0 0 1
train_jpeg/96c522f25fae304c496697b220be49a6 0 0 0 0 0 0
train_jpeg/d172c5e8575acfca1298f912d454be55 0 0 0 0 0 1
train_jpeg/73430dbf21167400a59e61f1d83e58fe 0 0 0 0 0 1
train_jpeg/a8b3c06853e734708957190140f9eb35 0 0 0 0 0 1
train_jpeg/6113a98628cae718b3b8f79eac32cb4d 0 0 0 0 0 1
train_jpeg/c732bac2d377365788676148636994f4 0 0 0 0 0 1
train_jpeg/1de70f5e10c9a346f9c4b00a86057e79 0 0 0 0 0 1
train_jpeg/34923076c417ba259406746b6942835e 0 0 0 0 0 1
train_jpeg/f87d4c4e7d55bc2cbd44e80bf51f8bc6 0 0 0 0 0 0
train_jpeg/31e84e485efdbb4047c66f17e5b52e8f 0 0 0 0 0 1
train_jpeg/c341b3f8a0353bab2ec49147b97ce9d0 0 0 0 0 0 0
train_jpeg/4d9ec9438fb6b72cb4fd117809521132 0 0 0 0 0 1
train_jpeg/a1baf8234b5c597e8c2a029d3d5372ad 0 0 0 0 0 1
train_jpeg/41d514ff20e011d114c57e8a5058fe61 1 0 0 0 0 0
train_jpeg/12893b1cdc9bb44ab28129b0a3ef933f 0 0 0 0 0 1
train_jpeg/032111ac5bb2e0cbb9a22745a77eef8f 0 0 0 0 0 1
train_jpeg/573fb105fd208a03dfa836fbbd5d0dac 0 0 0 0 0 1
train_jpeg/2116aa83dd20261a1c6f4b13ea3eafbc 0 0 0 0 0 0
train_jpeg/ec1e63cbb3b6ea4cb3c4b54f00e9ac6d 0 0 0 0 0 1
train_jpeg/db777351072949899452c4f424c1df1c 0 0 0 0 0 1
train_jpeg/63382fd6688255077d3e61f946fa8c35 0 0 0 0 0 0
train_jpeg/dd375650caabb420aff92ee4a5d833df 0 0 0 0 0 1
train_jpeg/ad692ac2d79af2c93b21a9260ab32f6c 0 0 0 0 0 1
train_jpeg/725d3455da58a90c17e5eba4b4520e97 0 0 0 0 0 0
train_jpeg/63cf713d392ce347a329b20e8bd4782b 0 0 0 0 1 0
train_jpeg/324a01a3f610efcbc7d26922e4cedee1 0 0 0 0 0 1
train_jpeg/31e4c4e4e0ef9cff79ea0dcf1ce25db6 0 0 0 0 0 1
train_jpeg/1374c483d258203eadf6c6a525899d51 0 1 0 0 1 0
train_jpeg/ce8b46850c858e736ebef9136c271699 0 0 0 0 0 1
train_jpeg/21cf533a9fe77bdbee21babd427a0d1f 1 0 0 0 0 0
train_jpeg/de2940b8addeb5078d4e1a65369a6a3f 0 0 0 0 0 1
train_jpeg/7b3ebb99b0c19f567eb49c1bfdf4d163 0 0 0 0 0 0
train_jpeg/c24b97ff38cda0fd9d1936a235a9bccb 0 0 0 0 0 1
train_jpeg/723dab9b702a26b38d56a985f258ff2b 0 0 0 0 0 1
train_jpeg/6a5a92798a840e7b12533ada2e2816cb 0 0 0 0 0 0
train_jpeg/82caf25a0d29f7c46d8161801a07e179 0 0 0 0 0 1
train_jpeg/fff2025e3c1d6970a8a6ee0404ac6940 0 0 0 0 0 1
train_jpeg/95badc82bced45380cf4275bb11d2bb9 0 0 0 0 0 0
train_jpeg/626faf5e1e69bf5057412d8ae86660e3 0 0 0 0 0 1
train_jpeg/ecae6af88e3b859c906e9b149a422b3f 0 0 0 0 0 0
train_jpeg/6eded50356520b1bbbf9a3c40a87ce4a 0 0 0 0 0 1
train_jpeg/96021af52e0a14e49058189530e7cdc3 0 0 0 0 0 0
train_jpeg/0b630100496870b457008b0f7dae1ea5 0 0 0 0 0 0
train_jpeg/4134e5340d245866991f98a73310358f 0 0 0 0 0 0
train_jpeg/7237fe007c5cab239011e89137eee3a7 0 0 0 0 1 0
train_jpeg/495a8387ebc7d7ccfef5756ba2f4bb01 0 0 0 0 0 1
train_jpeg/2b4e10f8d855535ef7de8ccf9bcebcde 0 0 0 0 0 1
train_jpeg/20d962ccef456bf181f80843b2bc462e 0 0 0 0 0 1
train_jpeg/b58ec1947e9c4a066a551901b196789e 0 0 0 0 0 1
train_jpeg/c2c54eed2dd73e20ef0e5af5a4aa1feb 0 0 0 0 0 0
train_jpeg/a21417454475fad0efd885b19db28e18 0 0 0 0 0 1
train_jpeg/5d6c0df203f0e3f04467e27507029026 0 0 0 0 1 0
train_jpeg/ddb469ca6c74210d5e45edadfcc9ee9b 0 0 0 0 0 1
train_jpeg/be860ebccc28f0e9b0bc70ceb8951a59 0 0 0 0 0 1
train_jpeg/b66bd49e532dc5b3d043aff504c5f165 0 0 0 1 0 0
train_jpeg/9f29889356a03cac6cdb9601b37b3918 0 0 0 0 0 0
train_jpeg/7de5a65bcbdbad32dd198a88ea4a25e1 0 0 0 0 0 1
train_jpeg/42a0e01edabc44f812173bb07fa5bb09 0 0 0 0 0 0
train_jpeg/11bfa241b83d4b1dad26919f15263ea7 0 0 0 0 0 1
train_jpeg/4bf5576f3130e11a15018cc0dab97701 0 0 0 0 0 0
train_jpeg/85041ac1ad6809cdf9d2900226fe5194 0 0 0 0 0 1
train_jpeg/641968ae3a4233add5aac188531b6727 0 0 0 0 0 1
train_jpeg/3b368fea4f80aa6475184bb3a880983c 0 0 0 0 0 1
train_jpeg/c989d46402b855ed7f825b7e6e4c17b2 1 0 1 0 0 0
train_jpeg/ed2e21e1544f6ce672b01697ddf46776 0 0 0 0 0 1
train_jpeg/132eaf12f0c7f30a7d740178ec968777 0 0 0 0 0 1
train_jpeg/5de91fab780d937e6cba46c4e807bb12 1 0 0 0 0 0
train_jpeg/b5bd1410c0347b22fba82f6bb6a3a45c 0 0 0 0 0 0
train_jpeg/263a81f7641e3e94d9c9fce271e2af6a 0 0 0 0 0 1
train_jpeg/869a3ca93bb07febc1491166fc6c66e8 0 0 0 0 0 1
train_jpeg/51c4d4e8024fe7a80d2a0baafece716b 0 0 0 0 0 1
train_jpeg/cce24c097019e3287a576224531509ea 0 0 0 0 0 1
train_jpeg/4a946d127afa6776b2d5432718a46755 0 0 0 0 0 1
train_jpeg/9378e938afe891b372d0d7a1924c7aa5 0 0 1 0 0 0
train_jpeg/42ca112b4b72ed4c70ddceccc1b35a48 0 0 0 0 0 1
train_jpeg/f869fb277e73249d1ab4a0f550820ee9 0 0 0 0 0 1
train_jpeg/a5dedc7c9068f198257a7afdf0d15947 0 0 0 0 0 1
train_jpeg/998b7cc5e6e50e0353fcd1ce230f7f92 0 0 0 0 0 1
train_jpeg/9c80de4eefd3ab683accdb72a43b2961 0 0 0 0 0 1
train_jpeg/b27c879787934c51d42095098dd313b2 0 0 0 0 0 0
train_jpeg/2d56555f99586d0c8c6e31ab33297c25 0 0 0 0 0 0
train_jpeg/7af638fd3ccf857d1bd852476c92d1e9 0 0 0 0 0 0
train_jpeg/998b7cc5e6e50e0353fcd1ce230f7f92 0 0 0 0 0 1
train_jpeg/c73079e659486c1aaf40def2cffe1fa3 0 0 0 0 0 1
train_jpeg/7a854c20e3cead0d27d02a19ac1bc88a 0 0 0 0 0 1
train_jpeg/7c19737d7107ccce56c1baeedfac2f54 0 0 0 0 0 1
train_jpeg/90096c398d4c36692b487150f7dc49f2 0 0 0 0 0 1
train_jpeg/440d5de43270006800efa1caecede2f1 0 0 1 0 0 0
train_jpeg/78da90acc43f4955f1c5bd83507b3c76 0 0 0 0 0 1
train_jpeg/8d09bc6c72b4f8ad8346be6c55f9f136 0 0 0 0 0 0
train_jpeg/d4dcc6b21675250fcf6697b8b1b65e5d 0 0 0 0 0 0
train_jpeg/87545bddfd34ccf9d27c19a482f5a409 0 0 0 0 0 0
train_jpeg/0d73d7e35dc4b6432a1f40653259f8ad 0 0 0 0 0 1
train_jpeg/40f55f48d045042b8f061a718155b852 0 0 0 0 0 1
train_jpeg/778592c49dc5b2bd4f4d4f415e174b5c 0 0 0 0 0 0
train_jpeg/33d8ae7467ce9d541f67f240f3a99f0e 0 0 0 0 0 1
train_jpeg/2ea58b51001ca6347b12f504384db4cd 0 0 0 0 0 1
train_jpeg/54faa310d699dd7d3318ed5e786638ce 0 0 0 0 0 1
train_jpeg/2b8f9935065d58ab6f8bbd78643b5c02 0 0 0 0 0 1
train_jpeg/fab76d60c7fad833d0dccaccda261c3a 0 0 0 0 0 1
train_jpeg/28c18bf8fcb6c11c5fbc7c00d9f5bacc 0 0 0 0 0 1
train_jpeg/4d768b25474b2af3948ad864f7a50b84 0 0 0 0 0 1
train_jpeg/5f3bc37da88e5a5fbbc03680c3d7302f 0 0 0 0 0 1
train_jpeg/1dca2f734825798b81f034da81d257f4 0 0 0 1 0 0
train_jpeg/971e2965c2e5149f64be489d589dc3d0 0 0 0 0 0 0
train_jpeg/92b9035b68cb83cbbb36e33c9f195e58 0 0 0 0 0 1
train_jpeg/c6e0ab2470d98a6a8c701e774df929cc 0 0 0 0 0 1
train_jpeg/bc2e0835298890d24f1bea40167610b0 0 0 0 0 0 1
train_jpeg/0844f274f2a388e70231d3133754ac35 0 0 0 0 0 0
train_jpeg/4c127b111ebdba8c59de22a06ca00a7f 0 0 0 0 0 1
train_jpeg/ef1bcfdefb957f66e15ee9b875af7aac 0 0 0 0 0 1
train_jpeg/7c22cee85ef4ace76782964772819043 0 0 0 0 0 0
train_jpeg/a5e985887d6db5408eeac67bcdf771c6 0 0 0 1 0 0
train_jpeg/3d0bf3248adfb4e95e0624bd5c54495a 0 0 0 0 0 1
train_jpeg/1fec989e95cea875cef982129f8e9097 0 0 0 0 1 0
train_jpeg/05d3315aef94ddf37fe9c4886816a702 0 0 0 0 0 1
train_jpeg/b251d2140fbcde8d2369b9cb3b16fa47 0 0 0 0 0 1
train_jpeg/d37f792f8fd5cdccb160bc62a7315295 0 0 0 0 0 1
train_jpeg/4a678b609d10ce12201876712151e741 0 0 0 0 0 1
train_jpeg/287c3bcc7f7e69f01a5a30bbbba6f46f 0 0 0 0 0 1
train_jpeg/b444af1f0b140a59d591a3b3c4c448b3 0 0 0 0 0 1
train_jpeg/c4c9fea6b04fa09516a12fa302545bf6 0 0 0 0 0 1
train_jpeg/06a8441fb50ec661dd4eff6e81099d5c 0 0 0 0 0 1
train_jpeg/3845b3f74a2a76ef0b58310d61d03e6a 0 0 0 0 0 0
train_jpeg/ab169e0123361323e76b3c3e5250d804 0 0 0 0 0 1
train_jpeg/7c1874e73e85727a0a12139add66bfa6 0 0 0 0 0 1
train_jpeg/39c528c6c7d46ecde4b0b077a03d3879 0 0 0 0 0 1
train_jpeg/ba5f766ef24ebb31c87ec4352df70077 0 0 0 0 0 1
train_jpeg/93ed73782bc23a0ef9c426c21982d8d7 0 0 0 1 1 0
train_jpeg/96bffead32cd991447d96ab59af2ec55 0 0 0 0 0 0
train_jpeg/6b26d8dbe5f1ef8a3de2d2815417d278 0 0 0 0 0 1
train_jpeg/9752c0435c8e462a37fcaedc2a9e3786 0 0 0 0 0 1
train_jpeg/d09e357225d7ce75a4c44fe4c3c74de6 0 0 0 0 0 1
train_jpeg/f0e32b02b4fbb7f1256cd8f3597b028a 0 0 0 0 0 1
train_jpeg/cf01a407b4f06bb25fae7b729f65a602 0 0 0 0 0 1
train_jpeg/42964050d44b271491f579883fb321e0 0 0 0 0 0 1
train_jpeg/82225c7d9d9d257ff166c37a90909c8e 0 0 0 0 0 1
train_jpeg/0fa3a43de5d5204d9be82a1969c1b6c8 0 0 0 0 0 1
train_jpeg/e3ceb9b83afd35a505e319807e42338d 0 0 0 0 0 1
train_jpeg/488aa5c559a5a021ffac4a152d09a0c3 0 0 0 0 0 1
train_jpeg/102a115e13edadc89540c060affec761 0 0 0 0 0 1
train_jpeg/3387caf8482024c8887d0a95b4fa0245 0 0 0 0 0 0
train_jpeg/803e047ce22c14175d0631e947ed1599 0 0 0 0 1 0
train_jpeg/0e49606d0861fc8c8d797efb580c32d0 0 0 0 0 0 1
train_jpeg/1595e8093b55b28f8aa035af560cc489 0 0 0 0 0 1
train_jpeg/76068245ca2ba3362f734ab8272340e7 0 0 0 0 0 1
train_jpeg/952b45e292277cdeec3873a510360fec 1 0 0 0 0 0
train_jpeg/b4f234b4fe3aa3545d27b78c28e0a193 0 0 0 0 0 1
train_jpeg/baf56818e451ed175e7cbd7d94e01bb0 0 0 0 0 0 1
train_jpeg/e07781317a00819958431a2d9e1ba19d 0 0 0 0 0 1
train_jpeg/673f5442a2c3f1b012fcb0efa77527af 0 0 0 0 0 0
train_jpeg/b0c015954f4b80fddd0ed4d105e9e434 0 0 0 0 0 0
train_jpeg/0c698358c936351c9a1dd79d3d89aabf 0 0 0 0 0 1
train_jpeg/6ffe65340f826e792152fead8ba577d4 0 0 0 0 0 1
train_jpeg/2a9b2e3b5b745912d9c6937d69118dab 0 0 0 0 0 1
train_jpeg/762f339322e42d419878a7b9c887553c 0 0 0 0 0 0
train_jpeg/c06d35f97a462e67eba9aebde789aca3 0 0 0 0 0 1
train_jpeg/96a1f3e3ab6a69eafae6f46b130432ec 0 0 0 0 0 1
train_jpeg/243c2f1aac724fe459dfedf281b60460 0 0 0 0 0 1
train_jpeg/ace8679282aed8bfb0586dc2ece0a75b 0 0 0 0 0 1
train_jpeg/4063aee894337aabaedeaf677d9fca21 0 0 0 0 0 1
train_jpeg/09619c3dab17ec42ccbd87d29e0e05d6 0 0 0 0 0 1
train_jpeg/fb94c640dfc2eef6e7ff92a5a72ad221 0 0 0 0 0 1
train_jpeg/69e4c9580ef08026363cb7ce6e6f7022 0 0 0 0 0 1
train_jpeg/0dbdb924a9140849abd4ff650c5356da 0 0 0 1 0 0
train_jpeg/36429387a098976713296f2beae8063a 0 0 0 0 0 0
train_jpeg/d70d73215c3b87c5b79bebec71b773a9 0 0 0 0 0 1
train_jpeg/7aafebc428c47903130a7bf5d9c6d5b5 0 0 0 0 0 1
train_jpeg/749edbd991a6af4ffd0012ed39a316f3 0 0 0 0 0 1
train_jpeg/ecb439e4fe716d926152ba6501696589 0 0 0 0 0 1
train_jpeg/112cf0367dd8b6aa14b4e384439d9eb7 0 0 0 0 0 0
train_jpeg/38645bf922214e1a900fd36e243f741c 0 0 0 0 0 1
train_jpeg/e7dad9b7047a87bb31b871d98c648d13 0 0 0 0 1 0
train_jpeg/a537060564b5e08c80f46362deb565e8 1 0 0 0 0 0
train_jpeg/ed4602b83c8d000945a26753bcbf9a65 0 0 0 0 0 1
train_jpeg/1f1b451ebe38481d18a61961c9435a64 0 0 0 0 0 1
train_jpeg/16fbd1b86994c47ddd120cf5d410033e 0 0 0 0 0 0
train_jpeg/7c3fb9bf622d400c454d0a6b39a1b484 0 0 0 0 0 0
train_jpeg/540bbb00807ba358eff476bd9e5ce288 0 0 0 0 0 1
train_jpeg/17eea018beec6ef78ec675919080e6a1 0 0 0 0 0 1
train_jpeg/be6b07923e33b791410d42b507c4eeae 0 0 0 0 0 1
train_jpeg/e257b3d290a5033b6a6e8a4414fb6e68 0 0 0 0 0 1
train_jpeg/91560db4325bf6045259caf6e908ba1f 0 0 0 0 0 0
train_jpeg/5914fb1bf87392f61760990d59b75759 0 0 0 0 0 1
train_jpeg/f0d22c16053fc6b19bbf579a5071287b 0 0 0 0 0 1
train_jpeg/a5a68ae68617df1b6362ed51973e1338 0 0 0 0 0 0
train_jpeg/a386c477e7330e967b23747cecc77973 0 0 0 0 0 1
train_jpeg/9306d40fe3b77bd159c6ab92c0a306c8 0 0 0 0 0 0
train_jpeg/84242444166ae74f45003d228d9897c8 0 0 0 0 0 1
train_jpeg/d5fd5c2233862d3d73a5e4f7b57be280 1 0 1 0 0 0
train_jpeg/64d3cdee64cc3a892b85575eccce7b92 0 0 0 0 0 1
train_jpeg/b5feaf0435154804d860743fcee0410e 0 0 0 0 0 1
train_jpeg/8794eea4b84bc93cdf786327e3e606f6 0 0 0 0 0 0
train_jpeg/66cc79784846f7ec74c4ced47c244b24 0 0 0 1 0 0
train_jpeg/6535a046e90cc4e42bd3ac9598a07e06 0 0 0 0 0 1
train_jpeg/65ad4fb69f36c807fce87e66a1c6533d 0 1 0 0 0 0
train_jpeg/c43e5cf3cc8497dd25fa7bcdf88b3e73 0 0 0 0 0 1
train_jpeg/d43d13f6cc6b4d8e0b7be0b7cc7259f5 0 0 0 0 0 1
train_jpeg/3a15dabad355333b43c65c016ae555d7 0 0 0 0 0 1
train_jpeg/bde4bfa149bc13cee2de7c2e942979e7 1 0 0 1 0 0
train_jpeg/2a7e782ce2b8c998858e184637c3e9dd 0 0 0 0 0 0
train_jpeg/2dd5338d21da724c3ecaed478ab810e9 0 0 0 0 0 1
train_jpeg/a36676c626033075ddd0487e29489cc2 0 0 0 0 0 0
train_jpeg/8b5b5f74e9a9f1c08ffc8015e26c84ab 0 0 0 0 0 1
train_jpeg/9735eb0977076fbf53e2e75afb551942 0 0 0 0 0 1
train_jpeg/9074b5859c254e4cc0d1ae9781cfcdf1 0 0 0 0 0 0
train_jpeg/6b8bb3a6cc110df0f2e182c1db0b4b21 1 0 1 0 0 0
train_jpeg/2c7eef26cb61745506f86460a3fffd7e 0 0 0 0 0 1
train_jpeg/f2f8d46d9438459a795b19be73738cbb 0 0 0 0 0 0
train_jpeg/9446be5a692accfa901d612a1e2a4c72 0 0 0 0 0 0
train_jpeg/ac242065edfab4f95bd080fb266f6b42 0 0 0 0 0 1
train_jpeg/6889a840d82b81c8de902c601a075b8c 0 0 0 0 0 1
train_jpeg/40db43057f32f22dacd78f2415b142c2 0 0 0 0 0 1
train_jpeg/044c53b3fd48fc029318fbcee70ae0d1 0 0 1 0 0 0
train_jpeg/2a176d08f99af402c877cde732008c46 0 0 0 0 0 0
train_jpeg/2fa26bb9068d9086a5a757d01f91a1ff 0 0 0 0 0 1
train_jpeg/5acd7b8821e15e1de9f6b85fcff5432e 0 0 0 0 0 1
train_jpeg/5161ae032f0552603b6de965b2bb3e09 0 0 0 0 0 0
train_jpeg/f680a42a3444d3739c5552face67bf18 0 0 0 0 0 0
train_jpeg/9b294ef55b60d28d047089d91a1ca502 0 0 0 0 0 0
train_jpeg/632a514914cac312b85bdb44e5f6ca4f 0 0 0 0 0 1
train_jpeg/e24bb429606e5f412625957e627a6fa3 0 0 0 0 0 1
train_jpeg/4222442e8764f5246f29f9974292599d 0 0 0 0 0 1
train_jpeg/c11abe477558edabab11d6f1693f2532 0 0 0 0 0 1
train_jpeg/ce05e2dfd28685a861263561a123fb05 0 0 0 0 0 0
train_jpeg/ed2e21e1544f6ce672b01697ddf46776 0 0 0 0 0 1
train_jpeg/d7e82ea3f363d37ebf3a4c06fd926efc 0 0 0 0 0 1
train_jpeg/5b1ca661c257f3ab27cb8d43b7770fab 0 1 0 0 0 0
train_jpeg/5542efeffecbdee00a582094198f90e8 0 0 0 0 0 1
train_jpeg/89bc071fbcf2be21ac659b213ee0f40d 0 0 0 0 0 1
train_jpeg/53604ac3eb90b1d1f1e48c432088e240 0 0 0 0 0 1
train_jpeg/c3c8c69618bad083de7e9b0ef8ceacaf 0 0 0 0 0 1
train_jpeg/a8b3c06853e734708957190140f9eb35 0 0 0 0 0 1
train_jpeg/e7af557ff6a1782400710d2c8ddb2568 0 0 0 0 0 0
train_jpeg/049e258c0250ad270644ca9074cdbc5c 0 0 0 0 0 1
train_jpeg/d4ea25aa90608e4cac7b6c6679c7343b 0 0 0 0 0 1
train_jpeg/b527a2b66bb1c7a3c31fd9b1fe665712 0 0 0 0 0 0
train_jpeg/ed6b8aafbebda034d02fb57cbe7a2439 0 0 0 0 0 0
train_jpeg/f9e2672a5b9363b4df480c9b8b773379 1 0 0 0 0 0
train_jpeg/ff8e792afe941fdc029a9b898c71510d 0 0 0 0 0 1
train_jpeg/f4e16cb73fddfba9a3f054fc3d3fdcef 0 0 0 0 0 1
train_jpeg/b3ed6fe9763f5d42da7cb8f5c045d160 0 0 0 0 0 1
train_jpeg/34533f58509d06a7f3e4fdc82d1cec47 0 0 0 0 0 1
train_jpeg/879fec3afbd7f3e8815abb4a207db7e5 0 0 0 0 0 1
train_jpeg/56c3bbef093e2a2601cf4373aac9ff92 0 0 0 0 1 0
train_jpeg/1a15da91ec46d4887b40c65866fba831 0 0 0 0 0 1
train_jpeg/c83d7c2a3dedd8b5949be657c426a01a 0 0 0 0 0 1
train_jpeg/f7f6d5575afad78bc5811f2174b2311e 0 0 0 0 0 1
train_jpeg/8fb5356727d6147b99fea57e012b0b64 1 0 0 0 1 0
train_jpeg/e5a5f352eeaad7f111c88fb2c03f5d0d 0 0 0 0 0 1
train_jpeg/b98cbc2d0ae8f887570e75c361373a0c 0 0 0 0 0 1
train_jpeg/c4a36b7b9d14a32c067f5dc2fad874b5 0 0 0 0 0 1
train_jpeg/b6d5de15875d9977afb9e63ca1b00cf6 0 0 0 0 0 1
train_jpeg/8da36a523c6b7ccc9f3589a4d129c96d 0 0 0 0 0 1
train_jpeg/bf6c05480d2eff3195ee6a7af5343a78 0 0 0 0 0 1
train_jpeg/0be975f6809d71a7011deca1f94ce752 0 0 0 0 0 1
train_jpeg/7324c001e2512d3ea9197b0151c6c1b0 0 0 0 0 1 0
train_jpeg/b86e96470c56333125d835c60cabce5b 0 0 0 0 0 1
train_jpeg/3db23998c63be6f49d63bab28750a207 0 0 0 0 0 1
train_jpeg/485d87951e7995283adeffe95a8bb892 0 0 0 0 0 1
train_jpeg/13da92ef8b5264b979a59e8220bd1b8a 0 0 0 0 0 1
train_jpeg/8b5b04ab245a224b4a35b010d0de631f 0 0 0 0 0 1
train_jpeg/e141a0392c795a20b3e1d8f14d8c7b05 0 0 0 0 0 1
train_jpeg/d29e22e5ef93b44aef8810130ef9acca 0 0 0 0 0 0
train_jpeg/3c95ac819293940394fff78c76c60ca6 0 0 0 0 0 0
train_jpeg/67a1938f92e475027309d5bb83c913c7 0 0 0 0 0 1
train_jpeg/719962d2d347b4d5a6641074d75b78ad 0 0 0 0 0 0
train_jpeg/ba41b26598203c57eb638eb281e54ea3 0 0 0 0 0 1
train_jpeg/4a5e5b9720f90005e6a1ac99b38f63da 0 0 0 0 0 1
train_jpeg/309477b0f202f3b333c6b006734e4570 0 0 0 0 0 1
train_jpeg/a7f1d66c0930fc471b6723dec24d707f 0 0 0 0 0 0
train_jpeg/fe38b4250dbc4b59fefd50b54006716f 0 0 0 0 0 1
train_jpeg/ecd11f0b7b55d7d0515fb569cbcc39d8 0 0 0 0 0 0
train_jpeg/fd8b4cd2cef008b9fff719a170e9b32d 0 0 0 0 0 1
train_jpeg/acf32327b504279d156e215174567bd1 0 0 0 0 0 1
train_jpeg/16041095041e6b5afb13e8da17bf45b4 0 0 0 0 0 0
train_jpeg/4fbadd9601a2a98892407eff3f194de7 0 0 0 0 0 1
train_jpeg/a9cb470818b2e038b74d811f3b9e4bee 0 0 0 0 0 1
train_jpeg/9d8e7ffa84979cbbe37207fe6445a903 0 0 0 0 0 1
train_jpeg/38d59aef0ecbc73f365767bc09692283 0 0 0 0 0 0
train_jpeg/a6b85455241e48ce9357d67b0ab72d1d 0 0 0 0 0 1
train_jpeg/d280f2ad03ad22e2fdcdcd0d26869e47 0 0 0 0 0 0
train_jpeg/033bc3846ebbf668b702a5719f966fb5 0 0 0 0 0 1
train_jpeg/30e8408cd4551ad36ce1582125d66800 0 0 0 0 0 1
train_jpeg/5717bad41fd1a788bb77066bd521ad13 0 0 0 0 0 1
train_jpeg/351d32f160bf6f546059cb35d0038b30 0 0 0 0 0 1
train_jpeg/4ebc90122aeef6bd125cb3dcf110f0ea 0 0 0 0 0 1
train_jpeg/a2a8eb578628cb2c353e6b6dc311de5c 0 0 0 0 0 1
train_jpeg/9b1034893f70d565ab25e7c3aedb3ff7 0 0 0 0 0 0
train_jpeg/2c08cec8a0877512a84a68aca6e2323d 0 0 0 0 0 1
train_jpeg/578ccc9ae139b55ba1aad1a0b657b8d5 0 0 0 0 0 0
train_jpeg/26be9cde1a3d1a38f19c6753cc9ed40d 0 0 0 0 0 0
train_jpeg/a1b6d03a725ee071be1b0883a70f26a9 0 0 0 0 0 1
train_jpeg/e7dec1ffda66e9a315335afa8e961205 0 0 0 0 0 1
train_jpeg/4842f7e236529de35cda663625d20e73 0 0 0 0 0 1
train_jpeg/85a54041f12e1ad3e1ee5fdf15d574f6 0 0 0 0 0 1
train_jpeg/75fa564a500cd6dbeca84c55c5bf4d2a 0 0 0 0 0 1
train_jpeg/b31653be8e7a18487acbed2f8260c5ef 0 0 0 0 0 1
train_jpeg/10e7dac260f11046164aa94f2d8add9f 0 0 0 0 0 0
train_jpeg/a94792de8a074578dbe86ef7f703d82b 0 0 0 0 0 1
train_jpeg/5e49a5c37424c651713623475d4a3c09 0 0 0 0 0 1
train_jpeg/4cf0aac32c2c85577aa7742d457a0285 0 0 0 0 0 1
train_jpeg/ae7efa47c09caa7264f313bd9433f75a 0 0 0 0 0 1
train_jpeg/c8772752985ad53b7c0214c4c954dd01 0 0 0 0 1 0
train_jpeg/355d1c27824a343cde65516686c0a425 0 0 0 0 0 0
train_jpeg/88a0fc325ec32af4b89a4482835edf9d 0 0 0 0 0 1
train_jpeg/7c5b807ba491941d7a260bd1546b863d 0 0 0 0 0 1
train_jpeg/038fc325ff4aa0a21c76d5dd7c740c89 1 0 0 0 0 0
train_jpeg/660b8bc3699d69ff454d6303e3f3b4b8 0 0 0 0 0 1
train_jpeg/d345757c4f67a71f381b0ef5f997c611 0 0 0 0 0 1
train_jpeg/6ed00537ef9858ef4cbddbf83d7931c2 0 0 0 0 0 1
train_jpeg/90f4166c777d2ecf85440797c6ee774c 0 0 0 1 0 0
train_jpeg/cc716360f3b793b50cf67ffc50dc1c65 0 0 0 0 0 1
train_jpeg/2728492d9333328da0ccd73d76d6c00d 0 0 0 0 0 0
train_jpeg/c1a0323ca91d16cc313f4e2630f1ba58 0 0 0 0 0 1
train_jpeg/a696b0fbd24620e5f86b377968175fd9 0 0 0 0 0 0
train_jpeg/ecda8c2d80adc70ee958fcb0361c3286 0 0 0 0 0 0
train_jpeg/663f68fa55e4ea08d47c898e6631cfdc 0 0 0 0 0 1
train_jpeg/f9a0f4bd4bb3553af6e939362bbba5d6 1 0 0 0 0 0
train_jpeg/560284e43ee691bdc27fa34135d9a743 0 0 0 0 0 0
train_jpeg/3f65e3179b6b77dd55473aa92cde44db 0 0 0 0 0 1
train_jpeg/18a5c8860abc63dbef3627d3e5efd951 0 0 0 0 0 0
train_jpeg/889aec2f37118376fa38a9f7b5a6848b 0 0 0 0 0 1
train_jpeg/3280106acd492b03cfb5ba6eca4629e6 0 0 0 0 0 1
train_jpeg/d2e0fbc58c265cc34b5bac94dff6d8ee 0 0 0 0 0 1
train_jpeg/5fe98ea013e329c6268bfa3fd185c19d 0 0 0 0 0 1
train_jpeg/a3fbcbd433c86cf2e93320884219aa99 0 0 0 0 0 1
train_jpeg/6f81edf81b28c3834c758cba1a572e28 0 0 0 0 0 1
train_jpeg/7f1a4287bb17c90bbfb1d1683f623744 0 0 0 0 0 1
train_jpeg/459613fae80e092b4619ccd7fc6549dd 0 0 0 0 0 1
train_jpeg/ea4fd210b0300b23ee63f0b8352390be 0 0 0 0 1 0
train_jpeg/1bea772246421c37929f8cbc43dba729 0 0 0 0 0 1
train_jpeg/a8750c349b5dac834473304bad0f2877 0 0 0 0 0 0
train_jpeg/f87d3fef16e2bb2ef72179864c9f6cef 0 0 0 0 0 1
train_jpeg/9e5b1561d26c1268ec8ea27f2730bba6 0 0 0 0 0 1
train_jpeg/8e506a2c5a4a64624770f56bd56fe684 0 0 0 0 0 0
train_jpeg/43e374ced4e444b4e6df22daca20b3b7 0 0 0 0 0 1
train_jpeg/5af7ba3901d0937dea00f84257c5c8c2 0 0 0 0 0 1
train_jpeg/1f44ce8fa6574cf3e43a490c5fc5b3fe 0 0 0 0 0 1
train_jpeg/e18b67f03978dce39925ca0c957ad2b2 0 0 0 0 0 1
train_jpeg/0de9e6e651d4410d8730b5ab75c63289 0 0 0 0 0 1
train_jpeg/0a2d01ecb9e01cf972c1e1d31ccacb98 0 0 0 0 0 0
train_jpeg/40b51daeb48afacaaa3efca42bcaaf9c 0 0 1 0 0 0
train_jpeg/45f04a5e14cd4763fb55fc7950beffce 0 0 0 0 0 1
train_jpeg/fdd529400be877bedaf4f2df9176cedf 0 0 1 0 0 0
train_jpeg/01ce66ee84ef4045a06269aa0f5c2756 0 0 0 0 0 0
train_jpeg/8c9946f1106496dc13bc64cd0532c370 0 0 0 0 0 0
train_jpeg/07bbac2eee5b459e894b2f20faf8e3df 0 0 0 0 0 1
train_jpeg/fca7f0b5fd4cb23dbfd7a686def01baf 0 0 0 0 0 1
train_jpeg/a1720873fde30e8b3dab6b5157e58e70 0 0 0 0 0 0
train_jpeg/ce3fc2df924ccc74a646f7e189c79f19 0 0 0 0 0 1
train_jpeg/7aff3521c214e535c920bdbd0b1a8a45 0 0 0 0 0 0
train_jpeg/ca81554797be11919317efed035eca56 0 0 0 0 0 1
train_jpeg/285275edb6916a9c32336a0a685deae1 0 0 0 0 0 1
train_jpeg/17afc00f450f8218d4900ca54c391ded 0 0 0 0 0 1
train_jpeg/94743d446fac609118a2e7061d6c833f 0 0 0 0 0 1
train_jpeg/8301f74fa3357355bf5c98c88945f470 0 0 0 0 0 1
train_jpeg/84edb910948a3bf76a5dc6d133140c7f 0 0 0 0 0 1
train_jpeg/75ad17b47cbc1e664d947931cead4c11 0 0 0 0 0 1
train_jpeg/71e04c353e9b82649d44d07c07232089 0 0 0 0 0 1
train_jpeg/36e6b242ba022af562dbfeb5e590ee43 0 0 0 0 0 1
train_jpeg/e8d9fffe6ef4c59d01e8e64cf5c7466c 0 0 1 0 0 0
train_jpeg/75b23d1c0eac9ac8f390ec7a77c1ea89 0 0 0 0 0 1
train_jpeg/c008cfaf7009c94d297cc2e715e81c03 0 1 0 0 0 0
train_jpeg/9f7af8b53e0563d516aa27a23bd2836b 0 0 0 0 0 1
train_jpeg/8a654a0fc53909fa09b27597e3c1d069 0 0 0 0 0 1
train_jpeg/4c8e953ed2793e4988c7a28c6b8ef06c 0 0 0 0 0 1
train_jpeg/66cbffba7ea1246d296e6773832a5ed5 0 0 0 0 0 1
train_jpeg/3412dbbf82bda8188efdedb48a1731ce 0 0 0 0 0 1
train_jpeg/005d70155f949c7785671800f2c8e1ca 0 0 0 0 0 1
train_jpeg/c002429d774966eacca0e2413295040b 0 0 0 0 0 1
train_jpeg/d6784c6eb013b83c4d0fc70f3ca2f512 0 0 0 0 0 1
train_jpeg/c6a03f9c292fc0f2fa7da8026457dbd5 0 0 0 0 0 1
train_jpeg/5627800c6ffea2c62748812fb2ba1dd6 0 0 0 0 0 1
train_jpeg/c55180585712f9450f731270cb881511 0 0 0 0 0 1
train_jpeg/08f4d0d827ef5216c35362812eeae644 0 0 0 0 0 1
train_jpeg/e4374242cb259017ab1d22b0a51dd1a0 0 0 0 0 0 1
train_jpeg/b9934412fb2dea98c5d55d2f0c5b8c27 0 0 0 0 0 1
train_jpeg/02cd1d17763c869ff3d4af5e28539456 0 0 0 0 0 0
train_jpeg/dbbeace91c1753403185db8ea141f2a9 0 0 0 0 0 1
train_jpeg/88932681cc425d08e5583baeafb9dd12 0 0 0 0 0 0
train_jpeg/451f3ee04d46301afa1647f1fa400df6 0 0 0 0 0 1
train_jpeg/5aae68523b59b7569d8e6b8765650c28 0 0 0 0 0 1
train_jpeg/b45d87cfd9b80e9e5d18b38c9b6e9ff6 0 0 0 0 0 1
train_jpeg/0a404541211c7910862e886772e31ae4 0 0 0 0 0 1
train_jpeg/330b3939ea1fe042ad347e8d02abc393 0 0 0 0 1 0
train_jpeg/e4dec9c7cb04e431f5c3b41430030184 0 0 0 0 0 1
train_jpeg/7c7dce16fd7f16d1abd3a6f47e60cb9f 0 0 0 0 0 0
train_jpeg/878388e79ebdbc0af00dcda00431854a 0 0 0 0 0 1
train_jpeg/a4e863eef2e5e47285839e099a267769 0 0 0 0 0 1
train_jpeg/1c32170b4af4ce1a3030eb8167753b06 0 0 0 1 0 0
train_jpeg/0f8b02f3b044159efc833bcb01d477f6 0 0 0 0 0 1
train_jpeg/8387e5ff12264f87c27db2863d4a9c87 0 0 0 0 0 0
train_jpeg/a31b1d98d512c9d593a6718e996eb0c6 0 0 0 0 0 1
train_jpeg/b192b0ddffed39cf6894a6beab870f9e 0 1 0 0 1 0
train_jpeg/3eec1d86865131f5df6d4f240a0d4755 0 0 0 0 0 1
train_jpeg/8c80dcd72f15fec04dd63b96972916f1 0 0 0 0 0 1
train_jpeg/9229dbc9e79d1a96f2d3a827506fc5d1 0 0 0 0 0 1
train_jpeg/2799abaa9eff7954d1a550110de8ea44 0 0 0 0 0 1
train_jpeg/88974ca0acec2690c1e0377c4523662e 0 0 0 0 1 0
train_jpeg/4af2fb064cc821e4a7631fccdcf86c3e 0 0 0 0 0 1
train_jpeg/7cfb2e7c9cee1792c6537e00128c286f 0 0 0 0 0 1
train_jpeg/41dd971752ac364573f2da2ac932e653 0 0 0 0 0 1
train_jpeg/78bdca408b6d24122969828fef1510a1 0 0 0 0 0 1
train_jpeg/6dc197d0503400617170a11ab7812d73 0 1 0 0 0 0
train_jpeg/dad29ad2bc1152c67a5d35817d48d026 0 0 0 0 0 1
train_jpeg/cb1c906a4c779295ebc6b407605b89ff 0 0 0 0 0 1
train_jpeg/f923fdfdc3a6492c3b59763492b14675 0 0 0 0 0 1
train_jpeg/ce34d1be7e085f2466eef12f72f4db22 0 0 0 0 0 1
train_jpeg/a68476feb7a334145e35f047610cfa80 0 0 0 0 0 1
train_jpeg/887192b8e51bd077f02cf51c57f59584 0 0 0 0 0 1
train_jpeg/cad7f3b0b26e674d67eb5a735c0a9bbe 1 0 1 0 0 0
train_jpeg/ca527d7c532ec5810f5b73ab2ff7170a 0 0 0 0 0 1
train_jpeg/4276c66e7d8eb27840974e30d6281bcb 0 0 0 0 0 1
train_jpeg/9c332e9660d87228aa9d928049230c90 0 0 0 0 0 1
train_jpeg/318d832dc980d27de9e3d46a0b169b45 0 0 0 0 0 1
train_jpeg/af218542c3b79c55efc30ad23392695b 0 0 0 0 0 1
train_jpeg/18d7436c9658e6332cd85f06d9365ae7 0 0 0 0 0 1
train_jpeg/a6a1cf247e893e09aec4e2d34316c4c3 0 0 0 0 0 1
train_jpeg/617cd0507fe96d6bdc452e33c3839b9d 0 0 0 0 0 1
train_jpeg/5963596becc2072e4ad748f8a2c3e811 0 0 0 0 0 1
train_jpeg/e674608b3b3609bdf9a5c8017ddcacba 0 0 0 0 1 0
train_jpeg/5fac617f1ce097354f1a28e8fa5036e5 0 0 0 0 0 0
train_jpeg/e6c11e8758d467b1317e136070cef52e 0 0 0 0 0 1
train_jpeg/0999a23a7982827edaf16f0244d2e2d7 0 0 0 0 0 1
train_jpeg/4972b3b12340e6f5b302c45ac60a1f75 0 0 0 0 0 0
train_jpeg/b3fd73ef7025fa34391fffa6b437e369 0 0 0 0 0 1
train_jpeg/7e9efb8ee0bae7af280f5ea091f8d245 1 0 1 1 0 0
train_jpeg/e1c88be08dcb3f9baca7cb67c77fbcf9 0 0 0 0 0 1
train_jpeg/fb16b22a22ab5aa31e8de22118a8183c 0 0 0 0 0 0
train_jpeg/b2da731a6a1f3b124158c4747ab422ea 0 0 0 0 0 1
train_jpeg/d81e77793005c69573f6a49b8559497b 0 0 0 0 0 1
train_jpeg/972883603a2d4af98176583261a2f334 0 0 0 0 0 1
train_jpeg/b3f160c75b16300c0f4a89ce8814d1bc 0 0 0 0 1 0
train_jpeg/5e161b13cf6f70e59af85dadbd6bd25a 0 0 0 0 0 1
train_jpeg/3362408dd6a238f4bc0660e763f37e94 0 0 0 0 1 0
train_jpeg/40e5405aebfad0ed9ed29ed2a9f6b468 0 0 0 0 0 1
train_jpeg/eaa4b09922cfd1c4130787403173e93a 0 0 0 0 0 0
train_jpeg/654908d5b6891175a8d9f4129a4d9694 0 0 0 0 0 1
train_jpeg/87072b31f1655d67bafa2705d96b876b 0 0 0 0 0 0
train_jpeg/c05910d82ca65f3be1a9ca266f2c4423 0 0 0 0 0 1
train_jpeg/e92bded41bf13bc5931f702eb0ac8f3f 0 0 0 0 0 1
train_jpeg/d0c26a940c582594036c08b85b75e541 0 0 0 0 0 1
train_jpeg/c80fe973b34b764cf37e43efb755c0b8 0 0 0 0 1 0
train_jpeg/4912f3ce7ab758410fa94e979984e267 0 0 0 0 0 1
train_jpeg/0ecc5a44cb8163dedbdf8d9049e92344 0 0 0 1 0 0
train_jpeg/9def44a5c7f43c29e24752e03add7809 0 0 0 0 0 0
train_jpeg/cbd2f5efa80b32f45ca5a95124e5b2c0 0 0 0 0 0 1
train_jpeg/a1af684b8e0ce8e5cd4223881451a5af 0 0 0 0 0 1
train_jpeg/d51a2871b8b9297299c01f806f111354 0 0 0 0 0 1
train_jpeg/75bfa455b272abe5205fa73695322558 0 0 0 0 0 1
train_jpeg/8b4855b07f69b10959e371180f322908 0 0 0 0 0 1
train_jpeg/0c402b0f68dfb6cf6d8045526736d425 0 0 0 0 0 1
train_jpeg/6ca600eafd1788addffae22ebb7837dc 0 0 0 0 0 1
train_jpeg/a9d2143ca3ca4db3ec9fd46db3085208 0 0 0 0 0 1
train_jpeg/65ba7d69e4f4d0637baefa9f9aa749db 0 0 0 0 0 1
train_jpeg/28f5b7d5b7f60a3a5995a656dee4f3d0 0 0 0 0 0 1
train_jpeg/0760a14308badcbd370c6866c9db3a0a 0 1 0 0 0 0
train_jpeg/4bd20520ead0e083a706089893836f57 0 0 0 0 0 1
train_jpeg/bd797642567d40f2ad51baddcaef6838 0 0 0 0 0 1
train_jpeg/53b316dff927c4d041ff2f3184bab6cb 0 0 0 0 0 1
train_jpeg/40f55f48d045042b8f061a718155b852 0 0 0 0 0 1
train_jpeg/d39514e0a4ab55df4e5f6e0426aa8fed 0 0 0 0 0 0
train_jpeg/a68ce3f36ad685c284c1a00e8bb4d35c 0 0 0 0 0 1
train_jpeg/fd8dac9e53275d18e40ce4aa1666bc7e 0 0 0 0 0 1
train_jpeg/57e0f7ded402e2fac6be1f00fd7c0b19 0 0 0 0 0 0
train_jpeg/d51f7bac8cf2ddcf00335f65a1fd0782 0 0 0 0 0 1
train_jpeg/723568df6a0868b6f62accb485bcc8aa 0 0 0 0 0 1
train_jpeg/7fb71df345cda325b0e0c453fe5e3517 0 0 0 0 0 1
train_jpeg/8404aad413fbd10d223b7f267ac84e00 0 0 0 0 0 1
train_jpeg/f306e010dac1de055d97b9230aecf923 0 0 0 0 0 1
train_jpeg/31cb99774ea64ad19a91468b5a299ef2 0 0 0 0 0 1
train_jpeg/b1615f167b9d06c47358128916361fc0 0 0 0 0 0 1
train_jpeg/4f6ce4d52f883da96b68389f0c86a3f5 0 0 0 0 0 0
train_jpeg/ed4efe30ae54fe3f57904eb7d738fd99 0 0 0 0 0 0
train_jpeg/cd84507c340286ab3e70e4731bc59dc2 0 0 0 0 0 1
train_jpeg/72cff1cc5cbc178dce3b1627f6d3d299 0 0 0 0 0 1
train_jpeg/0cb20ec518beba3ffe05c176cf2769d8 0 0 0 0 0 1
train_jpeg/5bac140ce817cf691563067d70952e95 0 0 0 0 0 0
train_jpeg/19b1cd4c282515de8cc36d61c45e096d 0 0 0 0 0 0
train_jpeg/2400071ad5b8c62160e660c71e0d2400 0 0 0 0 0 1
train_jpeg/632d73b5d57fe01fb8d0646080caf5c4 0 0 0 0 0 1
train_jpeg/04bb8bd7ee6f88a16623fe5c6dd4da91 1 0 0 0 0 0
train_jpeg/7a292f45c54655d0fa19dba160b07c4b 0 0 0 0 0 1
train_jpeg/e8d1151eb83dba0687ebf59cb06dce20 0 0 0 0 0 1
train_jpeg/458dac26200d54d8be49a43e001dc7da 0 0 0 0 0 0
train_jpeg/6bee1f1b08ad0a3cde41773ab475faff 0 0 0 0 0 1
train_jpeg/36357e28c11ed975bbc74850cc026191 0 0 0 0 0 1
train_jpeg/b39a81ada6933fe899d769127e444f26 0 0 0 0 0 1
train_jpeg/7b5d44f6dd14787142deafbe64eb3b03 0 0 0 0 0 0
train_jpeg/fc7a5aa2e71f3a9cd2ee1a871303239e 0 0 0 0 1 0
train_jpeg/2e2817e50064674249b397d75f9d5bfd 0 0 0 0 0 1
train_jpeg/4db952de1d3c2a13cc9d7bad1a7f1570 0 0 0 0 0 1
train_jpeg/caff7dec1c6e576d2a6324cc6d19e715 0 0 0 0 0 1
train_jpeg/72a61ca0140d994daccd2dc3ad4f3905 0 0 0 0 0 1
train_jpeg/890c7efc23b2a23439c301dca707c33f 0 0 0 0 0 1
train_jpeg/e1edc5f003883e5027f0e63e67f883d2 0 0 0 0 0 1
train_jpeg/27129548cc62420449c33ed5fb41eec6 0 0 0 0 0 1
train_jpeg/1307917f271a7c2dcd8795b153b3fafe 0 0 0 0 0 1
train_jpeg/7043451da60cb89537435829965759c3 0 0 0 0 0 0
train_jpeg/b1bcc1f4782073f44d051c7a7a6c22e1 0 0 0 0 0 1
train_jpeg/30ffccb29347646a0484a0cc3c642748 0 0 0 0 0 1
train_jpeg/3cf350a5b4f53dabd01f971a614abde8 0 0 0 0 0 1
train_jpeg/ad47b5fc69425a039a8d98cb9798d34a 0 0 0 0 0 1
train_jpeg/3ea8bc6bac5cf5cd5a80cd1b93afa2b5 0 0 0 0 0 1
train_jpeg/fe712042bd989a581a931a300fee1203 0 0 0 0 0 0
train_jpeg/711f2dc8c252adfdfc30cd080c23699b 0 0 0 0 0 1
train_jpeg/95cd5503c91006be9f3c9991db2b3cf5 0 0 0 0 0 0
train_jpeg/e462b73879d647c23796785533e25e1f 0 0 0 0 0 1
train_jpeg/5df459c558910e614a9eb6bd7b454777 0 0 0 0 0 1
train_jpeg/393da5a82f26af5f578461a2ff8c62e8 0 0 0 0 0 1
train_jpeg/c1827af71217e9e543d3fe31e92da292 0 0 0 0 0 1
train_jpeg/d552f9d13cfb671793ac74e81b7cb20d 0 0 0 0 0 1
train_jpeg/4afccda5fa0674d8cc99b342938db8f7 0 0 0 0 0 1
train_jpeg/e6b4c5c08d6767a47e348b79bf9ab2d2 0 0 0 0 0 0
train_jpeg/467dad00f52961cafc2ff9df73f5c91d 0 0 0 0 0 1
train_jpeg/910e6bb0acb1c0b9156b4b7ae0dc752c 0 0 0 0 0 1
train_jpeg/d9f6c5f7623550374aff527ad8ba6ccd 1 0 0 0 0 0
train_jpeg/4185bd6cbe3a03ead0d7063da4e270e0 0 0 0 0 0 1
train_jpeg/97b6462ef16212a075882c76cbb02c72 0 0 0 0 0 1
train_jpeg/d70837c881f01f8c51afe9616879de50 1 0 0 0 0 0
train_jpeg/26c2a51e27272b14e9aa09450e7cd44a 0 0 0 0 0 1
train_jpeg/a3b9e4582ec50287a4a31b345250f0d1 0 0 0 0 0 1
train_jpeg/d8303a1a55bface93c5805b6c2bbfb11 0 0 0 0 0 1
train_jpeg/bd4cb51fc33887793d60025c2271b413 0 0 0 0 0 1
train_jpeg/695d762dcadea1e7674d3448b111492a 0 0 0 0 0 1
train_jpeg/8609affe56a5bec4ab3e7f51d06f2d54 0 0 0 0 0 1
train_jpeg/9f1098918ff33eda5b10805f54aad269 0 0 0 0 0 1
train_jpeg/2a9921aee5b17b69b8dbbe94951ffa37 0 0 0 0 0 1
train_jpeg/8d0e4996d9d4eb04ffe8e7d1401e3528 0 0 0 0 0 1
train_jpeg/f0805a178fb1901f23513be7b5262f5e 0 0 0 0 0 1
train_jpeg/774101d1e16f34867e6e9c5fbdd32d29 0 0 0 0 0 1
train_jpeg/9e76a0859a06f48424c44c96a2172841 0 0 0 0 0 1
train_jpeg/0f93eb9cff59e441d5f41792181fae97 0 0 0 0 0 1
train_jpeg/0c11bc2eb3de5bd737ae186aea0d0306 0 0 0 0 0 0
train_jpeg/9e7f7e89fbe027e4f3ce56086899b09c 0 0 0 0 0 1
train_jpeg/be505971cc0f51f3cf4a5717767b42da 0 0 0 0 0 0
train_jpeg/8ac52862c96cc0f4a21cb3f5314b2505 1 0 1 0 0 0
train_jpeg/0e6696b0486b3a4d897a9186bfb81651 0 0 0 0 0 1
train_jpeg/9850d20ee4d2bf722154a90ae07ddff8 0 0 0 1 0 0
train_jpeg/edb61d8f85f46f6da703ab9730bf35b1 0 0 0 0 0 0
train_jpeg/0a3b8d3f979c06dc7b8ff6cf1f9343e4 0 0 0 0 0 1
train_jpeg/38c145abf52f301575550953e6aaa009 0 0 0 0 0 0
train_jpeg/76b94abea3d34cdea83ca5011ccab53a 0 0 0 0 0 0
train_jpeg/38791e51fbea01ae3935f311e8878f1c 0 0 1 0 0 0
train_jpeg/7b403823ee9765c50c4f663e5126b235 0 0 0 0 0 1
train_jpeg/b022e92b9271babbc6a7a734fd7b77cc 0 0 0 0 0 0
train_jpeg/8d76cd0bb7d44af652336b7d49375c57 0 0 0 0 0 1
train_jpeg/d1e95f585e1094cb8ddf94c1d97a4d1a 0 0 0 0 0 0
train_jpeg/70f135c5319675c02b56fc5b82df7c09 0 0 0 0 0 0
train_jpeg/1cec183870c936178be89a81da2cc7fc 0 0 0 0 0 0
train_jpeg/9d25a49dcfd33a593605da5b2cecfe2b 0 0 0 0 0 1
train_jpeg/d8d73dcf93b13ff0bd2f11639abd0003 0 0 0 1 0 0
train_jpeg/5ccbe9cf1b033cccdd76fd99cc6ccd01 0 0 0 0 0 0
train_jpeg/3b368fea4f80aa6475184bb3a880983c 0 0 0 0 0 1
train_jpeg/6ccd2936901b93611218fe9604cb383c 0 0 0 0 0 1
train_jpeg/1ba0b6688726a0efd3641d086a4dee35 0 0 0 1 0 0
train_jpeg/a3008ac0538678bc6ea3453fb0880bd2 0 0 0 0 0 1
train_jpeg/d2ad9acebc6d5dc97dd76f72d570d9de 0 0 0 0 0 1
train_jpeg/7f77642e1e77897f5bc2545278153c40 0 0 0 0 0 1
train_jpeg/7225983eb43be7f2dcb9e75381a8f3e5 0 0 0 0 0 0
train_jpeg/1f1cb91f0f44ecb45aec9994caf2938a 0 0 0 0 0 1
train_jpeg/0b78363604f4d81c3e27f90bd3066df6 0 0 0 0 0 1
train_jpeg/4d4bffa2926bfcb4851b5e968136b047 0 0 0 0 0 1
train_jpeg/1d21c69075630b741fe0629e696fa167 0 0 0 0 0 0
train_jpeg/fde664083f39ad1044ae71b569d86ced 0 0 0 0 0 1
train_jpeg/27689b23167e89e1142f6fa265921a3a 0 0 0 0 0 1
train_jpeg/ce20c162f84a098adb1a848df50acd99 0 0 0 0 0 1
train_jpeg/319898ffd1c507946fc42c61e9d13ba7 0 0 0 0 0 1
train_jpeg/2ea39599aeefff928759cb241558a69e 0 0 0 0 0 1
train_jpeg/3140eff61d10b2a6f29512a73f9f8022 0 0 0 0 0 0
train_jpeg/2e285b95faad220e17e6cbfbe514733e 0 0 0 1 1 0
train_jpeg/f42d9fd08054e844cb30da620eff1b47 0 0 0 0 0 1
train_jpeg/c26bb71d19d1f57200b4bf9b8bb596d9 0 0 0 1 0 0
train_jpeg/8ef3fb1b703ffcb77d3709d45adf8695 0 0 0 1 0 0
train_jpeg/e64d0de7153f016a8a666c40a271a96b 0 0 0 0 0 1
train_jpeg/4bd2c3d9e7b1e62d3b55d858b5dca1a0 1 0 0 0 0 0
train_jpeg/b6cc4831c033f204cdc1a81f821c6f77 0 0 0 0 0 1
train_jpeg/d1b8c72886e8cd40c25e2e95e70f1264 0 0 0 0 0 1
train_jpeg/ddbe41935f4c7c4c6624654585e12652 0 0 0 0 0 1
train_jpeg/b3e88fc85d0b04d80584fa363a21fa4e 0 0 0 0 0 1
train_jpeg/364a18cd8e445fdcb63e3692393e6854 0 0 0 0 0 0
train_jpeg/428de3bd0df77dfd8d747ee481e74b15 0 0 0 0 0 1
train_jpeg/0f8a78e1090c840b4455772fe92d7586 0 0 0 0 0 1
train_jpeg/ddfbf7639556d7a6fe99fd20e3e56b46 0 0 0 0 0 1
train_jpeg/d4358555ad3558a26d3291749e7b251a 0 0 0 0 0 1
train_jpeg/c3ac713912a16b9a8b6e9b8b3246a328 0 0 0 0 0 1
train_jpeg/cb206cb073c2685558a0ef6dece16fa7 0 0 0 1 0 0
train_jpeg/6dc54c273e24de333f3fdd060f74faa1 0 0 0 0 0 0
train_jpeg/09c9887c189f99704b452f193a40eaf7 0 0 0 0 0 0
train_jpeg/cd42d4220f19d14291f1cf7c2a194f07 0 0 0 0 0 0
train_jpeg/cda9cd500cfc67b76f598e4dddc9f7a9 0 0 0 0 0 1
train_jpeg/7e31692c6e1768cb226f77376dcd4e82 0 0 0 0 0 1
train_jpeg/3ef7894e5b9eb83022063d742f481a23 0 0 0 0 0 1
train_jpeg/c35c7fe74cfdaaf88ceabedd87de6143 0 0 0 0 0 1
train_jpeg/4e9c30200751a81109f2a096edb028d1 0 0 0 0 0 1
train_jpeg/15f016248709de49e2b725bda5cdd787 0 0 0 0 0 1
train_jpeg/135101b508a998968ea963ebacd63ecb 0 0 0 0 0 0
train_jpeg/e1d88505ef370baf781a42ba0580286a 0 0 0 0 0 1
train_jpeg/75577c0d1e94e28e99fa2e5d852928b1 0 0 0 0 0 1
train_jpeg/eb846bab70e76bb4ab2cbb887d8f333a 0 0 0 0 0 1
train_jpeg/9cba24255e172b86d0ad17c06c1d4e8c 0 0 0 0 0 1
train_jpeg/00bcb82818ea83d6a86df241762cd7d0 1 0 0 0 1 0
train_jpeg/dafb6f5a540a81dc7a11128b3c0c732b 0 0 0 0 0 1
train_jpeg/57c9ecc9749eb1860f37a308d0b284ec 0 0 0 0 0 1
train_jpeg/d300794127aff6981089b213a348b5d5 0 0 0 0 0 1
train_jpeg/e1ae14e309f370e8583f8139f5555eb8 0 0 0 0 0 1
train_jpeg/71bb412dd9f1550f447ce895f400599a 0 0 0 0 0 1
train_jpeg/9acf00a894081893f94bda4f32cd12c9 0 0 0 0 0 1
train_jpeg/bd955417a3ab5c46ea2d4b77f7d159b2 0 0 0 0 0 1
train_jpeg/947ace0066ac4f63b8274c33e030f688 0 0 0 0 0 1
train_jpeg/579ceeec7e5374a80d88551c81db441a 0 0 0 0 0 0
train_jpeg/6359437f875d6b26535d627e1c2cf31f 0 0 0 0 0 0
train_jpeg/2d377f5b2bd10b8ead268046859d939a 0 0 1 0 0 0
train_jpeg/3b219f94795c80a122ac4948b4f1c2a6 0 0 0 0 0 1
train_jpeg/3b8924e7fa45e8a8abd59b9f5174665a 0 0 0 0 0 1
train_jpeg/0e130f7333967146f0d7bbd94a8ae047 0 0 0 0 0 1
train_jpeg/8d92135190568a756e7850cec9f6577a 0 0 0 0 1 0
train_jpeg/3c20666a50f258a311ae1dd05467045a 0 0 0 0 0 1
train_jpeg/04aed38b30c4de9461c8a9940e99d811 0 0 0 0 0 0
train_jpeg/4a7500b067151fc94a966c07be7f4779 0 0 0 0 0 1
train_jpeg/f951c8270c9c3ef2640def1874f5c348 0 0 0 0 0 1
train_jpeg/f8e4280d43baa3b536d1ed937672ff93 0 0 0 0 0 0
train_jpeg/511a55fa01b995f09cdb64b543b2d241 0 0 0 0 0 1
train_jpeg/46401b1d6a534f60a9c5bfdfc53a4e44 0 0 0 0 0 1
train_jpeg/21d0e0bb639ebec0b2a2ce0c5c805344 0 0 0 0 0 0
train_jpeg/c53c9441ef4e5df63d8dfb34a983900e 0 0 0 0 0 0
train_jpeg/bd6eb525438d6da1ced0ed1810857772 1 0 1 0 0 0
train_jpeg/3997a97fad3a399fc070ac61ca041889 0 0 0 0 0 1
train_jpeg/e05b55dd675f21cf1835c60193313d6f 0 0 0 0 0 1
train_jpeg/c87ab842487e293b8831aeb7feaa7d6a 0 0 0 0 0 1
train_jpeg/5e26f541d9d73c26f205d2406ea54a1e 0 0 0 0 0 1
train_jpeg/75bfa455b272abe5205fa73695322558 0 0 0 0 0 1
train_jpeg/15acee7728e6530dfa2bd01521c7148d 1 0 0 0 1 0
train_jpeg/c9e5a7d70ab7f51f7183827c277dc3ac 0 0 0 0 0 1
train_jpeg/6afd09ccb84477f3c701982d27dfe54d 0 0 0 0 0 1
train_jpeg/5289b3ec6fff54b7aabf2875c3df048d 0 0 0 0 0 1
train_jpeg/72e97629bdb1cfffb805a0a260a81e71 0 0 0 0 0 1
train_jpeg/cc0da199c9bae6ff20c44672e5ca7415 0 0 0 0 0 1
train_jpeg/e5c83f02dfe7265bb10020c2fc7b487a 0 0 0 0 0 0
train_jpeg/254cb64978f5020a1a1f5919ae31f05f 0 0 0 0 0 1
train_jpeg/fa25a4d54af472c6a3a5229e068338c4 0 0 0 0 0 1
train_jpeg/a722712967b38150cee4f85dad4230ed 0 0 0 1 0 0
train_jpeg/86d5622762bf6cf43e4ef0c99273de2b 0 0 0 0 0 1
train_jpeg/f8e34b28f4fa0c030e1d55b1190990f1 1 0 0 0 0 0
train_jpeg/d4059b483cf4fedc95df7c42556c7f02 0 0 0 0 0 1
train_jpeg/b5d706a106a7eb6e945cbbd4a2951b45 0 0 0 0 0 1
train_jpeg/6c7168280c801ce96908597527695ab5 0 0 0 0 0 0
train_jpeg/0ce54f4ce3d60325c671cfc30b7307f8 0 0 0 0 0 1
train_jpeg/d7a191afa1d02dfa1d852bfcb3e54d3e 0 0 0 0 0 1
train_jpeg/0d55ccb39234d5369ecd767186ef9127 0 0 0 0 0 1
train_jpeg/633440744a1f7413483909dc0af84de1 1 0 0 0 1 0
train_jpeg/b553adeef08d1fae501dab49c84cac9f 0 0 0 0 0 1
train_jpeg/0686521b0b8cf9426f253601b805fb52 0 0 0 0 0 0
train_jpeg/b57763fed61d020d0338a35dd06a4011 0 0 0 0 0 0
train_jpeg/3d99c31c358e664d2b39d312dbabcd33 0 0 0 0 0 1
train_jpeg/bb3d26414a85af5edf485b330607860d 0 0 0 0 0 0
train_jpeg/055859485d697b38ee46da1ab68e5f50 0 0 0 0 0 1
train_jpeg/35d86694979dba2c3cade3f87924385a 0 1 0 0 1 0
train_jpeg/8e49446a77d5781d883ac672f75a2404 0 0 0 0 0 1
train_jpeg/1fa4f7d78fb5dea70baee8bddc37088f 0 0 0 0 0 1
train_jpeg/21d5465ffc737f2c94f66cc5b740614e 0 0 0 0 0 0
train_jpeg/57f5fffa1c926e798f583597300be447 0 0 0 0 0 1
train_jpeg/7d610aae49bf4f979e16c2d8859f5f87 1 0 1 1 0 0
train_jpeg/b09f08e39d79544a77e59195b479cdb6 0 0 0 0 0 1
train_jpeg/8b09d4ec88d8372bded8547543dbbf24 0 0 0 0 0 0
train_jpeg/64bb0c2fe03598b5b9c90ddc2f68eaeb 0 0 0 0 0 0
train_jpeg/afae10b91e3e55cf509f8149366ebe2f 0 0 0 0 0 1
train_jpeg/9a321e5a866cee9e943cf5f3684de512 0 0 0 0 0 0
train_jpeg/e8f086c656b612cf3195a5fb6fb45c47 0 0 0 0 0 1
train_jpeg/0b5b42c2920b109c7c876c6ddfcf8df8 0 0 0 0 0 1
train_jpeg/4063aee894337aabaedeaf677d9fca21 0 0 0 0 0 1
train_jpeg/173650113a759fb4f5470cda73485dd7 0 0 0 0 0 1
train_jpeg/97a05a3ade68254d5163547aab61f3f4 0 0 1 0 0 0
train_jpeg/ce9a36cacc3414d23fc4eab451bd8ecb 0 0 0 0 0 1
train_jpeg/690a74b4ebf969fbadc5ad0a1187968d 0 0 0 0 0 0
train_jpeg/400c4a56fafceb23d378e2a0c531bf1d 0 0 0 0 0 1
train_jpeg/c00800903f8ad4d52f6f292c83d649ac 0 0 0 0 0 1
train_jpeg/0ca7c951e2298b9aad37ae0deb4d2a92 0 0 0 0 0 0
train_jpeg/6ccd2936901b93611218fe9604cb383c 0 0 0 0 0 1
train_jpeg/346f133d43357f58d6a810474ffdeec8 0 0 0 0 0 1
train_jpeg/6a068b7cdf1b78d1c4d2aef21a142cff 0 0 0 0 0 1
train_jpeg/d439808cf55114c97c3b244c54e5ab34 0 0 0 0 0 1
train_jpeg/7b16695af0a7d5554e1929c900678d53 0 0 0 0 0 1
train_jpeg/231a4b73de5ac7e0218f736b6b6ff1f2 0 0 0 0 0 0
train_jpeg/26585204e3c296a3b105bd5bd1c537ee 0 0 1 0 0 0
train_jpeg/2d524b03db10432b9e13cd6f98fdaafa 0 0 0 0 0 1
train_jpeg/4419710c732522b5b8c26c8680e7b9ee 0 0 0 0 0 1
train_jpeg/e0821fd23cebcb9caa45b2038cfe33c3 0 0 0 0 0 1
train_jpeg/9f9c6cde56f7e1b36c94f6d72fe0a2f3 0 0 0 1 0 0
train_jpeg/a629d0f2bd9dfde3991ef4aec75e1c8e 0 0 0 0 0 0
train_jpeg/363d2496077d1a7990b59557f738e357 0 0 0 0 0 1
train_jpeg/f5659dca0a38527e901ecb2c4c30ed6c 0 0 0 0 0 1
train_jpeg/69b3738d1a9f0dde5ec8b01df42b035b 0 0 0 0 0 1
train_jpeg/63f24af3bd9f735911958c1190306af1 0 0 0 1 0 0
train_jpeg/509273d5d4ce790330ea3956d448d8dd 0 0 0 0 0 1
train_jpeg/613fd7f3a8b48248d4027c90a414ff9a 0 0 1 0 0 0
train_jpeg/75c70312985c506280ee77675cc07a1e 0 0 0 0 0 1
train_jpeg/e3e49b19db364999dc94c01cdc185c1e 0 0 0 0 0 0
train_jpeg/006e5626f560c1a2a74f953d71f16c11 0 0 0 0 0 1
train_jpeg/87c46e8d48b2132f2ad80b1358ad0d50 0 0 0 0 0 1
train_jpeg/6dfe11723ed4aa8dea1e0d5d06845316 0 0 0 0 0 1
train_jpeg/58bffd7fa0e03897ca5345b4aff8f473 0 0 0 0 0 1
train_jpeg/78e42664425e6d7daf3bb21060580abf 0 0 0 0 0 1
train_jpeg/848166a69e2fd9493d9c82d964c4b0fd 0 0 0 0 0 1
train_jpeg/ac9d59d07dbe13164b9965b59eb7bcb0 0 0 0 0 0 1
train_jpeg/ed1a545ab109f23cd065a5e5e512df1a 0 1 0 0 0 0
train_jpeg/2e4698e538724a69d239744c8460de50 0 0 0 0 0 1
train_jpeg/7cd251ba6fec7880a020f1f53c6ca2f1 0 0 0 0 0 1
train_jpeg/22d12a2c3610060793453d39c4330429 0 0 0 1 0 0
train_jpeg/f919fb0e73a444db7475e7627c41a64e 0 0 0 0 0 1
train_jpeg/cd130c23c3fefd255a96444a430432b8 0 0 0 0 0 1
train_jpeg/1fb8179b786af7c1e13e7c0a7c59346b 0 0 0 0 0 1
train_jpeg/2f2c7c375ff356af38fa145a98ca0b40 0 0 0 0 0 1
train_jpeg/6c6443feb73c8113601be5a01242447d 0 0 0 0 0 0
train_jpeg/1ee608f4c2322489c730271c6ef7caba 0 0 0 0 0 0
train_jpeg/cde438e260e3b75a814cd3519a2c28b5 0 0 0 0 0 0
train_jpeg/3127aa2498008f8bd5a8257031cee2f0 0 0 0 0 0 1
train_jpeg/0aee36a63b071c37c1d647d931c7a833 0 0 0 0 0 1
train_jpeg/f347a8de5e60079db066c440949b8395 0 0 0 0 1 0
train_jpeg/015e332b702e4829710941ab7265bd1d 0 0 0 0 0 0
train_jpeg/45dd8541d7346dd9015404cadcc1a8f8 0 0 0 0 0 1
train_jpeg/af610bd6b734035ba61ca77f66f7c1a2 0 0 0 0 0 1
train_jpeg/66a9bad1e0649446a618e94095d6877c 0 0 0 0 0 1
train_jpeg/e65bbf5a1c77241e062b010ba006b3fd 0 0 0 0 0 1
train_jpeg/ee6e84164cd94c0aff75c9f6a64057e3 0 0 0 0 0 1
train_jpeg/9ff7d07078bc454c9261e29ecf89f55a 0 0 0 0 0 1
train_jpeg/cdb40622d55debad4f37464e75045386 0 0 0 0 0 1
train_jpeg/96f334aaa1d7d9cad160e710c9965615 0 0 1 0 0 0
train_jpeg/b60731b828bf1ab1c164bfc366c7aee4 0 0 0 0 0 1
train_jpeg/517f3939a9628db4475c2c0ae39b2d1b 0 0 0 0 1 0
train_jpeg/9c3e095779134703dfd7b263d71b44f4 0 0 0 0 0 0
train_jpeg/6d8478f09244fc42d4cef1c65e8ddd3c 0 0 0 0 0 1
train_jpeg/f59be8f9bdb7cedee4c800ceaeccd453 0 0 0 0 0 1
train_jpeg/07bbac2eee5b459e894b2f20faf8e3df 0 0 0 0 0 1
train_jpeg/30fa56e5002bc1ef28eaa85ed7fabf9d 0 0 0 0 0 1
train_jpeg/c26185210303f6c638a4ac60e635df21 0 0 0 0 0 0
train_jpeg/1f15edb18cab49f1996f395c217e5d14 0 0 0 0 0 1
train_jpeg/e10d2abbaa7c1217f60153c07a1c80d0 0 0 0 0 0 1
train_jpeg/0cc824d4b3896c3ee6b6f6c4a8cae900 0 0 0 0 0 1
train_jpeg/3827e2d25e931b294811ad92ae898887 0 0 0 0 0 0
train_jpeg/7fb9d1da7ab59dba05ff2ad479b2d7e2 0 0 0 0 0 1
train_jpeg/5f21557d7c24e3f023db5c6e866b5119 0 0 0 0 0 0
train_jpeg/fb65f00dc9ea6fe17670ad9564e41db5 0 0 0 1 0 0
train_jpeg/730385a1bef22a73ad226cf58553eb94 0 0 0 0 0 1
train_jpeg/e0ba9af0459793b1db8b61d44c32fa37 0 0 0 0 0 1
train_jpeg/b5c8498dd84ff761f9d4592f7ef8133d 0 0 0 0 0 1
train_jpeg/75d105d5f981ec7519b53a7a5a15d4b2 0 0 0 0 0 1
train_jpeg/0b0c71f182ad71d65d0425f6c9008f94 0 0 0 0 0 1
train_jpeg/0a9909b1cd924cd593151ba2d3d3dd55 1 0 0 0 0 0
train_jpeg/f0dea85c5527d47a3b7f4227813f0b95 1 0 0 0 0 0
train_jpeg/4a101b60ccb5c0722b952bf238579a5c 0 0 0 0 0 1
train_jpeg/dc7d6c6fa1fdde25e0aa64a1f6fd594a 1 0 0 1 0 0
train_jpeg/0be5a5e29dc5f2198fbe447697fb3c95 0 0 0 0 0 1
train_jpeg/dccf33bf2a9b18e9c98abd9f32e9f4ae 0 0 0 0 0 1
train_jpeg/d1b4553441c406530f7622d50316782f 0 0 0 0 0 1
train_jpeg/95badc82bced45380cf4275bb11d2bb9 0 0 0 0 0 0
train_jpeg/ee8cd4043ecbe26d0af6bf4bf7b0c227 0 0 0 0 0 1
train_jpeg/aa885a118f486dde69e90c9c724f288d 0 0 0 0 0 1
train_jpeg/25e47d32d64f7f416d6fb1bf497b4b1a 0 0 0 0 0 1
train_jpeg/b4b6e377eedea6b7a33ce8958d79fe71 0 1 0 0 1 0
train_jpeg/fbbff2625b1acbd6a9aaa23b3bbeea9b 0 0 0 0 0 1
train_jpeg/4e7e82ca092514557584e8c9e234ee24 0 0 0 0 0 1
train_jpeg/3e7b8f8f648591b569052ea31b66d0e7 0 0 0 0 0 1
train_jpeg/04f2409cb10dda9e308d37ec4f889eb4 0 0 0 0 0 1
train_jpeg/d8a3fe9536afba5813aa8025506c810a 0 0 0 0 0 1
train_jpeg/4bdaa2947c7003aff2cd158ae9e186dc 1 0 1 0 0 0
train_jpeg/6c04df4724124002ce8c6e7dcf7e27e2 0 0 0 0 0 1
train_jpeg/00aca42a24e4ea6066cca2546150c36e 1 0 0 0 0 0
train_jpeg/ebd5fa572171c87d828315e0aa9ceb91 0 0 0 0 0 1
train_jpeg/7f673e54a83f0451fe127c96e853ea03 0 0 0 0 0 1
train_jpeg/a305cc27ac9afe19b9873329b373fcf0 0 0 0 0 0 1
train_jpeg/50723f9ca4e3cc4b33cac5970f8c442f 0 0 0 0 0 0
train_jpeg/eab57c526a617da691b80234ed8ee9d9 0 0 1 0 0 0
train_jpeg/5db84b5dc6678c327970025195cb4b75 0 0 0 0 0 1
train_jpeg/d78482526bef549cc51d8f7f86d4da9c 0 0 0 0 0 1
train_jpeg/33f7e603fc05c5149f2abae0cc287c06 0 0 0 0 0 1
train_jpeg/3d96fc00b9f124888f8073ef5e08b566 0 0 0 0 0 1
train_jpeg/192a98fb55e4101cc4fd00129a82ced0 0 0 0 0 0 1
train_jpeg/c7fba8360b2440b2fc28b143feb83c14 0 0 0 0 0 1
train_jpeg/8cd5124a10bd961bdfe94efb8bfe46a1 0 0 0 0 0 1
train_jpeg/4abd6552fa64b8c7d39514cd29d7240c 0 0 0 0 0 1
train_jpeg/9ba0cb91053c58194976504994cd1a6c 0 0 0 0 0 1
train_jpeg/72fd8b29b0c81522b3082a192c22c9ff 0 0 0 0 0 1
train_jpeg/4fbadd9601a2a98892407eff3f194de7 0 0 0 0 0 1
train_jpeg/3c5e999bcc6ac19f375f201c27546de1 0 1 0 0 0 0
train_jpeg/4248a80a016d3bb7c12544e32d97330f 0 0 0 0 0 1
train_jpeg/99e4e092691d470c1dc2f2c76481be4c 0 0 0 0 0 1
train_jpeg/275127b4b2ee76e8c3ab0f46267d21db 0 0 0 0 0 1
train_jpeg/20c99542d886530b95586b7b3d309238 0 0 0 0 0 1
train_jpeg/097a4ae17c881ac6a40d56d0c80e1a71 0 0 0 0 0 1
train_jpeg/9894680ab449c562b30df83ee3faa9de 0 0 0 0 0 1
train_jpeg/9aa07a82285cd98a6ff65c8aa3e87556 0 0 0 0 0 1
train_jpeg/9ec62f1db622bfc39c57b79e9878cdfc 0 0 0 0 0 1
train_jpeg/16041095041e6b5afb13e8da17bf45b4 0 0 0 0 0 0
train_jpeg/62d5ff9075d2b5857478fb2709314004 0 0 0 0 0 1
train_jpeg/3c34b9ebfce146cdc0faf222c63e9f0a 0 0 0 0 0 1
train_jpeg/39b8128e771183af5eed6694af53787a 0 0 0 0 0 1
train_jpeg/c33acd9ba754f897c7328b93cf3cbb45 0 0 0 0 0 1
train_jpeg/6ce61a39f1e1bff629566de047ab8775 0 0 0 0 0 0
train_jpeg/c75d652b2cd934bb797a9a02c6aec8ee 0 0 0 1 0 0
train_jpeg/5b05df19287bc68ead3011b06492d5e9 0 0 0 0 1 0
train_jpeg/2728f1d62da8da71ee9009b1ee74e662 0 0 0 0 0 1
train_jpeg/842c800f04ee16fa5984f22c151f2645 0 0 0 0 0 1
train_jpeg/59f163522f9e49ab143f88d3febb8a33 0 0 0 0 0 1
train_jpeg/45a8f56d50665a20a709eacad6f3ba9a 0 0 0 0 0 1
train_jpeg/2e0698f428a55f5af56ce5a727ed2486 0 0 0 0 0 1
train_jpeg/49c6238789bcdf8f37303fb8f70b7a9d 0 0 0 0 0 0
train_jpeg/5268b1ff61505e50ac05fd430cc45276 1 0 1 0 0 0
train_jpeg/939b6e6380643c55f3c20529a7b7ed26 0 0 0 0 0 1
train_jpeg/2561ba15f063a8e3a0322ad943738bb5 0 0 0 0 0 1
train_jpeg/97b4c7ed1f29972870f135a4c3584693 0 0 0 0 0 1
train_jpeg/5ed9dc88e3fc76c9cb834ed274994ebf 0 0 0 0 0 0
train_jpeg/2fbe962f706e0588dd4799b75be0d99e 0 0 0 0 0 1
train_jpeg/2c0444193210187dba7db4a9df722eb9 0 0 0 0 0 1
train_jpeg/f10fd14a19e8b04f4487d1b1e3e586da 0 0 0 0 0 1
train_jpeg/2415d19465e30def974fc2c9747692d4 1 0 0 0 0 0
train_jpeg/14cba1edb1a517d85852f14e81c16398 0 0 0 0 0 1
train_jpeg/dcd39ab3675f09e064c4ea834d70c240 0 0 0 0 0 1
train_jpeg/1ade7a51f9d900b3e27ca251ace667ad 0 0 0 0 0 1
train_jpeg/2485be1972f84c17c35a52ac1e823869 0 0 0 0 0 1
train_jpeg/a9938093c9f45ebb143d48c9236cde98 0 0 0 0 0 1
train_jpeg/fc47195078badf33f2575c3f0db648ab 0 0 0 0 0 0
train_jpeg/fbe57bedb58a628d16e2c48b35c8b0f7 0 0 0 0 0 1
train_jpeg/3a6189fe396546f6ec39dc8cf73e0021 0 0 0 0 0 1
train_jpeg/d9a6b1f6a4175eaee343eef3c1134928 0 0 0 0 0 0
train_jpeg/2f22babff7182a12931cf5e40626201c 0 0 0 0 0 1
train_jpeg/cb32832cef4d95691105489d4ec6a984 0 0 0 0 0 1
train_jpeg/c4179d7d6f19e1b4b27460c03810f651 0 0 0 0 0 0
train_jpeg/e0411c35eb55676ee2ee29ca269187a4 0 0 0 0 0 1
train_jpeg/848a8f3f7a4d210c2ee4901b0e07369a 0 0 0 0 0 1
train_jpeg/e496dd7622691291445f692fc3479f56 0 0 0 0 0 1
train_jpeg/e7818a86758495de750484d160db1451 0 0 0 0 0 1
train_jpeg/0900f93acb9f42caa354036b6453816d 0 0 0 0 0 1
train_jpeg/da725779464a7fc47b836ab2b5ad22a5 0 0 0 0 0 1
train_jpeg/6d3cf04f64d290e3157bfed8889a1ecd 0 0 0 0 0 1
train_jpeg/6314692e3a4f5fc017e052dbd1cd683e 0 0 0 1 0 0
train_jpeg/66d058ae8aa6b41111cab2259989eddb 0 0 0 0 0 0
train_jpeg/1df3aeacf7d82652fd03b4e54fde89c4 0 0 0 0 0 1
train_jpeg/1df9d68d3a8352f4fecbc3895ebd80fa 0 0 0 0 0 1
train_jpeg/5610fd15c233e8ed55909ff2b9948ad3 0 0 0 0 0 1
train_jpeg/1ad1420c6bf26f67e1f0d1140e938efd 0 0 0 0 0 0
train_jpeg/dfd10cbb920dd5ead4cb07bc6bfe6bef 0 0 0 0 0 1
train_jpeg/5fbe80c51a1b3fb43bb5143803482282 0 0 0 0 0 0
train_jpeg/0c5ef740a9befbf439439f0b8e652a0c 0 0 0 0 0 0
train_jpeg/2f228c3eed72cc2d769cf6d42ef335d3 0 0 0 0 0 1
train_jpeg/a2c8aa4adf9ec69fba7ec2df32075709 0 0 0 0 0 1
train_jpeg/31f21db3de490677e8b2d846703c25b6 0 0 0 0 0 1
train_jpeg/0059d21bef1793fa9522e4ec8cae1a1a 0 0 0 0 0 1
train_jpeg/616f7784ae537b00b14617a57b53de73 1 0 0 0 0 0
train_jpeg/01afcfaabc406f0fe1797cb7fa6616c6 0 0 0 0 0 0
train_jpeg/7ea9c57f097d01834f29fa3d5c2849fa 0 0 0 0 0 1
train_jpeg/513203e29fe43941076e37a945e58c36 0 0 0 0 0 0
train_jpeg/4db4ecf3e2d32c92cf3f10c7b1643a5b 1 1 1 0 0 0
train_jpeg/a8845638da074eb2496b1fd2dda75071 0 0 0 0 0 0
train_jpeg/19b51cda56e42d3fd879b996c986bbc1 0 0 0 0 0 1
train_jpeg/6dd1a29dcafeb9545da50d85324bb781 0 0 0 0 1 0
train_jpeg/3ba4bcd3c12c2ce7dc305417a58e66c5 0 0 0 0 0 1
train_jpeg/f4ffbc6f8ced17c735923931d73cd9cd 0 0 0 0 0 1
train_jpeg/1ec5b9d1af1a295a5e0d1da32d4ed835 0 0 1 0 1 0
train_jpeg/806b67625994b7c6b27beea6187dbceb 0 0 0 0 0 1
train_jpeg/3bc5b8b466dc9ade754e1f179fddfafb 0 0 0 0 0 1
train_jpeg/847a4481225784f0ddf4c38b594278b7 0 0 0 0 0 1
train_jpeg/8668dfb3c405922dd87bafcb67faf989 0 0 0 0 0 1
train_jpeg/5cf657759ffe1c8ad29c2b6938197dfc 0 0 0 0 0 0
train_jpeg/9561bf8f8c47cf0af8bec8f6a268e15b 0 0 0 0 0 1
train_jpeg/f347a8de5e60079db066c440949b8395 0 0 0 1 0 0
train_jpeg/9d20c18925309216482297352ed6b586 0 0 0 0 0 1
train_jpeg/6b21d77e82042e8f04fb694004141f03 0 0 0 0 0 1
train_jpeg/60a2d1794527aa93f678e8aa64ee7a3e 0 0 0 0 0 1
train_jpeg/dd5c05f84b37ef30f2376d5f3bdb4801 0 0 0 0 0 1
train_jpeg/e0ad8549835ae5a3208c03ce618e79a0 1 0 0 0 0 0
train_jpeg/4e9c30200751a81109f2a096edb028d1 0 0 0 0 0 1
train_jpeg/83110a53968abb4c902aa0043fb1a672 0 0 0 0 0 1
train_jpeg/cffda620e23645a084953c3314511fae 0 0 0 0 0 1
train_jpeg/d4bae55fcfe00aa0f5495e33ec8d01e5 0 0 0 0 0 1
train_jpeg/7d76598892e30352a76248c958fd6219 0 0 0 0 0 1
train_jpeg/7af60baf02292ff2c0b2a25cc9106358 1 0 0 0 0 0
train_jpeg/87f7997c901c0026e338e6f6d79b385f 0 1 0 0 0 0
train_jpeg/4073cfd56d5ed0cb3dd2c1680d9361ee 0 0 0 0 0 1
train_jpeg/a2fc8eb18befd9fe711da44cee00338c 0 0 0 0 0 1
train_jpeg/39b089e6b4b6c7ed3a6dc4c176e82ffb 0 0 0 0 0 1
train_jpeg/18380add550465c69aeebf7188c0f583 0 0 0 0 0 1
train_jpeg/bcde4f84e1b7a2313aa8965c2a14f67f 0 0 0 0 0 1
train_jpeg/cc57b8e71bed57a6454b46135882911d 0 0 0 0 0 1
train_jpeg/6851fd0ffad416b1a8311f5f66a4f73f 0 0 0 0 0 1
train_jpeg/e9771a988faecbc73b48411a430bacae 0 0 0 0 0 1
train_jpeg/f1dd9b481aae4ba412e5fbea06215f53 0 0 0 0 0 1
train_jpeg/889aec2f37118376fa38a9f7b5a6848b 0 0 0 0 0 1
train_jpeg/7fb1c0715ef9b16815240f23b949a692 0 0 0 0 0 1
train_jpeg/425c95d8d95b788f765369fac0f21674 0 0 0 0 0 1
train_jpeg/23cce180577f430196777b952a26b5db 0 0 0 0 0 1
train_jpeg/249503ef61e9450337fc04c69e7ceed7 0 0 0 0 0 1
train_jpeg/56f5c2925dd388dac85d8eeb9059cfc1 0 0 0 0 0 1
train_jpeg/e29f74e241faaa7b65fd5d15c06d52eb 0 0 0 0 0 1
train_jpeg/897a9061820965f894abf66586bef0a5 0 0 0 1 0 0
train_jpeg/623e33982a8f6421b5126b39db5b8109 0 0 0 0 0 1
train_jpeg/24a5d0a82499463cd44d51ae2a4cba17 0 0 0 0 0 1
train_jpeg/447ffd3522ec98af212bfbea80f54023 0 0 0 0 0 1
train_jpeg/cf72c8ab18f8a15338d6c886c2582990 0 0 0 0 0 1
train_jpeg/dcadb2dc23b88c30cf7e99b66ec77010 0 0 0 0 0 1
train_jpeg/1912296cce436028085697480121b4eb 0 0 0 0 0 0
train_jpeg/208cddf534a1bc9c35f5faa6a6c51f94 0 0 0 0 1 0
train_jpeg/528b0f9791c96c9cb1b2e4f510223f8e 0 0 0 0 0 0
train_jpeg/2e0698f428a55f5af56ce5a727ed2486 0 0 0 0 0 1
train_jpeg/9a0f0cd20752f839a7be3f42c68cca46 0 0 0 0 0 1
train_jpeg/d1713f5cf5838c1592e5f712b5d4928e 0 0 0 0 0 0
train_jpeg/72281af53222290aa87b534383d3bba0 0 0 0 0 0 1
train_jpeg/7cc225635978624e80fb412cfdf3ca6d 0 0 0 0 0 1
train_jpeg/713f94c56bcf0a3622522744fb0d24d7 0 0 0 0 0 0
train_jpeg/e10ec027649f41e4c906ca0fb9063372 0 0 0 0 0 1
train_jpeg/d55d4475b3ac41f32bad9085b2e4a2e2 0 0 0 0 0 1
train_jpeg/f4418ef00ac5f112fa3b43acf0b3e3a9 0 0 0 0 0 1
train_jpeg/1c3d8a2aafef57d6aa48d11152d18da1 0 0 0 0 0 1
train_jpeg/1adfe6d01589ad3a646a459bb360d5c4 0 0 0 0 0 0
train_jpeg/efa04d79ffa8a98858baa82209b4923f 0 0 0 0 0 1
train_jpeg/b311f38e300e7f4caac52f5a7e5c8f57 0 0 0 0 0 1
train_jpeg/a3fbcbd433c86cf2e93320884219aa99 0 0 0 0 0 1
