train_jpeg/65671e4314d9334f8b065a7df0bbe8c0 0 0 0 0 0 1
train_jpeg/39fba09b48f252efaa54f0d093a8294d 0 0 1 1 0 0
train_jpeg/84eb3e8b282f648bbc43c356f058f24e 0 0 1 0 1 0
train_jpeg/930a3d2c506f5035a1aa301b401f6fec 0 0 0 0 0 0
train_jpeg/283175723b6cfb107d3b2f6de0a87c88 0 0 0 0 0 1
train_jpeg/2e5dbf1748de953162b08db82526be1a 0 0 0 0 0 1
train_jpeg/ef7b88627a8c60a076165fb62ac17a87 0 0 0 0 0 1
train_jpeg/2842d193f02e5820c07f835e06e663c9 0 0 0 0 0 1
train_jpeg/e0411c35eb55676ee2ee29ca269187a4 0 0 0 0 0 1
train_jpeg/4ac40252bc50e17573029b84a045ca9f 0 0 0 0 0 1
train_jpeg/5a6a5c5c3b4baeaab946622598483910 0 0 0 0 0 1
train_jpeg/974a9954001223aa95ce223e014f6f1f 0 0 0 0 0 1
train_jpeg/d43c6680c56521ab6aafd6babf8bd7c6 0 1 0 0 0 0
train_jpeg/458c16f2648bd04054649d10a11b9fdf 0 0 0 0 0 0
train_jpeg/e0c8a1f0f9ecb4748b67876c19af37ed 0 1 0 0 1 0
train_jpeg/0740b2aadf9f282346e0d2142c619067 0 0 0 0 0 1
train_jpeg/fb0220b38c589f1d7be8ef917483e607 0 0 0 0 0 1
train_jpeg/573ff866dcd6b3a8805c5b87c4df8ff8 0 0 0 0 0 0
train_jpeg/7094e1216b84eab268c7c719818c00e2 0 0 0 0 0 1
train_jpeg/6d5acf3f8a973a26844d617fffe72998 1 0 0 0 1 0
train_jpeg/8242cf16d8311b8af8c0280899d8ed4b 0 0 0 0 0 1
train_jpeg/f2a85cc12635e8e4ec9dbe2716e800a0 0 0 0 0 0 1
train_jpeg/d5331c5488785e73b81760e5418a192d 0 0 0 0 1 0
train_jpeg/89e6ab133f587191383608ee04cea79a 1 0 1 0 0 0
train_jpeg/ea261b4def6621c845b84dab0229e1fa 0 0 0 0 0 1
train_jpeg/309060f37e4a3f72170c211228ce5cc9 0 0 0 0 0 1
train_jpeg/f35decf057aaad0c7c4c0405bc2514eb 0 0 0 0 0 1
train_jpeg/d29e710527ad79b62590045f7a7dbc9a 0 0 0 0 0 1
train_jpeg/b4c00291b57d489dbe6665c789c6d360 0 0 0 0 0 0
train_jpeg/a1b7b55049482e496b3d6cfd04d9b405 0 0 0 0 0 1
train_jpeg/f491935369d316678118cd07d5646de6 1 0 0 0 0 0
train_jpeg/5308d2b6f06e98bd8e7c16ed6124aff1 1 0 0 0 0 0
train_jpeg/2a335bf71ad32a097557e379b6113ce9 0 0 0 0 0 0
train_jpeg/cd49c1e8e2c3e37a4dc3325c986a609f 0 0 0 0 0 0
train_jpeg/971d9ac97d9f4fa6c47208ca3c0ce110 0 0 0 0 0 1
train_jpeg/f27211729f43d69b1162fc2d5f1881a1 0 0 0 0 0 1
train_jpeg/d5c5e5232067a160489297eaa69e3099 0 0 0 0 0 1
train_jpeg/1a6380efb810f2c8fbae25143ab93773 0 0 0 0 0 0
train_jpeg/7d5de314c3280fe6e89ec1e101c1539e 0 0 0 0 0 0
train_jpeg/61fccb625931e4bbbb170376b4d94356 0 0 0 0 0 1
train_jpeg/c4b7716467a0e8cf4f76c68dbca0a3bd 0 0 0 0 0 1
train_jpeg/db27424385c4070805371285c300b59a 0 0 0 0 0 1
train_jpeg/4d2db6608c0951464852295a4132b5e5 0 0 0 0 0 1
train_jpeg/b58f3853512c47b9d88eca193031b650 0 0 1 0 0 0
train_jpeg/1bf0c30ec9cf3abe34938787e5f9fc28 0 0 0 0 0 1
train_jpeg/3e44ac670116ca3a4bfd07ef19980b2a 0 0 0 0 0 1
train_jpeg/150cfe73d6dd162e02e1bc799a9d71e0 0 0 0 0 0 0
train_jpeg/85c5077db75674eafc432cd315a343b5 0 0 0 0 0 1
train_jpeg/861898cad64530858ed69396740268c8 0 0 0 0 0 1
train_jpeg/5675d53af4dba50022ac53d02afc7827 0 0 0 0 0 1
train_jpeg/db1c95177df286e4868ce31b8ce53a5b 0 0 0 0 0 1
train_jpeg/382145f051a1d66c85a36159c2e8a743 0 0 0 0 0 1
train_jpeg/ff612a13f0bf475515259b986735c4e4 0 0 0 0 0 1
train_jpeg/690b4f93daa39e9eb7e1b27e85e88432 0 0 0 0 0 1
train_jpeg/48d94d0bacf56bf81d0092000e9697ea 0 0 0 0 0 1
train_jpeg/a5a2a3b02ccb9c3145d553d269e4b0b8 0 0 0 0 0 0
train_jpeg/e789d94f7c4bd88d6f3c787f941dc7a7 0 0 0 0 0 1
train_jpeg/0235435d2b28a3dcdfd96752a6357780 0 0 0 0 0 1
train_jpeg/0213efd0f5bcee6b4daafc171ed3a902 0 0 0 0 0 1
train_jpeg/31c7020f6e83cd92ecddc801ebd4c1a0 0 0 0 0 0 1
train_jpeg/e24392c47743c3e40cf0c2abe1dabd5b 0 0 0 0 0 1
train_jpeg/3ae506a61fb868ec27c2cecb5fe9c046 0 0 0 0 0 1
train_jpeg/66c96c719b15abc13b5c76f74b6b7ef2 0 0 0 0 0 1
train_jpeg/747899443b3e49488817a55b2e515df2 0 0 0 0 0 1
train_jpeg/78b96ab5b7fc1d75d73b3c9c747d5c96 0 0 0 0 0 0
train_jpeg/282ba241b3414b41510d4bcbcebddb56 0 0 0 0 0 1
train_jpeg/285c0fc6aaf6e30fc5a182b4937f90b6 0 0 0 0 0 1
train_jpeg/7400b2fabd02ad5d59195da5002f929e 0 0 0 0 0 1
train_jpeg/181a28291c7bc0a6a721a5759c01fd34 1 0 1 0 0 0
train_jpeg/875ffffa457e0a0aeb8a76872e3fc6d6 0 0 0 0 0 1
train_jpeg/3080ba6fdba05ff8e001a1f4582e8d56 0 0 0 0 0 1
train_jpeg/c5c9ef1410c0bd298afaa43956761d4e 0 0 0 0 0 1
train_jpeg/9d366d706dc228d1721d3f16b139221f 0 0 0 0 0 0
train_jpeg/05d92b99575f75e64e0c0e7293c13803 0 0 0 0 0 1
train_jpeg/d662280fe82e7bd62f6a7fbabf595f81 0 0 0 0 0 1
train_jpeg/a786432eef4d2c8117ae53da8648cbce 0 0 0 0 0 0
train_jpeg/8735dbb94fc3e09cd42b44c3e07c654e 0 0 0 0 0 1
train_jpeg/6dc54c273e24de333f3fdd060f74faa1 0 0 0 0 0 0
train_jpeg/0006e0a85696f6bb578e84fafa9a5607 0 0 0 0 0 1
train_jpeg/397f840f6dce7a9c82940572c3662021 0 0 0 0 0 1
train_jpeg/1be94a4e06067c5ecd66488cad60a087 0 0 0 0 0 0
train_jpeg/215115970e51098f4e636b47f9dcc0a0 0 0 0 0 0 1
train_jpeg/c21c6e6969dcd46d9441110183ade633 0 0 0 0 0 0
train_jpeg/9c3b5b630780ec04680da02ac412cd8a 0 0 0 0 0 1
train_jpeg/6322e86828b3483dc433ec2a48557ff5 0 0 0 0 0 1
train_jpeg/b1aca5f95239f094040863a9052cbb88 0 0 0 0 0 1
train_jpeg/c918bc36b064c7fb97f95503181a4d60 0 0 1 0 0 0
train_jpeg/4bcc35b719babdca7601e8f6af06d537 0 0 0 0 0 1
train_jpeg/d76a514238d7bbbc4e6dc8f8589524d5 0 0 0 0 0 1
train_jpeg/e26ef831acab997d0ebbd38bd2773ae0 0 0 0 0 0 0
train_jpeg/db5fd0a4c9ae98c496500cf0c140d4d1 0 0 0 0 0 1
train_jpeg/73376ac533cb588d64d79dbe5ecb3415 0 0 0 0 0 1
train_jpeg/1c20d41293aef2aadd04e8bfe511cc2c 0 0 0 0 0 1
train_jpeg/d5b45273cf25f8caafe4d7efaa7187c9 0 0 0 0 0 1
train_jpeg/9b1c14c9bff83ce64a44ef45f42cfcd5 0 0 0 0 0 1
train_jpeg/bbe4356faa4ee427169a71d8ed020921 0 0 0 0 0 0
train_jpeg/b4134ef790d479eb35d7c87fa74653eb 0 0 0 0 0 1
train_jpeg/e349833fb6d952431778d83d555fb50d 0 0 0 0 0 1
train_jpeg/6cf0ce690ad8348d8c44c689aed97836 0 0 0 0 0 0
train_jpeg/cee9182867dea695829e246be6723d2b 0 0 0 0 0 1
train_jpeg/3531c673ad643e73b007a9e9a0a2aadf 0 0 0 0 1 0
train_jpeg/a86783be441175fe92dc0c767474514c 0 0 0 0 0 1
train_jpeg/03e7c2196d3d56047e546e97468c76a4 0 0 0 0 0 1
train_jpeg/8801bd9d1f5e318eb79124c7b2438ac5 0 0 0 0 0 1
train_jpeg/8d90a34bf34f673775ffd827112142df 0 0 0 0 0 0
train_jpeg/7aa8a21311a7a63bad27d97e6f25a793 0 0 0 0 0 1
train_jpeg/3ed946f77b1d3ab0fd85aa164b7c2feb 0 0 0 0 0 1
train_jpeg/3e8719d1ba69b36c24ad3e39a8dd83ed 0 0 0 0 0 0
train_jpeg/c0b2806d0baff57d885063624d744ac1 0 0 0 0 1 0
train_jpeg/4c64464eae47d1221ae0ed053b2d6fda 0 0 0 0 0 1
train_jpeg/2925f7ce2925a44c3ccee312861b0dc1 0 0 0 0 0 1
train_jpeg/8af86652e77fa0c207f6a847d9704a64 0 0 0 0 0 1
train_jpeg/eab826351c8c1e24ec3ae8cd57240b31 0 0 0 0 0 1
train_jpeg/6cbd13b06658fd36d2304b2ae9b82207 0 0 0 0 0 1
train_jpeg/1327133dc89fd3a8e8d0e8f6c0ce6202 0 0 0 0 0 1
train_jpeg/e6d737cf8600e9b07168c04ca7541980 0 0 0 0 0 1
train_jpeg/efd2c30f069bbb618d124e96bb456e38 0 0 0 0 0 1
train_jpeg/d922f26c687373f71735de49dda7c9a5 0 0 0 0 0 1
train_jpeg/64fb1eee6339804a99a1f73aca1c4f0f 0 0 0 0 0 1
train_jpeg/2441d6df861ab75265f7cb3789fe8af3 0 0 0 0 0 1
train_jpeg/4f55eff35e0c162fcde67c36b159e6c2 0 0 1 0 0 0
train_jpeg/abae472458f00047bdcbec40936dd6dc 0 0 0 0 0 1
train_jpeg/92b94e816f1d41a200c00dcd38751212 0 0 0 0 0 1
train_jpeg/7c1add6833d5f0102b0d3619a1682a64 1 0 0 0 0 0
train_jpeg/3eaab50f6e8eb3229e752d546e41979b 0 0 0 0 0 0
train_jpeg/9defa90f813a8b0deb7b040075a2147d 0 0 0 0 0 1
train_jpeg/9bfb1c68b3284e2d0e6c8f0c8c102b09 0 0 0 0 0 1
train_jpeg/75872e0bfed9c86c0029d914f5d03a46 0 0 0 0 0 1
train_jpeg/d56ea61e0f01104d8e27e9372141ecd8 0 0 0 0 0 1
train_jpeg/c3ac713912a16b9a8b6e9b8b3246a328 0 0 0 0 0 1
train_jpeg/810470b77c45ea68e800052d56192d79 0 0 0 0 0 1
train_jpeg/ce2f1d3334f6e057cdbc92b1d480edda 0 0 0 0 0 1
train_jpeg/0c373b6fd7836eb3f31de84e6d0082c9 0 0 0 0 0 1
train_jpeg/d60baa957de2ba1c18e70ffbf62155b5 0 0 0 0 0 1
train_jpeg/63236a382e8f97864ea5af5d1c7a5d5a 0 0 0 0 0 0
train_jpeg/bd94013e719d3bf243bdf5771490bb0a 0 0 0 0 0 0
train_jpeg/8801bd9d1f5e318eb79124c7b2438ac5 0 0 0 0 0 1
train_jpeg/9ebc7b71e7193d7c02ee08f7d63a564f 0 0 0 0 0 1
train_jpeg/c1eed8528dc7ce27efb7c0b4d4f3736e 0 0 0 0 0 1
train_jpeg/bfdd2b7d930f17b450e1d1e7ec7a57bb 0 0 0 0 0 0
train_jpeg/02f6df6f5c4666cdbfeae7901b913187 0 0 0 0 0 1
train_jpeg/542f4583f097667ad5f691085f1da789 0 0 0 0 0 1
train_jpeg/f36c77c7db094a92be78852831c5207b 0 0 0 0 0 1
train_jpeg/de0b4c9d065467ea456efcb64155e489 0 0 0 0 0 1
train_jpeg/f33c818324f7631eec51571396df362d 0 0 0 0 0 0
train_jpeg/efc3cd73fb9cffc93e04790527d62b8a 0 0 0 0 0 1
train_jpeg/90ae72b77dc1401c701311e69501d3f3 0 0 0 0 0 1
train_jpeg/4b33db392748079f75a5250a15840b74 0 0 0 0 0 0
train_jpeg/abae472458f00047bdcbec40936dd6dc 0 0 0 0 0 1
train_jpeg/15703baf49cdef5b522570cff4324808 0 0 0 0 0 1
train_jpeg/fd0101d5a41b3c0a8743502692690bdb 0 0 0 0 0 1
train_jpeg/792e18fc92978e6ac54589455bddf6d9 0 0 0 0 0 1
train_jpeg/1b8bb721f6adf077404509d5ba07033f 0 0 0 0 0 1
train_jpeg/75f46780720f2683f75a0fa7bf1464f7 0 0 0 0 0 1
train_jpeg/588a72f7d1d7c20849baf37480524c2f 0 0 0 0 0 1
train_jpeg/a2cb60ca2bd1d275ae10c1e416452278 0 0 0 0 0 1
train_jpeg/9f9d3d28dce21c8666f9eeb04af69040 0 0 0 0 0 1
train_jpeg/8fc79a203e64c849cd6b176be004534d 0 0 0 0 0 1
train_jpeg/980030eec2892fd979adc481d9675550 0 0 0 0 0 0
train_jpeg/d754a71c389c71df420e6c49260c417e 0 0 0 0 0 1
train_jpeg/26716d576590f1464059375e3de86a29 0 0 0 0 0 1
train_jpeg/c37c1b0387090f95fa7f6b38542f1d19 0 0 0 0 0 0
train_jpeg/7168076e56f8feaa7de68e441156b9e4 0 0 0 0 0 1
train_jpeg/873fc048d8a429794f8d5675ed0638fb 0 0 0 0 0 1
train_jpeg/cb8ccbbcb3ee23274483ff57bb3d2c02 0 0 0 0 0 1
train_jpeg/9246c1061217b8131ccdaea80327e24d 0 0 0 0 0 0
train_jpeg/07a6d6a7b2a64306ac3544e7dd55c5e6 0 0 0 0 0 1
train_jpeg/d24cee27e1036892d9d120d9ee0a10ec 0 0 0 0 0 1
train_jpeg/e36138af0c25e340a0ebe5a820d3276f 0 0 0 0 0 1
train_jpeg/94de62dfe739e0d39da5c014bc72576f 0 0 0 0 0 0
train_jpeg/eadd7d698f3fea7dff19f9964b28e57b 0 0 0 0 0 1
train_jpeg/659da0929f184579263a7a070729008e 0 0 0 0 0 0
train_jpeg/96021af52e0a14e49058189530e7cdc3 0 0 0 0 0 0
train_jpeg/efc842e53ed3a948b8c6b5284c132c60 0 0 0 0 0 1
train_jpeg/4f27cfb82f3a2cfab10232f1c9a34d06 0 0 0 0 0 1
train_jpeg/a05d02bcf44861404c6aa8e020e5de0e 0 0 0 0 0 1
train_jpeg/98e2d03f7e9ba87b4922b35347866fc4 0 0 0 0 0 0
train_jpeg/80566ec123fa2c9bbb6483c7d9ed9643 0 0 0 0 0 1
train_jpeg/66453069fce340c1f11ae7a194f034f1 0 0 0 0 0 1
train_jpeg/6ca6bd22cfa20b11f14517f4f73717f1 0 0 0 0 0 1
train_jpeg/8481205d34f45d5f90cd889f2a980b49 0 0 0 0 0 1
train_jpeg/9c78d6489c0e8689f4461c064ca35249 0 0 0 0 0 1
train_jpeg/dd1bafb91e030b06b166cc6f30a43128 0 0 0 0 0 1
train_jpeg/7bd717ae325d7bb86de08c8283096ce1 0 0 0 0 0 1
train_jpeg/090b30ca55ab2a592cd3b24c9407a2bf 0 0 0 0 0 0
train_jpeg/fb1994794ffd34d3ca783c34447829f4 0 0 0 0 0 1
train_jpeg/41b743f4d7c76feea7da57a6a7d2373a 0 0 0 0 0 1
train_jpeg/28bed0c1fbc9d000cb3dbb2a2b1b37de 0 0 0 0 0 1
train_jpeg/c7b176e24db5b27abd08436a571242b9 0 0 0 0 0 1
train_jpeg/63365b8aa1829307a8cbd157a8057d9a 0 0 0 0 0 1
train_jpeg/866a996e613e21783bb4524ca1679ab1 0 0 0 0 0 1
train_jpeg/27217ea5d80228bed2a58fbb867ea342 0 0 0 0 0 1
train_jpeg/d52590d27ebd08d17277ef794e31337f 0 0 0 0 0 0
train_jpeg/277bcfbb546c26189a433230d2509671 0 0 0 0 0 1
train_jpeg/8a827163d95e11972ab905860d363a2d 0 0 0 0 0 1
train_jpeg/d264de8c001ad3304fb6ee0c6ae379ec 0 0 0 0 0 1
train_jpeg/32f643fbd7e99181193edf3720888743 0 0 0 0 0 1
train_jpeg/d77de97b5f240fd0fcebdb486062467b 0 0 0 0 0 1
train_jpeg/86d63bea08d4567c56d10107b54048fd 0 0 0 0 0 1
train_jpeg/353ca5037bc2f25c6af8d1e6b6e0a2f1 0 0 0 0 0 1
train_jpeg/d47e444aea45df364c4a7cebc156e183 0 0 0 0 0 1
train_jpeg/8242bf2fdc119f6272d0fa3e5b4e583a 0 0 0 0 0 0
train_jpeg/3fbd2b45de32afd8618a53b9d5b9c917 0 0 0 0 0 1
train_jpeg/7bdd4f55fba21d9a3aa9dd6d96ce0223 0 0 0 0 0 1
train_jpeg/7b28527cbbf8fdd46cae166b95e1bf64 0 0 0 0 0 1
train_jpeg/8994d90180f312fc4242b316fb3da607 0 0 0 0 0 1
train_jpeg/69d87f580f14b87c4fbbd69f1457e650 0 0 0 0 0 1
train_jpeg/0615151ee49a727a15e49e8a531b47c3 0 0 0 0 0 1
train_jpeg/9a2c954f3fa466172e9e03a4014800f4 0 0 0 0 0 1
train_jpeg/06c4364c837021fda2868310025cbb4b 0 0 0 0 0 1
train_jpeg/e4719fcf15f96a974cfe8c02a83d7636 0 0 0 0 0 1
train_jpeg/7d79935d14c5af1e9b9d0d414f3e65a1 0 0 0 0 0 1
train_jpeg/3f79d5c9084186e488c6617e723a3339 0 0 0 0 0 1
train_jpeg/b2f119b4b46c8ca128b1287762d51fed 0 0 0 0 0 1
train_jpeg/861898cad64530858ed69396740268c8 0 0 0 0 0 1
train_jpeg/d33e0494ff0e35fcda857261f57c2547 0 0 0 0 0 1
train_jpeg/79f4935b01d8f2a792da470bf49e4d82 0 0 0 0 0 1
train_jpeg/3024b7dc8e38999c16ab20ed51c7aa2e 0 0 0 0 0 0
train_jpeg/20294a6c521b2ffc8ee2e7e1cac1fc50 0 0 0 0 0 1
train_jpeg/b61e3688e902469aeda86709a31c475e 0 0 0 0 0 0
train_jpeg/61fccb625931e4bbbb170376b4d94356 0 0 0 0 0 1
train_jpeg/c7818846caabb4c8a3f18f0b15dc4ea9 0 0 0 0 0 1
train_jpeg/1965a7754db07d37805473e656bbf611 0 0 0 0 0 1
train_jpeg/d17fca94154d3b7021d23f56a3aaa883 0 0 0 0 0 1
train_jpeg/8ad09acd2ee4fc0b1c191fba1e2592d7 0 0 0 0 0 1
train_jpeg/fe269d95485425df8d800b90f00d43d9 0 0 0 0 0 1
train_jpeg/5ff1e6bd7cb14179a70db035d3aa6ba6 0 0 0 0 0 0
train_jpeg/4fbeeb5466485b289c75a393b8e03dd5 0 0 0 0 0 1
train_jpeg/e1d038ff0cd6d22a56f0e6d350e54f51 0 0 0 0 0 1
train_jpeg/041a2df8e7c2af2b0b1bb90bccb50a5e 0 0 0 0 0 1
train_jpeg/044c53b3fd48fc029318fbcee70ae0d1 0 0 1 0 1 0
train_jpeg/eb7e130a397c5af923003334d5733610 0 0 0 0 0 1
train_jpeg/52951d7de2485aba8ed62629eee4d254 0 0 0 0 0 0
train_jpeg/79e8d10895b6cd7b1fca87139719b63a 0 0 0 0 0 0
train_jpeg/107b954f19deca54c77c6bbeafb7ca2d 0 0 0 0 0 1
train_jpeg/f55460fccf2d3c591f57f9c0de2c37c2 0 0 0 0 0 1
train_jpeg/20fd9c6560ee942cc79b057b0c8709cb 0 0 0 0 0 1
train_jpeg/732eea13a7d3e2cf1b027deef9ffa80a 0 0 0 0 0 1
train_jpeg/cd6c60129b9075448f043f5c4ce48f1e 0 0 0 0 0 1
train_jpeg/b725034dffed579254bb178c33d6289e 0 0 0 0 0 1
train_jpeg/2ae44a028bd7146e2ce74718860ff663 0 0 0 0 0 1
train_jpeg/83bb0634e0a63072f609fe987d059497 0 0 0 0 0 1
train_jpeg/c599c619d44a05ed87854caa6977fd18 0 0 0 0 0 0
train_jpeg/1de5b4c6c661ca860685dc476efb9b63 0 0 0 0 0 1
train_jpeg/d62bf9c7b56be896143131711e69ad87 0 0 0 0 0 1
train_jpeg/667a27b0998f298db945ff935be9dd29 0 0 0 0 0 0
train_jpeg/74ff5b796c26207685a8a9a715f78f9c 0 0 0 0 0 1
train_jpeg/6440884f308327154f36e74e1a49bb90 0 0 0 0 0 1
train_jpeg/ca51a918dfb1408e97204c7dbf8a6f39 0 0 0 0 0 0
train_jpeg/6bbf54943c04324784c54e27de8dca85 0 0 0 0 0 1
train_jpeg/db1942c4b69ecc90ff870f987b7c5284 0 0 0 0 0 0
train_jpeg/fc4363ebce3a4aaa7c7d8c4796221c16 0 0 0 0 0 1
train_jpeg/9b44eddd5b59cd65d92366f27290d949 0 0 0 0 0 0
train_jpeg/85df64243cc1caaa9fbccdd1e7101f54 0 0 0 0 0 1
train_jpeg/bd27bedc3d2ff0a5bd9531b951aa40e4 0 0 0 0 0 1
train_jpeg/e3f054384d26f6562798414225bcb1e5 0 0 0 0 0 1
train_jpeg/2be9331aba2540c39971621887174215 0 0 0 0 0 1
train_jpeg/024f9140bd829c346fc91fcf4009d251 0 0 0 0 0 0
train_jpeg/409e20d96e906d3582b11c0f2ddab096 0 0 0 0 0 1
train_jpeg/93b51b063f282d0b88e5dc9a7eb5c1b0 0 0 0 0 0 1
train_jpeg/d9a1a2d02ee9634a0486de53f820fadd 0 0 0 0 0 1
train_jpeg/888880bfaaf252cc1f400ff43ee21451 1 0 1 0 0 0
train_jpeg/628ba9788c00a8fa5fd77992fa9f63ed 0 0 0 0 0 0
train_jpeg/12d07ebe6236b5dd4ae9455b37824ed1 0 0 0 0 0 1
train_jpeg/743aaed5bbd2ae6c4b0dcbaa53671700 0 0 0 0 0 1
train_jpeg/eb93d3b49c4746ad92ae7e800bdf516d 0 0 0 0 0 1
train_jpeg/025534801b62d61f1c1c9e571ea74695 1 0 1 0 0 0
train_jpeg/401dcf59383ac272c5658e1650f40c3c 0 0 0 0 0 1
train_jpeg/37d313251f4a6ca33fc7e428389cb9c1 0 0 0 0 0 1
train_jpeg/5780e843511eb33150ad2d151aeed276 0 0 0 0 0 1
train_jpeg/836875cb65e35b17f6bd79b04d151a39 0 0 0 0 0 0
train_jpeg/901a00af4a5f9e17c65f510a31b552eb 0 0 0 0 0 1
train_jpeg/a3138b15692cfedc5a35d1bf5314616e 1 0 0 0 0 0
train_jpeg/9bcfc51817a7317c9b652c59beb99993 0 0 0 0 0 1
train_jpeg/9b12521fa480b7872a66995a796f03e5 0 1 0 0 0 0
train_jpeg/c4f516c1232849bc982cc768debc564e 0 0 0 0 0 1
train_jpeg/99cb0ed6b63c75966bf4714c1ff4c7cf 0 0 0 0 0 1
train_jpeg/b482f72073e73cea73cc82ea02b353da 0 0 0 0 0 0
train_jpeg/45775fb80faeb8145ac5878c05b2f05c 0 0 0 0 0 1
train_jpeg/1364ef33b36720eb7c3909651532bbbf 0 0 0 0 0 1
train_jpeg/d9910b0b179e65a23b33b1ec0a8b4bb4 0 0 0 0 0 1
train_jpeg/751e019470f5c586e752d7c63585ce7a 0 0 0 0 0 1
train_jpeg/f5f8866773cc80861a7f5c30502d0fbb 0 1 1 0 0 0
train_jpeg/768a7d452af7e32e52a9b183a7987319 0 0 0 0 0 1
train_jpeg/88d5692222f384b68a51a1050912f5f5 0 0 0 0 0 1
train_jpeg/63f24af3bd9f735911958c1190306af1 0 0 0 1 1 0
train_jpeg/1688c69504b9fd2179225d4b03e677c0 0 0 0 0 0 1
train_jpeg/d88748230c0c7978f6b1200e97b77268 0 0 0 0 0 1
train_jpeg/b63468d09854f322d5e371915e5591d0 0 0 0 0 0 0
train_jpeg/e67e91b27935a01b738eaa01ede863fd 0 0 0 1 0 0
train_jpeg/d7ab4fc8eba9859ab9199138002d6f34 0 0 0 0 0 1
train_jpeg/9f143122da6e0f80e97ebc5c32af11ed 0 0 0 0 0 0
train_jpeg/c8d7cfd98042f8559f680518a33d34bf 0 0 0 0 0 1
train_jpeg/1d98f9456ea2df83529788ca6684bbc6 0 0 0 0 0 1
train_jpeg/17285d4b3bcac950397f548d1d715043 0 0 0 0 0 0
train_jpeg/942048b3178effeff6507cef798d67e0 0 0 0 0 0 1
train_jpeg/c72ea62bef9b30e27d165d44aad89e90 0 0 0 0 0 1
train_jpeg/440d5de43270006800efa1caecede2f1 0 0 1 0 0 0
train_jpeg/27ae5a2982f9ef772cccfbd14332f965 0 0 0 0 0 0
train_jpeg/67172a0f02403cdca81f2eeb3e6ee86d 0 0 0 0 0 1
train_jpeg/04f3e0ba1b46a723e88d7331f5e21419 0 0 0 0 0 1
train_jpeg/80eec88e4af019372509aa39d1e88241 0 0 0 0 0 1
train_jpeg/90ae72b77dc1401c701311e69501d3f3 0 0 0 0 0 1
train_jpeg/a593c8a7d1ff14e49827ee79670a44be 0 0 0 0 0 1
train_jpeg/af16925c379e1cdfb07d11f68d85ec49 0 0 0 0 0 1
train_jpeg/da80aff78196208d9395ced4a9f0d485 0 0 0 0 1 0
train_jpeg/9ce6a1e4d900f5bea08546e46179dbe2 0 0 0 0 0 1
train_jpeg/1ac82901d20fd381f9aee67859846cef 0 0 0 0 0 1
train_jpeg/5d915a93afa7a4d47aeb206eefba2465 0 0 0 1 0 0
train_jpeg/365dd4b12d6577d57e3320387c9ce858 0 0 0 0 0 1
train_jpeg/edd63fab835b3c6492a5ec8b8a3446d3 0 0 0 0 0 1
train_jpeg/37da73c72e20a4a8e5cf92a000a14dea 0 0 0 0 0 1
train_jpeg/c76f9bb22dfaa73cd8810e299cc0bd53 0 0 0 0 0 1
train_jpeg/84547a6761681374285126a29b0b2941 0 0 0 0 0 1
train_jpeg/e2d9292329797abcf80d3a8887a75fff 0 0 0 0 0 1
train_jpeg/10498c5c45827c22489639065f90d70b 0 0 0 0 0 1
train_jpeg/b3c7d38fa039c4550491cf77cb52bea8 0 0 1 1 0 0
train_jpeg/b7837ea29dd8bd1386f09cc1474320f0 0 0 0 1 0 0
train_jpeg/509a74bd4cedeaac2a90ab9d305e5ef7 0 0 0 0 0 1
train_jpeg/8301f74fa3357355bf5c98c88945f470 0 0 0 0 0 1
train_jpeg/da829f9d45e9fa77e70cc4b0b380aa40 0 0 0 0 0 1
train_jpeg/9713e99a411c458e17f7f8ad8924c181 0 0 0 0 0 1
train_jpeg/d300794127aff6981089b213a348b5d5 0 0 0 0 0 1
train_jpeg/94743d446fac609118a2e7061d6c833f 0 0 0 0 0 1
train_jpeg/a5c5bca04df42e9949aa48cee3ad67c7 0 0 0 0 0 0
train_jpeg/c7629ae7a638c5892d90c49fd90401f0 0 0 0 0 0 1
train_jpeg/f502958f6f74c0859ef5e13bac4cc6c0 0 0 0 0 0 1
train_jpeg/f91454c7ea3f4c9f6754d8c0807f0861 0 0 0 0 0 1
train_jpeg/a9792c58220c876e247dedda32513253 0 0 0 0 0 1
train_jpeg/fdcdbc6befee8ab9553039895835bad8 0 0 1 0 1 0
train_jpeg/4bdf879330449972f73b5af4588ca54d 0 0 0 0 0 1
train_jpeg/ac2383f94e250feb34c72b4851cd4a11 0 0 0 0 0 0
train_jpeg/4c2e918d34ade2ddd11772952ec34ec5 0 0 0 0 0 1
train_jpeg/f9fea79e8c324d21c93ca0271b84e24e 0 0 0 0 0 0
train_jpeg/35b16ece367c122526fba693096b367c 0 0 0 0 0 1
train_jpeg/9e5a4aa7369e892b8ab2140b273b4a93 0 0 0 0 0 1
train_jpeg/6cf0ce690ad8348d8c44c689aed97836 0 0 0 0 0 0
train_jpeg/2a4a459820226a8b7683df0df4adac6f 0 0 0 0 0 1
train_jpeg/4c136dc24756a39edd30f610a01029df 0 0 0 0 1 0
train_jpeg/14501aa6c40628be7196aa12da5578a6 0 0 0 0 0 1
train_jpeg/09ebaedff630f8fa4d5d752f0beb34f2 0 0 0 0 0 1
train_jpeg/6f79bc390fe626dd3ad6a8cb36116254 0 0 0 0 0 0
train_jpeg/2f0f78896da7bfed5082d51ad78bf973 0 0 0 0 0 1
train_jpeg/611310e3e1ec37e73e74f1a756b3bb69 1 0 0 0 0 0
train_jpeg/36fb4eaf5da9525924d1b4ff5bdbd52f 0 0 0 0 0 0
train_jpeg/a68476feb7a334145e35f047610cfa80 0 0 0 0 0 1
train_jpeg/4d6d1ece465e475c3b56d6e8bbe112b1 0 0 0 0 0 1
train_jpeg/132eaf12f0c7f30a7d740178ec968777 0 0 0 0 0 1
train_jpeg/72a60e1680fed635062ad42bc5df893d 0 0 0 0 0 0
train_jpeg/1ec44d3bc379cf915de2c69bcb325cc2 1 0 0 0 0 0
train_jpeg/2d524b03db10432b9e13cd6f98fdaafa 0 0 0 0 0 1
train_jpeg/6098cbfc2cd5e8fa6d354581ad1023a1 0 0 0 0 0 1
train_jpeg/a64fc5cd6dcfe7e66a5b64f0b313cfa3 0 0 0 0 0 1
train_jpeg/063319de25ce7edb9b1c6b8881290140 0 0 0 0 0 1
train_jpeg/348ad4ea0789eda9faeecf12bf7bbb4d 0 0 0 0 0 1
train_jpeg/c439d7071a6929d38db1b86e577806c3 0 0 0 0 1 0
train_jpeg/87d6a8f38b07e64a2d2bd2e1594a44bf 0 0 0 0 0 0
train_jpeg/06b2ff94bd0270f543deb7074c2a006a 0 0 0 0 0 0
train_jpeg/22d12a2c3610060793453d39c4330429 0 0 0 0 0 0
train_jpeg/3008f89eb33513741c8242826fc67f2b 0 0 0 0 0 1
train_jpeg/b5a22ed415afc3a25ec05949305ec2eb 0 0 0 0 0 1
train_jpeg/8fe0e719bc142d9327cb86cc28e82b03 0 0 1 0 0 0
train_jpeg/9316b2ca577b760f2611b9d99bff7053 0 0 0 0 0 0
train_jpeg/d6b8482421ee5ee48d166c37d54cf7de 0 0 0 0 0 1
train_jpeg/9ff7d07078bc454c9261e29ecf89f55a 0 0 0 0 0 1
train_jpeg/50d427f8dcf1ce69704b69db12d52192 0 0 0 0 0 0
train_jpeg/6290796d31e7984c5bd7dac745d16bc1 0 0 0 0 0 1
train_jpeg/300c691ccde48d55c40f93dd9cac64fa 0 0 0 0 0 1
train_jpeg/7882c56e6d4e2ec8b97556d8cfce4cf0 0 0 0 0 0 0
train_jpeg/94de62dfe739e0d39da5c014bc72576f 0 0 0 0 0 0
train_jpeg/6726be2d859943d3ae9483824a3f9067 0 0 0 0 0 1
train_jpeg/616baef26f2d2074207d8ff097193f6b 0 0 0 0 0 1
train_jpeg/d312cdd620b130479bfea6128e47b2c4 0 0 1 0 1 0
train_jpeg/a40dd07c44e81c89d5b87e04d4189bba 0 0 0 0 0 1
train_jpeg/dfc80884bf97cb71d4848b501cb7f702 0 0 0 0 0 1
train_jpeg/2e393d79b412fb3f72f8597e96009d2f 0 0 0 0 0 1
train_jpeg/28ea7d2896bc5e5ad1aa88b53e499a0c 0 0 0 0 0 1
train_jpeg/e0a078144e3167316fa44673aa5e3aab 1 0 0 1 0 0
train_jpeg/56ff7fcebb05ad791d43e5b043f7d405 0 0 0 0 0 0
train_jpeg/17fc311041dbdb50c502716ca8302a93 0 0 0 0 0 1
train_jpeg/b4faf90679534ac80ab9113365203dc0 0 0 0 0 0 0
train_jpeg/05091dc13df663abfa0144b15276fb44 0 0 0 0 0 1
train_jpeg/7bf14801ba177b4d09cee3dd3e452973 0 0 0 0 1 0
train_jpeg/7b6a38d1478375102a8396bedfbf9edf 0 0 0 0 0 1
train_jpeg/11669fd60f163f0c6faf201a05d0c72a 0 0 0 0 0 1
train_jpeg/6f66a61c0bc09e83a2e732fdc3390cbb 0 0 0 0 0 1
train_jpeg/53b894bd3ec511ae4bec7b5b47ce260a 0 0 0 0 0 0
train_jpeg/9a515577750417b5e6d096b6ae16880e 0 0 0 0 0 1
train_jpeg/0e6af94d17007c94d858b3bb7adb7dac 1 0 1 0 0 0
train_jpeg/57b939b0fd7d156a6113a48caad65f0d 0 0 0 0 0 0
train_jpeg/a8a1dc9c2028eec275661929646ff00c 0 0 0 0 0 1
train_jpeg/1bb7079ab131dd4c4151b2a6838538bd 0 0 0 0 0 1
train_jpeg/f1da5e509f8a55be3ac43a1b0034ca77 0 0 0 0 0 0
train_jpeg/af545c8cabc4dec52e5dbc7698876869 0 0 0 0 1 0
train_jpeg/b0bef1b57611726c4b0c636264fe5061 0 0 0 0 0 0
train_jpeg/80dd01e17222cdf9eef92e8c986179fb 0 0 0 0 0 1
train_jpeg/a07684cf1930a44967b0bfcde5b9cfeb 0 0 0 0 0 1
train_jpeg/bdc3c56b0303419cdf72b51c9ae1d088 0 0 0 0 0 1
train_jpeg/3e81b168a5ed4f4419d9ef7aa61fab04 0 0 0 0 0 0
train_jpeg/4b362ff0dc4edcebf7af55199b1e6b3e 0 0 0 0 0 1
train_jpeg/b502b41aafb37e54ddb1ffa035c190a2 0 0 0 0 0 1
train_jpeg/4ce79c9e3c88341275564228d76970aa 0 0 0 0 0 1
train_jpeg/7f9a96e7377ba04fc585b805f93d5996 0 0 0 0 0 0
train_jpeg/9134e1c89231ce785443c0e4eac783a7 0 0 0 0 0 0
train_jpeg/3e2c52e066e6bc9e28a58d7f13c64296 0 0 0 0 0 1
train_jpeg/1a15da91ec46d4887b40c65866fba831 0 0 0 0 0 1
train_jpeg/e789d94f7c4bd88d6f3c787f941dc7a7 0 0 0 0 0 1
train_jpeg/26c993f260c3451d290d3da19477292d 0 0 0 0 0 1
train_jpeg/449d8bc9224433abf1a23b78998bac06 0 0 0 0 0 1
train_jpeg/0d94045f9e16f077bc6bbdea9f6c561b 0 0 0 0 0 0
train_jpeg/1bb733d6ef187d4faaf01f4cbb332944 0 0 0 0 0 1
train_jpeg/8a6df5f9f33f6df888f00882757209d9 0 0 0 0 0 0
train_jpeg/7da8cf1d4261791fbb0bae6f6bdb33ec 0 0 1 0 0 0
train_jpeg/84c887e039ef9c6f05eac4a7920a3bab 0 0 0 0 0 0
train_jpeg/31f21db3de490677e8b2d846703c25b6 0 0 0 0 0 1
train_jpeg/3ccbd36a18bc2d0159ef2a0cade1565e 0 0 0 0 0 1
train_jpeg/a7bba955cdf410ec6da045191a8c056c 0 0 0 0 0 1
train_jpeg/db1942c4b69ecc90ff870f987b7c5284 0 0 0 0 0 0
train_jpeg/6d49f169acaa751758812bd0548ec553 0 0 0 0 0 1
train_jpeg/21e705b10515b420d9b17a5183ee4830 0 0 0 0 0 1
train_jpeg/e1e596163010acb347ac7fa1a48d8d9c 1 0 1 0 1 0
train_jpeg/e29dc4f1ecbaa67bc029b120375837ac 0 0 0 0 0 1
train_jpeg/478a43629c80c0132b69346cc5a434bd 0 0 0 0 0 1
train_jpeg/e3cc7ffdbe05d3b7b1696c8a2a61a61c 1 0 0 0 0 0
train_jpeg/e70b30c0abd15c0c0d3b8f635256a2e6 0 0 0 0 0 1
train_jpeg/9d6a1fc14c01ca45f4220860f1be4900 0 0 0 0 0 1
train_jpeg/047fea7da3a8a8336939e9ae765e8406 0 0 0 0 0 1
train_jpeg/c12df5422711be0ed7b17a657c68fc8d 0 0 0 0 0 0
train_jpeg/3d3781571117f65ceac27dfbf2979b21 0 0 0 0 0 1
train_jpeg/5e7b10cdef0624bd679361d13707b411 0 0 0 0 0 1
train_jpeg/ca894c6c888a3d7490387a79557c5120 0 0 0 0 0 1
train_jpeg/67172a0f02403cdca81f2eeb3e6ee86d 0 0 0 0 0 1
train_jpeg/3f304a0d3bec1b3b1c53b828d28ae7de 0 0 0 0 0 1
train_jpeg/1734a9172a7aa8106b1f32bf7b280e28 0 0 0 0 0 1
train_jpeg/2b6ec0aa221b1f430e8f5cb1696844dd 0 0 0 0 1 0
train_jpeg/cfcd11e1470297208eb39c9e82d6618a 0 0 0 0 0 0
train_jpeg/c410e5da23319e7df174a5f0bbb51a93 0 0 0 0 0 1
train_jpeg/d7f2e8a9e9bc6a6275917f27c9eed894 0 0 0 0 0 1
train_jpeg/034cf2b503a9a7efe404f000fb988534 1 0 1 1 0 0
train_jpeg/833700d99ce535ab4642e0f3f8125483 0 0 0 0 0 1
train_jpeg/b88d596bf6fd4664434f6525ac632f74 0 0 0 0 0 0
train_jpeg/c3801a4bcc2d51f45335ae564c46f90b 0 0 0 0 0 1
train_jpeg/971017a6e889f928612db963fff2034a 0 0 0 0 0 1
train_jpeg/70bb28b860c2c597900d4a0722cf53a7 0 0 0 0 0 1
train_jpeg/23defd6a70cbe9bb50360d240b1a8af6 0 0 0 0 0 1
train_jpeg/ca54feb71bb069bfb7206bc3aac0c9f7 0 0 0 0 0 1
train_jpeg/3bcb9fcbaefb31d394e0ff848bbdd2b8 0 0 0 0 0 1
train_jpeg/011eb641c20dc4eaa472382849a99dd4 0 0 0 0 0 1
train_jpeg/0420bfcdd86ebbcd774d0cb7a087923c 0 0 0 0 0 1
train_jpeg/01afcfaabc406f0fe1797cb7fa6616c6 0 0 0 0 0 0
train_jpeg/b032f38205cd517f3916a4bf6eda26da 0 0 0 0 0 1
train_jpeg/13cfa0ce17cc9c37b5201e8660b77b19 0 0 0 0 0 1
train_jpeg/6ac75953da6e3587b8bf97673ee7049f 0 0 0 0 0 1
train_jpeg/bed065cabd97df1997e183c2c504c366 0 0 0 0 0 1
train_jpeg/b7d87f19a1daba2fa97a0eae0a033a9c 0 1 0 0 0 0
train_jpeg/f6953ff546b85c1d1a540eb4c50e4c98 0 0 0 0 0 1
train_jpeg/cd7b83d24ee9c092a0f32cb020da6dac 0 0 0 0 0 1
train_jpeg/63f40a011824d0ee7237bd302c030910 0 0 0 0 0 1
train_jpeg/f63ed2cd23177f99f594e4359d474e34 0 0 0 0 0 1
train_jpeg/6a2119f5509f4f9b7811ff4e7d786a62 0 0 0 1 0 0
train_jpeg/2f676a2005a4daf0fd6cba35b6afb730 0 0 0 0 0 1
train_jpeg/e4a528876744e3a37158645935028c57 0 0 0 0 0 0
train_jpeg/fa00b3ef7a88c7c35ea4f04212c57310 0 0 0 0 0 1
train_jpeg/d4244fd8ef401167bd9cd0b58c1f93a1 0 0 0 0 0 1
train_jpeg/3378210c38d195ff5a7e3b612cded052 0 0 0 0 0 1
train_jpeg/e67ad7373ab4fc1480c7e10b3e3d6dfa 0 0 0 0 0 1
train_jpeg/9cca7376a85ea556ff392a89545e7072 0 0 0 0 0 1
train_jpeg/a537060564b5e08c80f46362deb565e8 1 0 0 0 1 0
train_jpeg/20b208fe31541c86d56ea9bb28d6bfba 0 0 0 0 0 1
train_jpeg/ed8ad1f4cdd154bafc1e852032b15e65 0 0 0 0 0 1
train_jpeg/e0f7f804e3159d74b0d54a463e00ed75 0 0 0 0 0 1
train_jpeg/b67097ef52cee62bf9a0b2ff35d5a72e 0 0 0 0 0 1
train_jpeg/ad86f42123384e2441cce36347aa7d1a 0 0 0 0 1 0
train_jpeg/70822307bc21273a21e4a57632f55a0a 0 0 0 0 0 0
train_jpeg/2271647c6cb51cd088392c184f8be135 0 0 0 0 0 0
train_jpeg/3cf29ab62dd4b9866c7e055c59098d3e 1 0 0 1 1 0
train_jpeg/322bf58e1679125507f7909591396e0e 0 0 0 0 0 1
train_jpeg/13df80547c48fd7d14d22e9322f4a17d 0 0 0 0 0 0
train_jpeg/526af54d112b00a1dbca49ef5c009bc1 0 0 0 0 0 1
train_jpeg/27ecab6bd831b11db5b502f8d6288f29 0 0 0 0 0 1
train_jpeg/63b59554a7d474f95dc9499ccead7f1d 0 0 0 0 0 1
train_jpeg/71116dbd6051acd915d10a76dbc1f95f 0 0 0 0 0 1
train_jpeg/e6d523c9fa36153b771aff4e9b03ecb4 0 0 0 0 0 1
train_jpeg/ed87beb001539a3f2c81aeb1c817acbd 0 0 0 0 0 1
train_jpeg/1a6a5124eb0cfe85fac933968f9ecdd2 0 0 0 0 0 1
train_jpeg/f9e722d2706d42998afff41568223a01 0 0 0 0 0 0
train_jpeg/1b6f5beafd8bf402be35d08dce69cc15 0 0 0 0 0 1
train_jpeg/771e151f13e719b549b4e3d74c4777fe 0 0 0 0 0 0
train_jpeg/bfde73a6aefd09d9c10c8bacab747161 0 0 0 0 0 1
train_jpeg/7f9ef435cb6fb4d05ba6e67dfb479324 0 0 0 0 0 1
train_jpeg/1720ee54631aff23784053fe1719dfdb 0 0 0 0 0 0
train_jpeg/799370f27a2fbfca2a8ecef41c2a14b2 0 0 0 0 0 1
train_jpeg/92e70b05434954ca1d71bc2ab976ba2f 0 0 0 0 0 1
train_jpeg/84823b0b03c61f4a8d1f6cc074dfea3c 0 0 0 0 0 1
train_jpeg/d95b66ea107fcdb1aba890cd6b51fc88 0 0 0 0 0 1
train_jpeg/8c5084962db8a9329e42da1eaeea654a 0 0 0 0 0 1
train_jpeg/a24f6e745dea4cfb8c3a31aa084650f7 0 1 0 0 0 0
train_jpeg/105c3102661ee24684dc180a32dc7119 0 0 0 0 0 0
train_jpeg/44400b94c2cfe4e0395d1a98cfa7a665 0 0 0 0 0 1
train_jpeg/79ef441bfa234970dd72d7f5739fb483 0 0 0 0 0 1
train_jpeg/10c3f0fd6aa8692d67b5796f78a6b827 0 0 0 0 0 1
train_jpeg/0cb37232f9295c2876ee87e949d781e3 0 0 0 0 0 1
train_jpeg/5e280cd7062b57cfebc0a61b866a49f8 0 0 0 0 0 1
train_jpeg/d8d873b275543b0d2d894958e37f09ec 0 0 0 0 0 1
train_jpeg/0ebeb88f3b12070b5e237152ee33d16d 0 0 0 0 0 1
train_jpeg/f0105dcab1f42815442e5a2b0247eb21 0 0 0 0 0 0
train_jpeg/205f61656782bfc6c18f0484bdce66a9 0 0 0 0 0 1
train_jpeg/b83e69529e26ac8cfbf2403044b45920 0 0 0 0 0 1
train_jpeg/4972b3b12340e6f5b302c45ac60a1f75 0 0 0 0 0 0
train_jpeg/a6422850a94f0589724c953c63bbe22d 0 0 0 0 0 1
train_jpeg/459758f58ef94a8a0701e228156c4965 0 0 0 0 0 1
train_jpeg/24d7d977707ea866b54a44228ff1cacf 0 0 0 0 0 1
train_jpeg/1a2d61ed3ccdc6c3a230ef73ae6adc4a 0 0 0 0 0 0
train_jpeg/06b633b843dba6822eec95206d086dd7 0 0 0 0 0 1
train_jpeg/56c3bbef093e2a2601cf4373aac9ff92 0 0 0 0 1 0
train_jpeg/f1ba5da6f133d329f7ab9bb241fc0b7b 0 0 0 0 0 0
train_jpeg/2b33f3a742af2c0d8fce8a2a808ea409 0 0 0 0 0 1
train_jpeg/f3b2d71af1014019e7639088a255e13f 1 0 0 0 0 0
train_jpeg/299057220a9508923d271ac70bff843b 0 0 0 0 0 0
train_jpeg/a93a2b354e912c534d6677362e45b3b0 0 0 0 0 0 1
train_jpeg/77694248815e59abca6fa327b40f4343 0 0 0 0 0 1
train_jpeg/d7d4e27e5a9b3752fddcf5c6080026d5 0 0 0 0 0 0
train_jpeg/b29679d2251dd63917530a6eb83e0493 0 0 0 0 0 0
train_jpeg/0be975f6809d71a7011deca1f94ce752 0 0 0 0 0 1
train_jpeg/4361c97e29d8614a2b2a539beaf8aef0 0 0 0 0 0 0
train_jpeg/5da097c62789fb3e38b0fa433f85d913 0 0 0 0 0 1
train_jpeg/eddb92f17c33dccfc0570afd514bad73 0 0 0 0 0 1
train_jpeg/8f49606aad864437f73d657712df64d1 0 0 0 0 0 1
train_jpeg/af816dbb2abae6af536ee16a485ddcdd 0 0 0 0 0 1
train_jpeg/5f21557d7c24e3f023db5c6e866b5119 0 0 0 0 0 0
train_jpeg/ab7c4fd74b4be8ccb135dad2ae7de2c3 0 0 0 0 0 1
train_jpeg/74dc4ee82bae04106855e78e3b0a340e 0 0 0 0 0 1
train_jpeg/7d3d289c824d3643eb22cdcde43afdf7 0 0 0 0 0 1
train_jpeg/de6e8f086381d773cb6290df0d6a7eb9 0 0 0 0 0 0
train_jpeg/2efa9f02587c744ab6f04ac2b29604a3 0 0 0 0 0 1
train_jpeg/2f23b99eea815fe9633b1a072218920b 0 0 0 0 0 1
train_jpeg/0a7aec5bd4485a6f5b67e53a8636305c 0 0 0 0 0 1
train_jpeg/d4849211762d26c01966b2d88afceda0 0 0 0 0 0 1
train_jpeg/3f4c0ff4b6e48838d7d9ddd9573f14b7 0 0 0 0 0 1
train_jpeg/c6e432dd2d937af0c6c404f59e82524b 1 0 0 0 1 0
train_jpeg/8329338249c56ea5a210dc50b6804f19 0 0 0 0 0 1
train_jpeg/21b4f75e7128706b3f648d40a708e2fb 0 0 0 0 0 1
train_jpeg/68c396ded603aae07cb3027b1d2e8a90 0 0 0 0 0 1
train_jpeg/6e53ecb30a443b6096f51dab4906c7a3 0 0 0 0 0 1
train_jpeg/31af27bea5a4823c141f3527fc50fbd3 0 0 0 0 0 1
train_jpeg/68194ba7f002feafff03a21625a07305 0 0 0 0 1 0
train_jpeg/0a1aef5326b7b24378c6692f7a454e52 0 0 0 0 0 0
train_jpeg/1075e57aefb1b18d57f274a66a43c682 0 0 0 0 0 1
train_jpeg/41264e8b15541bea4f7fb5a8abfb4bbc 0 0 0 0 0 1
train_jpeg/e8bfc8bf107149271ccf93f1ebe4d758 0 0 0 0 0 1
train_jpeg/ab03db51e3f10f31f96f83db84bfcd52 0 0 0 0 0 1
train_jpeg/c46fb5b7fc4a87004d3026ca0ca7dce7 0 0 0 0 0 1
train_jpeg/264c01b040113c32f5d50f40b91d4061 0 0 0 0 0 1
train_jpeg/102c6818153a5df4c097033ff758ef21 0 0 0 0 0 1
train_jpeg/95b32ce2a10f57629eb63830376237ca 0 0 0 0 0 0
train_jpeg/59d5b55eca496f01f9d795e593f53db3 0 0 0 0 0 1
train_jpeg/fbc1bf59ac6832df4802bd8a473d26f4 0 0 0 0 0 0
train_jpeg/75fc98faf4b1fe70286b5ad5fc39365b 0 0 0 0 0 1
train_jpeg/ee95d8e76fdd29bed4667b4dcd4b2206 0 0 0 0 0 1
train_jpeg/9de44540163b68efbaae0d0c2b704b4a 0 0 0 0 0 0
train_jpeg/8f2d4606bb980cd820b019e38365ad78 0 0 0 0 0 1
train_jpeg/80ce09a40566bb57fd7ff52e1133e1b4 0 0 0 0 0 1
train_jpeg/565f54b1b1426c62c262f41a2a6daa88 0 0 0 0 0 1
train_jpeg/fce81c9b7b2d0f705e8c3a19d6197784 0 0 0 0 0 0
train_jpeg/c439d7071a6929d38db1b86e577806c3 0 0 0 0 1 0
train_jpeg/85a54041f12e1ad3e1ee5fdf15d574f6 0 0 0 0 0 1
train_jpeg/012969950fbdd28bb50cfa447877cd4e 0 0 0 0 0 1
train_jpeg/e559048794d171b368b3570107840037 0 0 1 0 0 0
train_jpeg/e67e91b27935a01b738eaa01ede863fd 0 0 0 0 1 0
train_jpeg/0d4e7a191d3824127b65425027827f33 0 0 0 0 0 1
train_jpeg/d2bc282e9057cf4d17e2ff126a3e5d90 0 0 0 0 0 1
train_jpeg/900a59a0a1b45b4596687dc929fcac29 0 0 0 0 0 1
train_jpeg/4876181d5f69da92e9e6191b0d01a1bf 0 0 0 0 0 1
train_jpeg/fae3d9c7c5d474bb9cac8ac1c8912688 0 0 0 0 0 0
train_jpeg/b9dcdf502ae1e01ef2ddf1a850321f6d 0 0 0 0 0 1
train_jpeg/1cd5b8ded8ace5645bb43e735915ff0b 0 0 0 0 0 1
train_jpeg/7d3d289c824d3643eb22cdcde43afdf7 0 0 0 0 0 1
train_jpeg/9548c30d5cd9f5051877d7070e1dc33c 0 0 0 0 0 0
train_jpeg/d9ed2809a8f7768fb356e3634d3f41f9 0 0 0 0 0 1
train_jpeg/7b3c037fcf7c3bce41eb823c8d564990 0 0 0 0 0 1
train_jpeg/2b27150473ff6934b8f074872586973f 0 0 0 0 0 1
train_jpeg/da648f4e3bf110e8c31b0fd1859c19c2 0 0 0 0 0 0
train_jpeg/8b37c2ebf7f6d5b446110e75a5cf6ad1 0 0 0 0 0 0
train_jpeg/04fbba5834f2abd713e66b3d0e6a678e 0 0 0 0 0 0
train_jpeg/d4849211762d26c01966b2d88afceda0 0 0 0 0 0 1
train_jpeg/a27fc2bf0a8b0129dd62c2cf59b712ee 0 0 0 0 0 1
train_jpeg/97b6462ef16212a075882c76cbb02c72 0 0 0 0 0 1
train_jpeg/9d46209b17ae9d14fcc7039796d05e6f 0 0 0 0 0 1
train_jpeg/72cff1cc5cbc178dce3b1627f6d3d299 0 0 0 0 0 1
train_jpeg/09b9674023305cb9a0acb367600efffa 0 1 0 0 0 0
train_jpeg/86ace0fdf3efe999d5c9ba92fb7297d6 0 0 0 0 0 1
train_jpeg/87cbfff4a2e763d893fd9ebfe4082ac6 0 0 0 0 0 1
train_jpeg/fc2aa495a2db14cd4cf06a0e8a4c255b 0 0 0 0 0 1
train_jpeg/6535a046e90cc4e42bd3ac9598a07e06 0 0 0 0 0 1
train_jpeg/de45e56d725f9c1e2d3dec69587b2682 0 0 0 0 0 0
train_jpeg/13088cbf40717bace59ef0961554c08f 1 0 0 0 1 0
train_jpeg/ab793e4cf2e5f625ddd7949f1332f4f2 0 0 0 0 0 1
train_jpeg/9ec5a91797fac442a7da731091b9303c 0 0 0 0 0 1
train_jpeg/2e40aa0ff77ae6651535f96260dc157d 0 0 0 0 0 1
train_jpeg/c47b6a4a8fe719b12ecb764d34fa0fd8 0 0 0 0 0 1
train_jpeg/03e6ecfa6f6fb33dfeac6ca4f9b459c9 0 1 0 0 0 0
train_jpeg/4d9ec9438fb6b72cb4fd117809521132 0 0 0 0 0 1
train_jpeg/b77b6064737f5bb86d979b5f73bdb894 0 0 0 0 0 1
train_jpeg/b449953750213bffd341b4ddede8a12a 0 0 0 0 0 1
train_jpeg/15a0f6bc04df6fafdc50b7637fbde815 0 0 0 0 0 1
train_jpeg/a656312421e8b9d86799d21ce118b43f 0 0 0 0 0 1
train_jpeg/2055ec1aef57503407b483c3be8ca71c 0 0 0 0 0 1
train_jpeg/7d6b2982de91c0a900396745c79f3c39 0 0 0 0 0 0
train_jpeg/e3ac18fd134bcb699760db4ef362e14f 0 0 0 0 0 1
train_jpeg/36148cd81d5c56b7adec783c7c629ec6 0 0 0 0 0 1
train_jpeg/9a5ec95afafade65db1940a5720bad0a 0 0 0 0 0 1
train_jpeg/2754f2d6517e715036269fe005458443 0 0 0 0 0 1
train_jpeg/0786a13cabda003d621aa54c5b875fdf 0 0 0 0 0 1
train_jpeg/aa48de908e9939352caca99f748748c5 0 0 0 0 0 1
train_jpeg/87292fd850fa8494048bbdae18312907 0 0 1 0 0 0
train_jpeg/fb213e80b4a2df8702f4c6f7523e7fa2 0 0 0 0 0 1
train_jpeg/7d7ebec69dcf4ec6e88f58b8eaf4e4df 0 0 0 0 0 1
train_jpeg/59d215990b0e15b66e129d47f1b34943 0 0 0 0 0 0
train_jpeg/3a1bde3f11db5306a49d23acc225e0cc 0 0 0 0 0 1
train_jpeg/93ceed16504fa1891d00eada288a4c5f 0 0 0 0 0 1
train_jpeg/66ec544d84f928c3fa8326f0be253346 0 0 0 0 0 1
train_jpeg/7cc4b9ed52119e3f25ac96e0e7c7dffd 0 0 0 0 0 1
train_jpeg/f358691458f01c08fb91f1629ef49f63 0 0 0 0 0 1
train_jpeg/930f6e2711b6440e986e5d8c93afc46b 0 0 0 0 0 1
train_jpeg/14fcb6bd9c455b96a9c5f1a7b1229001 0 0 0 0 0 0
train_jpeg/a8845638da074eb2496b1fd2dda75071 0 0 0 0 0 0
train_jpeg/a6ee1589384c418846cc3375e8f0bc45 0 0 0 0 0 0
train_jpeg/0f7fb15a86f8ada0c84933a6523f22d3 0 0 0 0 0 1
train_jpeg/f9a5d584dd6faefc58653b19b2656104 0 0 0 0 0 1
train_jpeg/f0fe423a27c36770206a214d8d81a344 0 0 0 0 0 1
train_jpeg/f7975e0d3f833ad7f395b1c895db6189 0 0 0 0 0 1
train_jpeg/f6fd89755a088368bc637389af0b3823 0 0 0 0 0 1
train_jpeg/7f1ab64a12e1ecb30b80d4f5266c07d6 0 0 0 0 0 1
train_jpeg/9e15afcba3bac18db3bb491b546792d4 0 0 0 0 0 0
train_jpeg/3875a7e4eb1bdb443470a1abbe93cb58 0 0 0 0 0 0
train_jpeg/5c9b1df128d0506902cbed4462273b49 0 0 0 0 0 1
train_jpeg/becfd80da7e8433033da84997f212f28 0 0 0 0 0 1
train_jpeg/09ebaedff630f8fa4d5d752f0beb34f2 0 0 0 0 0 1
train_jpeg/256506ed7f2d47b1fca0d52a863e7b2b 0 0 0 0 0 1
train_jpeg/e3d9c8954d9f74fc2746da35019bb7f7 0 0 0 0 0 1
train_jpeg/54c9360c74659a1e35ac10e4a4852243 0 0 0 0 0 1
train_jpeg/67923e1fdac310042f5feb9f788839bf 0 0 0 0 0 0
train_jpeg/7f9f3447feb7bb713728a7f7f5a3c70b 0 0 0 0 0 1
train_jpeg/eb38f65822271c1130b1c25cebe98f90 0 0 0 0 0 0
train_jpeg/850ef50fc6c7b3e33e34fc5f283086c3 0 0 0 0 0 1
train_jpeg/7f77642e1e77897f5bc2545278153c40 0 0 0 0 0 1
train_jpeg/7afe7d6b62fec4f70b09008b9ada0fd7 0 0 0 0 0 1
train_jpeg/013e3ac3f5ed61cde07f8c54d02b01d0 0 0 0 0 0 1
train_jpeg/909a5b4b43c867a6626856a2851435d1 0 0 0 0 0 1
train_jpeg/28013e33c4791e3046b3bc78b6cc7338 0 0 0 0 0 1
train_jpeg/bbac60d6c7695f5eeccb56cb56336f6d 0 0 0 0 0 0
train_jpeg/63aa38a879d4ac6b353c5d28da2ba26e 0 0 0 0 0 1
train_jpeg/9a756b299a30cd047a45e3af28b688bc 0 0 0 0 0 1
train_jpeg/4ef589fee1b30a47d9955e4613cf901c 1 0 1 0 1 0
train_jpeg/2eece4306eca3bd69f0606c8d4ccc91f 0 0 0 0 0 1
train_jpeg/b7264e32adf194ee8b914ce3fbb9ef8e 0 0 0 0 0 1
train_jpeg/1d9c6b2d965a1eb5bacb24df247005df 0 0 0 0 0 1
train_jpeg/f0dcd248629236188dbc4c3767b40e69 0 0 0 0 0 1
train_jpeg/8b2634b98e34ba8b66cc7025731f088e 0 0 0 0 0 1
train_jpeg/3e81b168a5ed4f4419d9ef7aa61fab04 0 0 0 0 0 0
train_jpeg/6cd6250e56403799f76678165bcf91d8 0 0 0 0 0 1
train_jpeg/adf4d0d9291b870882f18d7a32db0e67 0 0 0 0 0 1
train_jpeg/5068923278514dece0e02554dba901e3 0 0 0 0 0 1
train_jpeg/4361c97e29d8614a2b2a539beaf8aef0 0 0 1 0 0 0
train_jpeg/c74b97e75097396e9f159c80d5a4a268 0 0 0 0 0 0
train_jpeg/8642425b9956784deaec54a2f895504e 0 0 0 0 0 1
train_jpeg/4accb02a87e27e8f75ff6195eca04b41 0 0 0 0 0 1
train_jpeg/aca8def6b5ff0f925c8c8f0212f95943 0 0 0 0 0 1
train_jpeg/305e4add9c72c91e9984305bf4e85aee 0 0 1 0 1 0
train_jpeg/80c4323662c296de12f4e9768fd8addf 0 0 0 0 0 1
train_jpeg/dc249d912181102a5875015b61b92d70 0 0 0 0 0 0
train_jpeg/985be77c13eb905ee8e19a45e46ab785 1 0 0 0 1 0
train_jpeg/148f24951c69030eb2e5a59e1703bc1a 0 0 0 0 0 1
train_jpeg/da8a1f7ff197b044c9080c8ad34b1df2 0 0 0 1 1 0
train_jpeg/485b010bf1dbb5616fcff89e4dc4cacb 0 0 0 0 0 1
train_jpeg/5027a9103c78fb8e3cfac2c6b7eea497 0 0 0 0 0 1
train_jpeg/bb2a98f5ad31e0ddd17b5b4217bec2af 0 0 0 0 0 1
train_jpeg/df4c8b14301e0914a0ba9cf86223711e 0 0 0 0 0 1
train_jpeg/7da08a037628a0ab39bfbfeb4acae31b 0 0 0 0 0 1
train_jpeg/1ee608f4c2322489c730271c6ef7caba 0 0 0 0 0 0
train_jpeg/0f80dbcaeb8424d1ade057857e621e04 0 0 0 0 0 1
train_jpeg/0bd02888a92ad8428c8ec8ed971eab12 0 0 0 0 0 1
train_jpeg/0ecaf0732fd979768bd7492bcb17856c 0 0 0 0 0 1
train_jpeg/e68532fbad2aa9d9fee2900c341c8c6b 0 0 0 1 0 0
train_jpeg/d73dc480ab936c291ff43612acedc211 0 0 0 0 0 1
train_jpeg/e1e6104574f58fbe283f16333cdfd5cd 0 0 0 0 0 1
train_jpeg/313b72bf31da2fc6dbe5ee58292d1c29 0 0 0 0 0 1
train_jpeg/dd28f83e65d772d72ad49d0db5e18456 0 0 0 0 0 1
train_jpeg/793ba06574de2325cdfcbe7a8c2efebf 0 0 0 0 0 1
train_jpeg/459758f58ef94a8a0701e228156c4965 0 0 0 0 0 1
train_jpeg/796d14acc8bc0139572308bacfa65e66 0 0 0 0 0 1
train_jpeg/34e22877dc637c756273febcdd660178 0 0 0 0 0 0
train_jpeg/62deaf5f6e7d93b940f8dcdec0b6c121 0 0 0 0 0 1
train_jpeg/3109ccf0cb2ba16a947b1cf4945fbfda 0 0 0 0 0 1
train_jpeg/89ffa015af2b8418d8f503c0b65c75f2 0 0 0 0 0 1
train_jpeg/84135f855700efff9cca0f8c3dbb6856 0 0 0 0 0 1
train_jpeg/89e503ac5a54714d03b313b1a6fac252 1 0 0 0 0 0
train_jpeg/89a938068845b572a4a4aae8a1fc99d9 0 0 0 0 0 1
train_jpeg/05d92b99575f75e64e0c0e7293c13803 0 0 0 0 0 1
train_jpeg/92cfa6c3a37d973ead141c1584f97eea 0 0 0 0 0 1
train_jpeg/e444d07c618bc40a493c83919ef11df8 0 0 0 0 0 1
train_jpeg/a539d2434bb758c913a63b7512962eb8 0 0 0 0 0 1
train_jpeg/41cee81dbe9886a56b6c3ee56fb23448 1 0 1 1 1 0
train_jpeg/b7be73a1a180eb2c1599c9c98dd5444c 0 0 0 0 0 1
train_jpeg/be8747c0a1878e0230868c016a47f523 0 0 0 0 0 0
train_jpeg/9699c27f3c10c27d6eb0d25fcbefdd9c 0 0 0 0 0 1
train_jpeg/d233017534707d09cf6d9b8c34b3ab10 0 0 0 0 0 1
train_jpeg/010018c93ed33ae56ed048ee54867e46 0 0 0 0 0 0
train_jpeg/2121782e288bb5fccf342938ce4faee2 0 0 0 0 1 0
train_jpeg/27e6e4b244731bc028e40b85e188c533 0 0 0 0 0 1
train_jpeg/37233691ba64ed88b4e05882d7e41d61 0 0 0 1 0 0
train_jpeg/e66b00af670246c8b3e7fbbd7fa0f5ae 0 0 0 0 0 1
train_jpeg/4cf987893f920af6130ebf1aacbe812d 0 0 0 0 0 1
train_jpeg/f6e67d0b5e5f924baa3c59fe321acd4f 0 0 0 0 0 1
train_jpeg/4268985caaa0bb4145dd056d5aa84b27 0 0 0 0 0 0
train_jpeg/05dfd35f424da60897dfafc2340e0891 0 1 0 0 0 0
train_jpeg/6ef86f00d97562f0606d5fec38aa6d37 0 0 0 0 0 1
train_jpeg/87cbfff4a2e763d893fd9ebfe4082ac6 0 0 0 0 0 1
train_jpeg/16bd4511e7391b3e3d7da90b6c2653d0 0 0 1 0 0 0
train_jpeg/095afb9593cba8a56173554c7d800a15 0 0 0 0 0 1
train_jpeg/96738de1b65f317a199da8d994dabab3 0 0 0 0 0 1
train_jpeg/cb9cfff99f0aa6a0e618e2310a68f186 0 0 0 0 0 0
train_jpeg/534e7dc7c241654e8e0c5b1ce519406e 0 0 0 0 0 1
train_jpeg/e7da63004299caad8e69fe0bd91a6c1c 0 0 0 0 0 1
train_jpeg/624ffecb36667743a48b68e4cc80f0e0 0 0 0 0 0 1
train_jpeg/8580fcdc52d9484496469f85973767f9 0 0 0 0 0 1
train_jpeg/0f08bc7ac92a1678c2c3307c181580e7 0 0 0 0 0 1
train_jpeg/879fec3afbd7f3e8815abb4a207db7e5 0 0 0 0 0 1
train_jpeg/3ec7d6d24ce3775c542d67669d262e7c 0 0 0 0 0 1
train_jpeg/f3a84940a5a63947852fd915062fed1d 0 0 0 0 0 1
train_jpeg/3091912bc947841085f33e214d077348 0 0 0 0 0 1
train_jpeg/f3c32b9968cd8443be3af4fc59da2eb0 0 0 0 0 0 1
train_jpeg/f586cbaa1c54d23a3798639cc1dcee49 0 0 0 0 0 1
train_jpeg/32503c648a31de0bff04a3c0dad7d48c 0 0 0 0 0 1
train_jpeg/3ca77fab496427204152c5bd079ea9ce 0 0 0 0 0 0
train_jpeg/7c5f3e2c0518bba6ca3464c385d4787c 0 1 1 0 0 0
train_jpeg/531b6e868f39771ca9e1865a9d9efdfc 0 0 0 0 0 1
train_jpeg/ad7ccd5224c39c8f0c6675044e95f185 0 0 1 0 0 0
train_jpeg/ebd5fa572171c87d828315e0aa9ceb91 0 0 0 0 0 1
train_jpeg/165fa65ba624597ead198e49360a1449 0 0 0 0 0 1
train_jpeg/1485678dd9f53068a797ec094735828b 0 0 0 0 0 1
train_jpeg/4113bf958daeb1b468c147801007dfc3 0 0 0 0 0 0
train_jpeg/b22e2c0dc16c4a5a626498500ab9ff73 0 0 0 0 0 1
train_jpeg/074b912f547435320e04f0e0cdd4ca20 0 0 0 0 0 1
train_jpeg/0ae620944412bde5a4698049c2bbd3af 0 0 0 0 0 1
train_jpeg/ca81554797be11919317efed035eca56 0 0 0 0 0 1
train_jpeg/6cde3166d972c7b9ceff0e6099d4e374 0 0 0 1 0 0
train_jpeg/011eb641c20dc4eaa472382849a99dd4 0 0 0 0 0 1
train_jpeg/0fca086ebe001f784d428aa9973ba691 0 0 0 0 0 0
train_jpeg/6949ec318132a36d802e2cb19cc5622b 0 0 0 0 0 1
train_jpeg/6c08a98e48ba72aee1b7b62e1f28e6da 1 0 0 0 0 0
train_jpeg/91d8d0afb48a8cfc80d1e7c6e56f8027 0 0 0 0 0 1
train_jpeg/eabdcf4a79311551266984e5c41c1fed 0 0 0 0 0 1
train_jpeg/9bda9a00fb6bb9a1bc1e511e69f269de 0 0 0 0 0 1
train_jpeg/2575c2c2b42a316dada58c33b80170e1 0 0 0 0 0 1
train_jpeg/a2b03b53908e7272c79bcc11ca08a7c6 0 0 0 0 0 1
train_jpeg/70ae292359ad785182a9cd214c26892f 0 0 0 0 0 1
train_jpeg/64a46917dfbd81f3747a1635f47f622d 0 0 0 0 1 0
train_jpeg/dd915e69c819b34a0cd6a9120289e8e6 0 0 0 0 0 0
train_jpeg/d61f23b49107809af9de55e0ad4c3f6d 0 0 0 0 0 1
train_jpeg/1f35e950003ab55bff47f8586e71ce07 0 0 0 0 0 1
train_jpeg/0e064df2b171504e828e3cb8959f6507 0 0 0 0 0 1
train_jpeg/046f839448acd6994ce6bb518656258d 0 0 0 0 0 1
train_jpeg/09f0b00bd079304f72c079d369925aee 1 0 0 0 1 0
train_jpeg/e89430cc87ac300a21b208d0c431fc20 0 0 0 0 0 1
train_jpeg/5ba5f21b61f9d12ef2a88487cc71f6ec 0 0 0 0 0 1
train_jpeg/fa3b6b158acb587e7cfac000b3737a39 0 0 0 0 0 0
train_jpeg/7d70d04b04e27f763d7322fa7147ae5b 0 0 0 0 0 1
train_jpeg/d2e0669da801bd7a9c76aed2de5ee913 0 0 0 0 0 1
train_jpeg/6056fe4eed40998cc745482220bd33a6 0 0 0 0 0 0
train_jpeg/24b3c4ccc0e19044935c8f40ab37fc18 1 0 0 0 0 0
train_jpeg/40365f729045dde403d39546afc573a2 0 0 0 0 0 0
train_jpeg/fe0dcf9316baf361c09475973155976a 0 0 0 0 0 1
train_jpeg/d7aea6f37597df566725da73655edcc2 1 0 1 0 0 0
train_jpeg/0501d62912b9a6ff04eae4ffc56affc2 1 0 0 0 0 0
train_jpeg/5a703ce5345771e5c7d9e60e4b0a7a82 0 0 0 0 0 1
