train_jpeg/697c98dcc1457ad774db7b42a4e1e8b4 0 0 1 0 1 0
train_jpeg/4bbfa8505b7fbc0685c14d1003763f9e 0 0 0 0 0 0
train_jpeg/51422a086cffde581d437b25a71f2b20 0 0 0 0 0 0
train_jpeg/48852da1ec47bc4d3fdaaa5da74bba85 0 0 0 0 0 1
train_jpeg/a4aecbcc70928687d3c202c4ddb5ab58 0 0 0 0 0 1
train_jpeg/da9778a74d1eb6016acd497948eae1d1 0 0 0 0 0 0
train_jpeg/25978f8d8601743919c7b3613b4d066e 0 0 0 0 0 1
train_jpeg/b607317d5d61f54705d8db5bd0fdee92 0 0 0 0 0 1
train_jpeg/402499b5db5c7e4d68f3024f6a43d819 0 0 0 0 0 0
train_jpeg/deb4afdb821024fd5dfedaddbd7800d3 0 0 0 0 0 0
train_jpeg/eff97b3e26cd8cfd6b8d0142ada11b87 0 0 0 0 0 1
train_jpeg/80566fdc49f6da7e1a3e5f69bda6d299 0 0 0 1 0 0
train_jpeg/f39eb4b3aef4664776c298b1500cb577 0 0 0 0 0 1
train_jpeg/c5657b20d7a98b350f7b4bf11bd2a84f 0 0 0 0 0 1
train_jpeg/e377eb24844c2c5e052199d53d83fe41 0 0 0 0 0 1
train_jpeg/481e428544ec493d5608e0aaaf5464a9 0 0 0 0 0 1
train_jpeg/af5b3774027bc0def0cb71e87d5bc0a3 0 0 0 0 0 1
train_jpeg/e63df4068d5c800b0f03de884d32bfb8 0 0 0 0 0 1
train_jpeg/a6767d3da4bdda5bfe5c2017404651bb 0 0 0 0 0 1
train_jpeg/0fc090ef0e517dd49fccac8ba9524b2e 0 0 0 0 0 1
train_jpeg/1d8f4d5daf11f2b01695b71a862aa813 0 0 0 0 0 0
train_jpeg/98295719db1e16c7422f7b6f767902b3 0 0 0 0 0 1
train_jpeg/19c10ebb5c70f832b60de124affebc01 0 0 0 0 0 1
train_jpeg/a2226fa7353bdb7821597e3515eeba64 0 0 0 0 0 1
train_jpeg/3dd71c90893c3ea35bfd55fa4b2c52c1 0 0 0 0 0 1
train_jpeg/7444ecc98d1984f4e864b265857bda11 0 0 0 0 0 0
train_jpeg/369bf7d495f4a800910764a6f9a9a071 0 0 1 0 0 0
train_jpeg/8b79646aeafb4629d7fe321ffda41cc2 0 0 0 0 0 1
train_jpeg/afc724adc12c213b3e5f7cf6f9ea3a94 0 0 0 0 0 1
train_jpeg/04aeb7f7ca32c075b520c28583adabb2 0 0 0 0 0 1
train_jpeg/da8d39508b91606b10b2d9951ad21203 0 0 0 0 0 1
train_jpeg/d07da8a9b93d7c684264ec8be14c0fe7 0 0 0 0 0 1
train_jpeg/2b49559acd55fecfe38a55ca0ed0bf68 0 0 0 0 0 0
train_jpeg/0d3965f7f328a308990e9a37eeee08fd 0 0 0 0 0 1
train_jpeg/a72b8929f7addab87c9d2583e66191f0 0 0 0 0 0 1
train_jpeg/660ccc5fa073c0783969979ababd7e5e 0 0 0 0 0 1
train_jpeg/7691599752bbacd065fc71d3b54e67d0 0 0 0 0 0 0
train_jpeg/b5351b37d8d3944228ff46e9cc7139a4 0 0 0 0 0 1
train_jpeg/70eb6d92bf0c7e35e0d55e17d00629fa 0 0 0 1 0 0
train_jpeg/1e94c85856e4bf6d065a2e94ab90694c 0 0 0 0 0 1
train_jpeg/18a5e70aaab459fdce1141088eb23f16 0 0 0 0 0 1
train_jpeg/afde6a807c7baaf25e823bd9865f4891 0 0 0 0 0 1
train_jpeg/0304212405f7474d54f89d76f3d8912b 0 0 0 0 0 1
train_jpeg/21e14e9b837be036c1ca616888d50a03 0 0 0 0 0 1
train_jpeg/d121ea9e5076e6c20fb871acf29b95e3 0 0 0 0 0 1
train_jpeg/affe687cbf4626d83fc1326e1eeb6a81 0 0 0 0 0 1
train_jpeg/d47efdd2527ed1646f31bec6dcbbcdc1 1 0 1 0 0 0
train_jpeg/5c0a5cbbca5b824d424c61049638df56 0 0 0 0 0 1
train_jpeg/4ce311cd58824cdd3b6ca3e0878bb9c1 0 0 0 0 0 0
train_jpeg/a7e7dbcc763a3e07babd629dfd16c5e4 0 0 0 0 0 1
train_jpeg/7d0090c158c1835dce5e0adc9819847b 0 0 0 0 0 1
train_jpeg/62af91be77e451f474fd867b3e6bbae3 0 0 0 0 0 1
train_jpeg/8766c893e8db0ac33f5a57ae6f270bfb 0 0 0 0 0 1
train_jpeg/16c79941fd188812a67288df121c8265 0 0 0 0 0 1
train_jpeg/d7b5ffb03cf95f5d36a5e2ac067169b1 0 0 0 0 0 1
train_jpeg/796b5b8d7662551bc39713015b921deb 0 0 0 0 0 1
train_jpeg/23976276263082c45eec8db02176a30b 0 0 0 0 0 0
train_jpeg/576bf32b4e63adbbc622b07ea09a0394 0 0 0 0 0 1
train_jpeg/1f95f1c9c22a27fc9ca7ec2e6ad4abea 0 0 0 0 0 1
train_jpeg/ee6e68b847441b6812ee9681477e3f5f 0 0 0 0 0 1
train_jpeg/a15b588165f0c676cbf491018a1c86ee 0 0 0 0 0 1
train_jpeg/693e7e9777d7f16f4862ba62dcea1cfc 0 0 0 0 0 1
train_jpeg/9c83d9f88170cd38f7bca54fe27dc48a 1 0 0 0 0 0
train_jpeg/7021edd61c6640c497c774e6ef61e491 0 0 0 0 0 0
train_jpeg/107161d70e8adfb758fe9afcd854b387 0 0 0 0 0 1
train_jpeg/7d81097abb361c654af1dae050f0db10 0 0 0 0 0 1
train_jpeg/e74b1c3bddcee3e007b6851bd8ff8174 0 0 0 0 0 0
train_jpeg/e24bb429606e5f412625957e627a6fa3 0 0 0 0 0 1
train_jpeg/5936f6e1e88d80cfc8b42dd82996b7e7 0 0 0 0 0 0
train_jpeg/8ebf23deb8ee4d7bba82aa38d3420fee 0 0 0 0 0 0
train_jpeg/323029b8a64431ac83ea6c71804f42c9 0 0 0 0 0 0
train_jpeg/4ab38854ac379d52db168d091b3734ad 0 0 0 0 0 1
train_jpeg/cdee8199f2b74923889994f67789dae8 0 0 0 0 0 0
train_jpeg/2e84160b6410f2abd0fc7a440bff03ca 0 0 0 0 0 1
train_jpeg/aa4967723d612b7a472de37b43695b8d 0 0 0 0 0 1
train_jpeg/40e4e25dffe7079e7523117ca5579aa4 0 0 0 0 0 0
train_jpeg/675ffaef18559ad337d8abb65ee44624 0 0 0 0 0 0
train_jpeg/14f7c3b33b29f53bcd6103f50ed76353 0 0 0 0 0 1
train_jpeg/7c9d52b0b094b37a3e6e520d3882f341 0 0 0 0 0 1
train_jpeg/05f4911da872a51502a16e8807ee673f 0 0 0 0 0 0
train_jpeg/b1d77ef5e81e364764c2f97a3a317be6 0 0 0 0 0 1
train_jpeg/8329338249c56ea5a210dc50b6804f19 0 0 0 0 0 1
train_jpeg/a7f9c65263578dbf6a92a2157b8627c9 0 0 0 0 0 1
train_jpeg/d719f48511a1a8e275e7262f5a1cc05c 0 0 0 0 0 1
train_jpeg/ca557813cff814a0acb4013a597d0964 0 0 0 0 0 1
train_jpeg/4d76b4f48e8408ae0a1f32d287a0b9b8 0 0 0 0 0 1
train_jpeg/e06191cd733ebbe6529918d65952891d 0 0 0 0 0 1
train_jpeg/6cd2d2c37901cc617058f49fe7131372 0 0 0 0 0 1
train_jpeg/b6dcd74c8db6fe054b326c8194f337a6 0 0 0 0 0 1
train_jpeg/c635005790363141811f11a332852df0 0 0 0 0 0 1
train_jpeg/6890c2ea0354b1cf96f2ad3c5cbe0d46 0 0 0 0 0 1
train_jpeg/56923ac65e4a3bf6e8ec0af530c4a205 0 0 1 1 0 0
train_jpeg/2786254704ba55232153e060132ed100 0 0 0 0 0 1
train_jpeg/54f9194379210945be0ed72fac357456 0 0 0 0 0 0
train_jpeg/5076848df8fa698b517a34f6a8246d43 0 0 0 0 0 0
train_jpeg/ba46dcb445340df33566b52d7192ab6e 0 0 0 1 0 0
train_jpeg/4e0a6b7c284703ea4ab306f3a5a8ad84 0 0 0 0 0 1
train_jpeg/b2d057ff2d8cde63dee83fb760f4e8d9 0 0 0 0 0 1
train_jpeg/1254518b2893f58324e93f375cffbd6c 0 0 0 0 0 0
train_jpeg/7e229372fd61c3970127a8219599bec3 0 0 0 0 0 1
train_jpeg/bb38ee94260a3ce9b599037f579c6533 0 0 0 0 0 1
train_jpeg/1381bbcf017f7fb86ed1f45ae52e2a1f 0 0 0 0 0 1
train_jpeg/7924fd832cdee99d93031d908aee05f7 0 0 0 0 0 0
train_jpeg/f5479abf714c907a22abe972dcbd2ce5 0 0 0 0 0 1
train_jpeg/b0a52e18d443efb28d082f0ae8e7b893 1 0 1 0 0 0
train_jpeg/711f2dc8c252adfdfc30cd080c23699b 0 0 0 0 0 1
train_jpeg/cea1568b0614b071775567674391519d 0 0 0 0 0 0
train_jpeg/5198fc942534fe6e2c60119e3a22dd8a 0 0 0 0 0 1
train_jpeg/15c3fc505c414c69ba757cb3be3ed213 0 0 0 0 0 0
train_jpeg/b412dfe3a17da1fe404b67ec756b8a67 0 0 0 1 0 0
train_jpeg/f922af148dc5c9f586a9a316aa76fda5 0 0 0 0 0 1
train_jpeg/502b3ce8601815f50ccdba923d84efdd 0 0 0 0 0 1
train_jpeg/b1615f167b9d06c47358128916361fc0 0 0 0 0 0 0
train_jpeg/1809586171b812f61efdb34ec7078a3b 0 0 0 0 0 1
train_jpeg/1e78773b772343629858fee07ab051ec 0 0 0 0 0 0
train_jpeg/42c3cc1c2a551d087efe66fdca7df144 0 0 0 0 0 1
train_jpeg/d1dfd6ac02ac34ebaf9788ec9b2de1f3 0 0 0 0 0 0
train_jpeg/c2209aca8dc71cfeba0ac0f9ad5f0f45 0 0 0 0 0 1
train_jpeg/263a81f7641e3e94d9c9fce271e2af6a 0 0 0 0 0 1
train_jpeg/231eceaec9e603e7cdb2021bd2ccbe02 0 0 0 1 0 0
train_jpeg/c43e5cf3cc8497dd25fa7bcdf88b3e73 0 0 0 0 0 1
train_jpeg/dd5c05f84b37ef30f2376d5f3bdb4801 0 0 0 0 0 1
train_jpeg/a7b45302018421978a752e4d09f3b73d 0 0 0 0 0 1
train_jpeg/ee0d65c2402ce79f2d7a66502b3ca321 0 0 0 0 0 1
train_jpeg/91a12fbbe1ad5eb62cdf97edeb122280 1 0 0 0 1 0
train_jpeg/db169d0be36123bd55b866d6aa73983b 0 0 0 0 1 0
train_jpeg/7d0090c158c1835dce5e0adc9819847b 0 0 0 0 0 1
train_jpeg/d65dc1ea247c2f0244fbb720b7c9f515 0 0 0 0 0 1
train_jpeg/be160ce4c74a01abb3536d3b0b803e11 0 0 0 0 0 1
train_jpeg/e5d08b7bdc2922b20a5bfa6ee36edf5c 0 0 0 0 0 1
train_jpeg/23b5a0775b57978b873274fd8e155ffb 0 0 0 0 0 1
train_jpeg/aebe06d9e107c4bc08bf3054347f8e7b 0 0 0 0 0 1
train_jpeg/6237379fbb3f08a3c76dd95c1dfb45bb 0 0 0 0 0 1
train_jpeg/ec78eb5c21f737384ad71b03812698b4 0 0 0 0 0 1
train_jpeg/d94778b88ace353f7732acb973e42594 0 0 0 0 0 1
train_jpeg/48a92383d627a10126b46b6bfae2bdb5 0 0 0 0 0 0
train_jpeg/624784fc066458cc552d474c020de291 0 0 0 0 0 1
train_jpeg/76f366130d836a1ae9d12749d0150eb1 1 0 0 0 0 0
train_jpeg/88faadc8af18f6929020897608c2ebed 0 0 0 0 0 1
train_jpeg/fa2835a32eb5b05ddce866a6d85274df 0 0 0 0 0 1
train_jpeg/ab2fa61dbfb45bfa62491cd3240a37eb 0 0 0 0 0 0
train_jpeg/2f1fe9e5505c9e66d781ffc8b9a666da 0 0 0 0 0 1
train_jpeg/b07c18c9b41f336024fb41617da7901e 0 0 0 0 0 1
train_jpeg/a8c660e329167de455edee73f47606d1 0 0 0 0 0 1
train_jpeg/7c3c22997136f9d1c5ddebd0e4e67797 0 0 0 0 0 1
train_jpeg/96bd06e0d91d69607522a2f8cab22550 0 0 0 0 0 1
train_jpeg/59a581f307a1831fc953338edde1de60 0 0 0 0 0 1
train_jpeg/e0cc5e52a9e5fe9493c13f3451a5b7e0 0 0 0 0 0 1
train_jpeg/f23997e9de9e4cb2b3df4b28da34c87f 0 0 0 0 0 1
train_jpeg/02fb30c1dd4e6ba448c8bbe4685b77ae 0 0 0 0 0 1
train_jpeg/19a8657db54ba2c4b22dc25bb33cc113 0 0 0 0 0 1
train_jpeg/aabbf5ce0173007aaba2e6df836b10ea 1 0 0 0 0 0
train_jpeg/74020b6dc972ca270c3ab6887efff81f 0 0 0 0 0 1
train_jpeg/3d699e6ab5caa15d3ad7b6cdeee5f85b 0 0 0 0 0 1
train_jpeg/009d837e29ba400e03856cf8d6a5b545 0 0 0 0 0 0
train_jpeg/d9d9583735812d1a033a3b99b7bc7269 0 0 0 0 0 1
train_jpeg/2c0111c3ab3bc747cf60b4af7c9d38cf 0 0 0 0 0 1
train_jpeg/d5203efda6708309bae1c60534f16192 0 0 1 0 0 0
train_jpeg/a507060152318fbedefec4a5d8071556 0 0 0 0 0 1
train_jpeg/059412ad34b2c48179f178e3138b5022 0 0 0 0 0 0
train_jpeg/0853ab3a3dbadae1e6f28b933ddff809 0 0 1 0 0 0
train_jpeg/9f29889356a03cac6cdb9601b37b3918 0 0 0 0 0 0
train_jpeg/6bb7769006f10cb8681b95246a90902c 0 0 0 0 0 0
train_jpeg/a24f5be09edc59b298909b7353ee90af 0 0 0 0 0 1
train_jpeg/c1253501ece20b237303679fb3b4310a 0 0 0 0 0 1
train_jpeg/952b065c0aac9ab20a9bcc051987a00f 1 0 0 0 1 0
train_jpeg/70485d0ffe6e2b1d90b6127c5c023f18 0 0 0 0 0 0
train_jpeg/e88010a078a87a4c1cc42cf761e2c72a 0 0 0 0 0 0
train_jpeg/44609154a1fda697600085c2a611725a 0 0 0 0 0 1
train_jpeg/3115c1b6368f91b45f691edbd63f1a78 1 0 0 0 0 0
train_jpeg/817156a6b23080b1a200ec0b0a2f36c2 0 0 0 0 0 1
train_jpeg/1ac4c387094f40ffe656dba6cda068ff 0 0 0 0 0 1
train_jpeg/1afec08ab61e966e8481c56d2a1c522e 0 0 0 0 0 1
train_jpeg/b6ec5b8679737f741fb225e79a849ac9 0 0 0 1 0 0
train_jpeg/c4f7b110380be6bee542f5c26c78f36d 0 0 0 0 1 0
train_jpeg/0ea4221d568ab487af7c433a3df6307e 0 0 0 0 0 0
train_jpeg/4cd6ce29c3b6bab1f3f23509644cd626 0 0 0 0 0 1
train_jpeg/8f752093ee546364e7a3f570c7e2041d 0 0 0 0 0 1
train_jpeg/fd992e43827acccf60702fe006c48399 0 0 0 0 0 1
train_jpeg/cce1682c4fbfc0f04fb84136651a3813 0 0 0 0 0 0
train_jpeg/4cbf38a5b1aeed126903357f867c2fc0 0 0 0 0 0 1
train_jpeg/75c70312985c506280ee77675cc07a1e 0 0 0 0 0 1
train_jpeg/c184ac40eb6c1713f28f34582f768c5d 1 0 1 1 0 0
train_jpeg/451dc73713a903ea09bb57cd6ba5639a 0 0 0 0 0 1
train_jpeg/9a2c954f3fa466172e9e03a4014800f4 0 0 0 0 0 1
train_jpeg/e7c6462d4f809c337e984a242b0f28c1 0 0 0 0 0 1
train_jpeg/9351770c409c11a8fae35119d1650f85 0 0 0 0 0 1
train_jpeg/d4e8665286a7fd59bcd408868c247a5d 0 0 0 0 0 0
train_jpeg/e307273033fdd5b7e870836a890d1b56 0 0 0 0 0 0
train_jpeg/efc99e6559135ef9ba8a9beccfdfa9d5 0 0 0 0 0 1
train_jpeg/08e3d3783927a15d35137c756c1a7e0b 0 0 0 0 1 0
train_jpeg/ba039c491afed09da2133bd93292f5e8 0 0 0 0 0 1
train_jpeg/5bfbd3dac06468e3753c57d7812795e4 0 0 0 0 0 1
train_jpeg/d56f1405100c1247609f9b805fcd801e 0 0 0 0 0 1
train_jpeg/ca13b9ec000feeadce49117fd75a6287 0 0 0 0 0 1
train_jpeg/2a3308874776a5824f84b6ec3fee10b1 0 0 0 0 0 0
train_jpeg/868cb7333f19934d42a4a34e537fe7f5 0 0 0 0 0 1
train_jpeg/b684ded42589f435f9016fd82e8a08c7 0 0 0 0 0 1
train_jpeg/351f59c812003f1e9933326ebe4b7c8d 0 0 0 0 0 1
train_jpeg/d7c8b14cc4c55e569c6bb92637b27595 1 0 0 0 0 0
train_jpeg/7d0fa5708b67c2bbb2509a468df9b73b 0 0 0 0 0 0
train_jpeg/22c9c7ace328496817b0791450e3a221 0 0 0 0 0 1
train_jpeg/10e7dac260f11046164aa94f2d8add9f 0 0 0 0 1 0
train_jpeg/984eb08cf4ca58a11f5697abca38a1d0 0 0 0 0 0 1
train_jpeg/1c2c36b8d7a3f5940d8927f8c016cc12 0 0 0 0 0 1
train_jpeg/88fbcd393052bc2479237d62244d16e2 0 0 0 0 0 0
train_jpeg/bfa07e5945c98102fee78de75399a7c6 0 0 0 0 0 1
train_jpeg/020717d6ab0b440b37978d9bace9f9b2 0 0 0 0 0 0
train_jpeg/549f149c33ca641daf77496f36eb8783 0 0 0 0 0 1
train_jpeg/af9e637ceefdd477dd305fe750ff75b5 0 0 0 0 0 0
train_jpeg/b4872c4ae2b5733b5d0c025949d077da 0 0 0 0 0 0
train_jpeg/25f0621dae8874aac9985c4034a565ea 0 0 0 0 0 0
train_jpeg/9ac29df6a5cc619b147221fb53181d5f 0 0 0 0 0 1
train_jpeg/ab207165c0a15aafac2709fc9ea20599 0 0 0 0 0 1
train_jpeg/d81f22275882ba993b3b681a0c99c610 0 0 0 0 0 1
train_jpeg/5ee7d7e6df4cda91b44134754044751c 0 0 0 1 0 0
train_jpeg/a47218bf96bb2da61f84b9f6ed0cc785 0 0 0 0 0 1
train_jpeg/2d5a265f1966eff23829b4b630d8dc2f 0 0 0 0 0 1
train_jpeg/c9380a132776f6d999ed5a72a1212bcf 1 1 0 0 0 0
train_jpeg/dd4eec38bfa30a28c3c3b2dc94a2663b 0 0 0 0 0 1
train_jpeg/f10143e3eb341eac01909c339a5cf01f 0 0 0 0 0 0
train_jpeg/105a734d1de02e6681c11743d5da094f 0 0 0 0 0 1
train_jpeg/d9915cf91649c057fe8526d6df81232f 0 0 0 0 0 1
train_jpeg/9f6515eac1d5043d511068bd757a17e1 0 0 0 0 0 1
train_jpeg/f8e4d37e293ab0b5122e50c291ae10ee 0 0 0 0 0 1
train_jpeg/6bd52343cfed0e05957523773708492b 0 0 0 0 0 1
train_jpeg/19a9ad6a6e1309893b094c2e405df5b3 0 0 0 0 0 1
train_jpeg/678219cc34c08e4b184dbe73ef52a680 1 0 1 0 0 0
train_jpeg/11acc69b72d448e98a3c2a7d9e57618d 0 0 0 0 0 1
train_jpeg/372dfcb677a2d0799d2f6e14d2177f1a 0 0 0 0 0 1
train_jpeg/6a31bb9432012fe6afec634c68b623ab 0 0 0 0 0 1
train_jpeg/d922f26c687373f71735de49dda7c9a5 0 0 0 0 0 1
train_jpeg/07e5378ad3928091c08dded1f6b5353d 0 0 0 0 0 1
train_jpeg/a29792eee5ee65480c4537ce1fcfee24 0 0 0 0 0 1
train_jpeg/889129958ca07c898313de01d8980e09 0 0 0 0 0 1
train_jpeg/c75d652b2cd934bb797a9a02c6aec8ee 0 0 1 0 0 0
train_jpeg/c5ae256b23f9336ac61c393b3d1607b3 0 0 0 0 0 0
train_jpeg/d7797e28353476617bb31e4dc7383eea 0 0 0 0 0 1
train_jpeg/c71ce6345cf70b23ab481a2d66e9c288 0 0 0 0 0 0
train_jpeg/0cda702ebb44530f97508885865046d8 0 0 0 0 0 1
train_jpeg/63d5b6f568f005932b9246bcb40eee68 0 0 0 0 0 1
train_jpeg/78b08d931b23d887b76c295d598e5206 0 0 0 0 0 1
train_jpeg/36e495b7888099453ba79ff57a2c4334 0 0 0 0 0 0
train_jpeg/2486f3a2e72578b378083e38028707e0 0 0 0 0 0 1
train_jpeg/eb9b834aa6ef13e715d55dac9beb0bb7 0 0 0 1 0 0
train_jpeg/0669fb9cad9677ae93402dd6ef07af3d 0 0 0 0 0 1
train_jpeg/23e3c7a5073d74c1d2daed5ad73fb254 0 0 1 0 0 0
train_jpeg/d80e04e5a52a954fcc1004a53f2ef4a5 0 0 0 0 0 0
train_jpeg/0114380e3fbe6089b4c15dc35c4b79e6 0 0 0 0 0 1
train_jpeg/f13e4e049d96ab0cd9216f8e548e5c8a 0 0 0 0 0 1
train_jpeg/617b94f4ddb64d1b30772177c4567f40 0 0 0 0 0 1
train_jpeg/215115970e51098f4e636b47f9dcc0a0 0 0 0 0 0 1
train_jpeg/0902a07255f28d5d15a24214761c743c 0 0 0 0 0 1
train_jpeg/8f0d77c5c2faa59b360bf71cc07f4d4e 0 0 0 0 0 0
train_jpeg/f3f90e541e8f52f5b3533ea44347df22 0 0 0 0 0 1
train_jpeg/d706d70ab25eff428913863e0f780e7c 0 0 0 0 0 1
train_jpeg/f344e6e15a4f63685f522336942dc735 0 0 0 0 0 1
train_jpeg/e6356b32f656516b3655559f16470b19 0 0 0 0 0 1
train_jpeg/66802f84d51c00563fb6786fef3e7b3d 0 0 0 0 0 1
train_jpeg/f6a1486928546755df43c948c1b8a6ac 0 0 0 0 0 1
train_jpeg/3fce94c1b748aab8c5a46595fa0213de 0 0 0 0 0 1
train_jpeg/0cf83a19a8281e4a281dece9854008ac 0 0 0 0 0 0
train_jpeg/e60ce67640c934d4fb3bcac5b334983d 0 0 0 0 1 0
train_jpeg/6bd1373894d31a553dda4cb60a41e1d8 0 0 0 0 0 1
train_jpeg/1dd77edddd2212d41e34dd004d3e26df 0 0 0 0 0 0
train_jpeg/b2c002bcee4f53855b238c491956f953 0 0 0 0 0 1
train_jpeg/bd9a36751bd5e18301fadf3e7bbff29c 0 0 0 0 0 1
train_jpeg/d630459c8036ef43b0fdb55625289101 0 0 0 0 0 1
train_jpeg/e05b55dd675f21cf1835c60193313d6f 0 0 0 0 0 1
train_jpeg/663ad0607f11d47207efad55a52ff010 0 0 0 0 0 1
train_jpeg/9545ea18a65503344be5e3ecf86341f6 0 0 0 0 0 1
train_jpeg/c8c4c3761eec54737d4c65316cc3bdb0 0 0 0 0 0 1
train_jpeg/c37689fe370975c4cc5d45e201ddadf6 0 0 0 0 0 1
train_jpeg/e4d5fc64087ad738f45cbd207f839462 0 0 0 0 0 1
train_jpeg/e5b964d9d3e7f818fbeb5e1b5ef478e5 0 0 0 0 0 1
train_jpeg/997230116fa99fe2335a4524899ea08d 0 0 0 0 0 0
train_jpeg/26f7c0a4c5d0d1bfb26f5774637361bb 0 0 0 0 0 1
train_jpeg/4bbfe3f248e318444c6628c28c2dbfae 0 0 0 0 0 0
train_jpeg/82f9cc0e4e10aab95d3bcf30e881e47b 0 0 0 0 0 1
train_jpeg/de24bc6fe0c81fd24b140b0eddebf31d 0 0 0 0 0 1
train_jpeg/a30e54c94c56cf1448eb8f3921a40e15 0 0 0 0 0 0
train_jpeg/3607a4db624454ddc7be55ab40e00456 0 0 0 0 0 1
train_jpeg/c4a330dbf5845a6f53f102eb3cd771e0 0 0 0 0 0 0
train_jpeg/d4eda0ac6b902588a9f73f176251ada3 0 0 0 0 0 1
train_jpeg/611310e3e1ec37e73e74f1a756b3bb69 1 0 0 0 0 0
train_jpeg/f36cb2ce4ae7b6e960550542a99a9bff 0 0 0 0 0 0
train_jpeg/0be45114544283beb4f6d371f946e889 0 0 0 0 0 0
train_jpeg/bd7a9b6d834cfea362de14239e126dbd 0 0 0 0 0 1
train_jpeg/da648f4e3bf110e8c31b0fd1859c19c2 0 0 0 0 0 0
train_jpeg/07325facc2362d5ecd32c521edf8145b 0 0 0 0 0 1
train_jpeg/b54440259f30d62247aa3b7102e6e04a 0 0 0 0 0 1
train_jpeg/b14ae4deac87240d4a179741a8779a3f 0 0 0 0 0 1
train_jpeg/fe8e85c39d0bee8fa95602285e58ff0c 0 0 0 0 0 1
train_jpeg/62368de0561a865919f192e2d1909a34 0 0 0 0 0 1
train_jpeg/0aa75e34705ae441a95c2869469c0f31 0 0 0 0 0 1
train_jpeg/7af293bb03a398b6c01473dafb739d1e 0 0 0 1 0 0
train_jpeg/9a84e58abf8915c1e3459ae7f2da1e62 0 0 0 0 0 1
train_jpeg/e46da7c27c2e93d1a1d9413e2fee4547 0 0 0 0 0 1
train_jpeg/645f1b91f9866a5b1029ace92faca75b 0 0 0 0 0 1
train_jpeg/104d4e165637f627df4040652d2b40e8 0 0 0 0 0 1
train_jpeg/44999de3c6dd3312011578cdbfc7116e 1 0 0 0 0 0
train_jpeg/285cdfec4d725d327266833adf3ba9d5 0 0 0 0 0 0
train_jpeg/94db14c4d9cc5b73cd4ccc12e94d566a 0 0 0 0 0 1
train_jpeg/7cc7c4ece7e23f3989ceb5ae26ac4e66 0 0 0 0 0 1
train_jpeg/8cb1f68176e3a0a9bbca1c155a24f369 0 0 0 0 0 1
train_jpeg/ba70f090a5f2a84a5b2f67207be2fef2 0 0 0 0 0 1
train_jpeg/d142a0fed8a258c8093a0e0e9c4e48ce 0 0 0 0 0 0
train_jpeg/8339682fa8a467c49ed7dc1fbaaee361 0 0 1 0 0 0
train_jpeg/91001d4c9d10b36d04f1a7d80b100a7d 0 0 0 0 0 0
train_jpeg/e2b6dcfadc876caf1673923ee3cedf7d 0 0 0 0 0 0
train_jpeg/039d7ffa518b105dabbeca84d7b7753c 0 0 0 0 0 1
train_jpeg/07bedc010fd13a8e5903473ebcf39cd1 0 0 0 0 0 0
train_jpeg/06c69cf01de70640c23fddb47572b8dd 0 0 0 0 0 1
train_jpeg/b06508a46843af6469b1d15e2dd345f6 0 0 0 0 0 1
train_jpeg/e282be557a81566f8ccc78271c7f2ff2 0 0 0 0 0 0
train_jpeg/b72be501cb92ff93316deaa0acdc596d 0 0 0 0 0 1
train_jpeg/11cfa1a5b04bd1eaa319d08cdb308bb9 0 0 0 0 0 1
train_jpeg/20bad63c072d182a5fc00d596ca810df 0 0 0 0 0 1
train_jpeg/2f111f79e145a2062200644c1e77dbd4 0 0 1 0 0 0
train_jpeg/f9b6143fdadf3e46bc016548719a4371 0 0 0 0 1 0
train_jpeg/64c4cafb533cc198f91e6ddbddee9a0e 0 0 0 0 0 0
train_jpeg/256506ed7f2d47b1fca0d52a863e7b2b 0 0 0 0 0 1
train_jpeg/b293d02e9eb0ddf6f13ae424f3aec2b1 0 0 0 0 0 0
train_jpeg/986a142a1300b3401bdeda43822ceba6 0 0 0 0 0 0
train_jpeg/3f2673ee39dc21448dcf80ed2a6f128f 1 0 0 0 0 0
train_jpeg/7994d8aef5000048770eabacdcbcea10 0 0 0 0 0 1
train_jpeg/ba301b6e6ace2f31edf20efdd78cd286 0 0 0 0 0 0
train_jpeg/73ea8e9d0fd9a1a62697176492eebc44 0 0 0 0 0 1
train_jpeg/29491e5d92ee6968b5dc51fdab1f95ed 0 0 0 0 0 1
train_jpeg/bba92b2cca428f2c5797f28e7912c8f8 0 0 0 0 0 1
train_jpeg/b40a6f0ea09c4d305ef296e0d8b73cde 0 0 0 0 0 0
train_jpeg/1d98f9456ea2df83529788ca6684bbc6 0 0 0 0 0 1
train_jpeg/4899401111bd09c261554c3b55009e08 0 0 1 0 0 0
train_jpeg/5751304292428d7bfa96b17a5b9d22b9 0 0 0 0 0 1
train_jpeg/3dfbe57b2f78fdc715e81b12630f45ec 0 0 0 0 0 1
train_jpeg/d2dfdd37d222a2a258182bf0a32d44b2 0 0 0 0 0 1
train_jpeg/477d4f6f3dd7d7963718978b471aca4f 0 0 0 0 0 1
train_jpeg/333e2b073ea86a0bd0273a7a60ac0dbe 0 0 0 0 0 0
train_jpeg/6477e048ea0bdb984f8339a0b61ad933 0 0 0 0 0 1
train_jpeg/8668dfb3c405922dd87bafcb67faf989 0 0 0 0 0 1
train_jpeg/110cd42557499b2bcfe84732b281172c 0 0 0 0 0 0
train_jpeg/c922a445f08f22058a4a979c5de23586 0 0 0 0 0 1
train_jpeg/23f29659e174d2c4651857bf304a5d75 0 0 0 0 0 0
train_jpeg/a01c58a18c2382adada9aea189097614 0 0 0 0 0 0
train_jpeg/a41a7b67cb8b8be58c3debae5c40c676 0 0 0 0 0 1
train_jpeg/1f15edb18cab49f1996f395c217e5d14 0 0 0 0 0 1
train_jpeg/cf95785b8e8bf924e9cf0b51faef41aa 0 0 0 1 0 0
train_jpeg/7f10b1a852f4d149665359a3eba23642 0 0 0 0 0 1
train_jpeg/d956dc82a16a8b50ea9305d881304abc 0 0 0 0 0 1
train_jpeg/399a2c70a65ba57c5f095c0eed1814a5 0 0 0 0 0 1
train_jpeg/9c6749b3ef7e2726c71c7ba5035b3c07 0 0 0 0 0 1
train_jpeg/1f0df0b923228e9219ae3bf0d7f5e17a 0 0 0 0 0 1
train_jpeg/2c75e34858cd445d82f346032d504120 0 0 0 0 0 1
train_jpeg/d84454d6b6109ee5d68a81e49a45cb4f 0 0 0 0 0 0
train_jpeg/75995c86e52687dba5e5335896cec6b1 0 0 0 0 0 1
train_jpeg/bb8187ca6bfc5609cfdd4a0ac861e4c4 0 0 0 0 0 1
train_jpeg/88a0b5919b1cdeb9eaf6ba2bb6995430 0 0 0 0 0 1
train_jpeg/128c74577cb8aa5fb9efe7cb4c520322 0 0 0 0 0 1
train_jpeg/6a53a62b736fb59c4e2c35f99778656f 0 0 0 0 0 0
train_jpeg/84823b0b03c61f4a8d1f6cc074dfea3c 0 0 0 0 0 1
train_jpeg/942d83991819c4e1c9f10261e7e740cf 0 0 0 0 0 0
train_jpeg/747eec98df4c54df053df178cc8c2395 0 0 0 0 0 0
train_jpeg/59e1f024cb9e119964b57d942fd72e36 0 0 0 0 0 0
train_jpeg/587aeb5d042ed67233d6422640ae618c 0 0 0 0 0 1
train_jpeg/36602a28d0aaf0a0fb4fab57b07d818f 0 0 0 0 0 1
train_jpeg/b950af50962b6b8fafa4ef89fd81550b 0 0 0 0 0 1
train_jpeg/f560e4bfa286a551157f719f5386f6da 0 0 0 0 0 1
train_jpeg/5e93222175e26776307933a06ea34091 0 0 0 0 0 1
train_jpeg/10898f48f4d75139b29732592f307e88 0 0 0 0 0 1
train_jpeg/cebe8f410d6d5bffb158789e7482e14a 0 0 0 0 0 1
train_jpeg/0cd291c189895fbdcc14f4d36e1abc81 0 0 0 0 0 1
train_jpeg/89297f7803c6d2d9620f3dfe14a2a358 0 0 0 0 0 1
train_jpeg/ddf85fd2c17b59964206fd00d8a71917 0 0 0 0 0 0
train_jpeg/307e70b7731863533062ee155b6d28af 0 0 0 0 0 1
train_jpeg/5bbee8da980e978d65bfa78521a940a6 0 0 0 0 0 1
train_jpeg/73a4f97a96a3eaa2e14f93f1fc693110 0 0 0 0 0 1
train_jpeg/e00f5ae6a44a3cb881882f8c1f19cf01 0 0 0 0 0 1
train_jpeg/cc625b64cd45864eb85bdf4446e813a4 0 0 0 0 0 0
train_jpeg/edcd888b39a328f3beaa2b6ffbc4aecd 0 0 0 0 0 1
train_jpeg/c3df56d50742266753eeb553c55b0b3c 0 0 0 0 0 1
train_jpeg/189c815777fa485aae9d996e4a567650 0 0 0 0 0 1
train_jpeg/5b1dc838b4aa03455d6895553ea3834b 0 0 0 0 0 1
train_jpeg/916ed1b23f8b76683d6634dcdaa6f36e 0 0 0 0 0 1
train_jpeg/01bae93cacf4bd0206de3ac69ce2bfbb 0 0 0 0 0 1
train_jpeg/e6df9b3fba3fb8745fe06fe9fb84ecfe 0 0 0 1 0 0
train_jpeg/36fe511e6a4678c3cc0eb13575973bb5 0 0 0 0 0 1
train_jpeg/b60731b828bf1ab1c164bfc366c7aee4 0 0 0 0 0 1
train_jpeg/58c7372d63bc8cd3b814c6f48f9d069f 0 0 0 0 0 1
train_jpeg/d3dfd38de2eecc6492fa8101d8245b76 0 0 0 1 0 0
train_jpeg/a458bca92aaba1cea1793c8e1cfde5f3 1 0 0 0 1 0
train_jpeg/7b6f5c06586ee0f71a4b0b815062a5a5 0 0 0 0 0 0
train_jpeg/d50ad78402bf162e2cbedd9553ae6d8f 0 0 0 0 0 1
train_jpeg/a32b7dda1d8213b13a45d891997cfd9d 0 0 0 0 0 1
train_jpeg/07ac9545dcc585901865f7f958a7857d 0 0 0 0 0 0
train_jpeg/f244d8f6b541d370470f56b8f6ebcb3b 0 0 0 0 1 0
train_jpeg/a604284321e34a6c3a30506f732c00e9 0 0 0 0 0 1
train_jpeg/f7f2a896c9e1c4537c4818e87b0394ef 0 0 0 0 0 1
train_jpeg/aadca4c2d680af0c23325b0f16cedb97 0 0 0 0 0 1
train_jpeg/019668dbdc511714d119c10b87dca089 0 0 0 0 0 1
train_jpeg/26c2a51e27272b14e9aa09450e7cd44a 0 0 0 0 0 1
train_jpeg/8b704237f088b80ad737f48ff49d8cd9 0 0 1 1 0 0
train_jpeg/93ac75c8e2822de27f8a82cff5aef14e 0 0 0 0 0 1
train_jpeg/ef28091232bb28f7c1681fe3f5206a52 0 0 0 0 0 1
train_jpeg/6c25c453db4c1cdf8c0a1db6f4e54757 0 0 0 0 0 1
train_jpeg/fd1fedf43a88cb1ac7b40b774eac32ca 0 0 0 0 0 1
train_jpeg/58f0f69ce610c51dbecd42b9e83677c5 0 0 0 0 0 0
train_jpeg/24bf0f138643ee4141ebefba54fb6843 0 0 0 0 0 0
train_jpeg/682651014e9e033303c15905df3769ca 0 0 0 0 0 1
train_jpeg/ea0b45becd29ffa3db89a9f39ccb349c 0 0 0 0 0 1
train_jpeg/2634c93a1a1bbf2a6fc27f77d9faf5a8 0 0 0 0 0 1
train_jpeg/70bb28b860c2c597900d4a0722cf53a7 0 0 0 0 0 1
train_jpeg/8b37c2ebf7f6d5b446110e75a5cf6ad1 0 0 0 0 0 0
train_jpeg/0204800ac6954c809315ea6e1e6948fe 0 0 0 0 0 1
train_jpeg/e8bfc8bf107149271ccf93f1ebe4d758 0 0 0 0 0 1
train_jpeg/0c23a87d02f786638b415021cb5e6278 0 0 0 0 0 1
train_jpeg/55c72813e6377006064deb619bef8cfa 0 0 0 0 0 1
train_jpeg/e580dc1bdc22fca94110f5e65a45eac9 0 0 0 0 0 1
train_jpeg/b276829738d95b883de85328c278f158 0 0 0 0 0 1
train_jpeg/c8f305c30eccf48e12cf024df3d24e26 0 0 0 0 0 0
train_jpeg/7c3c78ed6e4353a39ddc2cbd6230dd54 0 0 0 0 0 0
train_jpeg/4de0046df0947c59999ff9fc24c8f1f8 0 0 0 0 0 0
train_jpeg/65f20aa52e358f08999408baf843c0e1 0 0 0 0 0 1
train_jpeg/931998523559e8e97d548cfff09454a6 0 0 0 0 0 1
train_jpeg/765e35b5a14e3cfbeda2908641004d5a 0 0 0 0 0 1
train_jpeg/5e06a5e29082d7c841672d9d5ee5173d 1 0 0 0 0 0
train_jpeg/3bb624ba4c4ec89722f0cdba44159006 0 0 0 0 0 1
train_jpeg/470968b4f0213650cd259707bd92f8e6 0 0 0 0 0 1
train_jpeg/e3650f98a3df7ac99571bbb34ea1b1a5 0 0 0 0 0 1
train_jpeg/739c6b521d0d2fafa2d6364f0800f772 0 0 0 0 0 1
train_jpeg/1c9fc8983a2663a9feff8139697e3c6e 0 0 0 0 0 1
train_jpeg/2611e5933907733e626c08196d28320e 0 0 0 0 0 1
train_jpeg/938d2fcf6e65f8b9f1489dd8ceab7ca8 0 0 0 0 0 1
train_jpeg/fb4b441d1f1d39a0cf27f41980b178b2 0 0 0 0 0 1
train_jpeg/06b2f3ff0d667703ab66052b1616a302 0 0 0 0 0 1
train_jpeg/8ad18ca40f891a56b44541828ea436ab 0 0 0 0 0 1
train_jpeg/316b07c8233162f6c57b23d94b823ea8 1 0 1 0 0 0
train_jpeg/77c0b7ebeae94c2c4f61fdaa170522b0 0 0 0 0 0 1
train_jpeg/373c57c281c8b4476ee2603757fde26a 0 0 0 0 1 0
train_jpeg/88de72b27bd84ac9efcd9f7c813a7ed4 0 0 0 0 0 1
train_jpeg/72338eba8f25aa318ee8581f4e020329 0 0 0 0 0 1
train_jpeg/9626d5cb5be3a7bdd9abe92d669f51bf 0 0 0 0 0 1
train_jpeg/f8dee4ee7a507e4e1f6a2b951e63f3d0 0 0 0 0 0 0
train_jpeg/c1f027d77a17860dba51492e500bfc0a 0 0 0 0 0 1
train_jpeg/eb72e2bb09327ca57b150dab46677e1f 0 0 1 0 0 0
train_jpeg/276eab8db40adc114124d1383afeba5c 0 0 0 0 0 0
train_jpeg/47ef9b0009481d207e15dc4b31ab9c2f 0 0 0 0 0 1
train_jpeg/541ae3d4d0b3cc6d4bd4d0bbcfe9ab1c 0 0 0 0 0 1
train_jpeg/92113f2b921dcc352679d94851f4051f 0 0 0 0 0 0
train_jpeg/403867d85b6e84c2ffe7ada4ec656b5c 0 0 0 0 0 0
train_jpeg/84ed700e6e888795c5384f9e6550c0b2 0 0 0 0 0 1
train_jpeg/337e06738c3a0a255960a0259ccf3cca 0 0 0 0 0 1
train_jpeg/6974b05fb97620ec153a9eb3200db4eb 0 0 0 0 1 0
train_jpeg/e531672ae6083e717cbe83d7fc71ddda 0 0 0 0 1 0
train_jpeg/e5d2febcf32b0027066fe75e16e65030 0 0 0 0 0 1
train_jpeg/4719de7513996807940aa3b1bbbb9610 0 0 0 0 0 0
train_jpeg/ca7e72954550eeb610fe22bf0244b7fa 0 0 0 0 0 1
train_jpeg/482b87eee32062b04427c763c699ccbf 0 0 0 0 0 1
train_jpeg/6726be2d859943d3ae9483824a3f9067 0 0 0 0 0 1
train_jpeg/81ea940f6219bbc128abe9f642342c6c 0 0 0 0 0 1
train_jpeg/5f080be2c69effc23bae4b5704b3a9e1 0 0 0 0 0 1
train_jpeg/8f0d77c5c2faa59b360bf71cc07f4d4e 0 0 0 0 0 0
train_jpeg/6e85fdd4db708c020784d148659c6367 0 0 0 0 0 1
train_jpeg/52ed2f5f58b7b0547c37a78e735b4e4f 0 0 0 0 0 1
train_jpeg/337e06738c3a0a255960a0259ccf3cca 0 0 0 0 0 1
train_jpeg/560284e43ee691bdc27fa34135d9a743 0 0 0 0 0 0
train_jpeg/2a7a75a118e112a3b655617f77a3009a 0 0 0 0 0 0
train_jpeg/0f1eba57237922d0f9ec0dee62793435 0 0 0 0 0 0
train_jpeg/1e07df3dcdb44391c4ef5f017d9afe1c 0 0 0 0 0 1
train_jpeg/02222df826791117f315ecb2b58c5b69 0 0 0 0 0 0
train_jpeg/a31d81a121b6e100709349ea833e17a0 0 0 0 0 0 1
train_jpeg/614e79f6a2879432b2af4287d954f98f 0 0 0 0 0 1
train_jpeg/3c7f79f9a904282f9dbe9b625216cffc 0 0 0 0 0 0
train_jpeg/a78f1eee245f31219a997e3c1d6b63a0 0 0 0 0 0 1
train_jpeg/cce5b2bc76fedf929d2301f8b0b0a411 0 0 0 0 0 1
train_jpeg/57c7edc9eb729f36ed89fc83a54aa2a0 0 0 0 0 0 1
train_jpeg/db56cd24e6cd26a88c97603afd54cd0d 0 0 0 0 0 1
train_jpeg/427db646765e399ae43ccd98c50effdc 0 0 0 0 0 0
train_jpeg/3079ed4e86d6dc2a4bd18481dd08a570 0 0 0 0 0 1
train_jpeg/324a01a3f610efcbc7d26922e4cedee1 0 0 0 0 0 1
train_jpeg/fec797e0e4b2eff050372800790c01e8 0 0 0 0 0 0
train_jpeg/7ac7db2d39f2342de386188e72cd0a72 0 0 0 0 0 0
train_jpeg/18016e29bda26f938d66d73c887101d7 0 0 0 0 0 1
train_jpeg/b862ee82075cfa3725a1955f54b614a6 0 0 0 0 0 1
train_jpeg/f922ffb5dd692c52065db7efe0240403 0 0 0 0 0 1
train_jpeg/988a477355123d676ed1ac052558fb98 0 0 0 0 0 1
train_jpeg/f0fdfbe1c649b4945039b3d70825eb20 0 0 0 0 0 1
train_jpeg/3a302fbbbf3364aa1a7731b59e6b98ec 1 1 0 0 0 0
train_jpeg/ddc2e81bc04195f7f72109ee5873a2fb 0 0 0 0 0 0
train_jpeg/e9a450040b939b3ea2f464d1e59bbbaf 0 0 0 0 0 1
train_jpeg/db57f6b752f8f5485e04d8fe8877ab90 0 0 0 0 0 0
train_jpeg/ca715527b26e3649d70409cb9e4d01f8 0 0 0 0 0 1
train_jpeg/341f6cb611d9db718a26db9ead813e27 0 0 0 0 0 1
train_jpeg/3b2087f26637d64244ec11da41770aad 0 0 0 0 0 0
train_jpeg/c98d4af5b470036d9313052806986d19 0 0 0 0 0 1
train_jpeg/a6541e2d7a4e09d6c1bdee83632bf781 1 0 0 0 0 0
train_jpeg/efc7bc78ce88e95191fdab525f974c24 0 0 0 0 1 0
train_jpeg/6851fd0ffad416b1a8311f5f66a4f73f 0 0 0 0 0 1
train_jpeg/e462b73879d647c23796785533e25e1f 0 0 0 0 0 1
train_jpeg/f363f5cac9a75f1fbb54196ee313454e 0 0 0 0 0 1
train_jpeg/a89c3ff3f55569369e8b6e8e9bd898f1 0 0 0 0 0 1
train_jpeg/2c0ecdf04ffe35c6031fe2ae2b3a36f4 0 0 0 0 0 1
train_jpeg/db87c0d448f759840500df5bfffd90c2 0 0 0 0 0 1
train_jpeg/2c0ecdf04ffe35c6031fe2ae2b3a36f4 0 0 0 0 0 1
train_jpeg/092573182f723f671a3d4566ab052921 0 0 0 0 0 1
train_jpeg/c621c05921781711ae0bd5c634a7fef3 0 0 0 0 0 1
train_jpeg/1bc174094e607cdc28d45f84440b8578 0 0 0 0 0 1
train_jpeg/f51916f71b80c0c8cbc02fe313c5ac86 0 0 0 0 0 1
train_jpeg/aadca4c2d680af0c23325b0f16cedb97 0 0 0 0 0 1
train_jpeg/47c3488b2b2c3cc1fe426ba89c5ea057 0 0 1 0 0 0
train_jpeg/8073db37a31c49306c6aad99a7b84808 0 0 0 0 0 1
train_jpeg/55e8e3db7309febee415515d06418171 0 0 0 0 0 1
train_jpeg/eecdfedb9dd7ec250776966f36945801 0 0 0 0 0 1
train_jpeg/4ac9c86c8538aadbcd05f36516562692 0 0 0 0 0 0
train_jpeg/1e685beca49d62411bb69bc4ddf7ad11 0 0 0 0 0 0
train_jpeg/84fdc0055fe587d2095ace6ad7ffc837 0 0 0 0 0 0
train_jpeg/1f936ba4031d5d7460e2ce0dcbefd256 0 0 0 0 0 1
train_jpeg/778c387c2cb631286fc9927be6dc0a04 0 0 0 0 0 0
train_jpeg/8c855300b3d2796a86ad35851c1dea5b 0 0 0 0 0 1
train_jpeg/c55486a359cc99e2d1518ceba3020967 0 1 1 1 0 0
train_jpeg/c2c54eed2dd73e20ef0e5af5a4aa1feb 0 0 0 0 0 0
train_jpeg/8fcf3de000a550c032b0e2b84a7660f4 0 0 0 0 0 1
train_jpeg/94e53a9cf836aa1c464c78d903b1b22c 0 0 0 0 0 1
train_jpeg/630bd57c91d01444795cb63e9efe8741 0 0 0 0 0 1
train_jpeg/c6a03f9c292fc0f2fa7da8026457dbd5 0 0 0 0 0 1
train_jpeg/34c80ab45be6a7d01ee5ee230967f3e1 1 0 1 0 1 0
train_jpeg/c09a2d6a72b0f14763619224335d685e 0 0 0 0 1 0
train_jpeg/ff53fc490ff326e8b66df0f1e9839219 0 0 0 0 0 1
train_jpeg/bf445a0ad828172748e5a40a6f0ce497 0 0 0 0 0 1
train_jpeg/286d4f7bc4282b7dd5fae43ee06cfb8d 0 0 0 0 0 0
train_jpeg/67cfebc952a1751733ad336895f0d73c 0 0 0 0 0 0
train_jpeg/87263262e293c23ec2d03b174ef4ff64 0 0 0 0 0 0
train_jpeg/20374abc6a6d82a106212cddd740a99c 0 0 0 0 0 1
train_jpeg/1bf9c2519bf2ef361ebfa3a36d303e3c 0 0 0 0 0 1
train_jpeg/b5d4d4a70e40f8ea5d08d87a48007e2c 0 0 0 0 0 1
train_jpeg/7daa26306372a53cdf38417ecf2710c7 0 0 0 0 0 1
train_jpeg/5b65be064e0cee0795a5c98148360b63 0 0 0 0 0 1
train_jpeg/550d23f39934576f061807a954b7ae93 0 0 0 0 0 1
train_jpeg/b76fefa1730713302b68e1c406d576ba 0 0 0 0 0 1
train_jpeg/481e428544ec493d5608e0aaaf5464a9 0 0 0 0 0 1
train_jpeg/6e8e8f590881c80097aa19e41e17959f 0 0 0 0 0 1
train_jpeg/18324de51e401d9415af46576424d140 0 0 0 0 0 1
train_jpeg/d9cfc85d3bb7c32f82ab2c718f74ea0a 0 0 0 0 0 1
train_jpeg/4d382aae3f8589c113589533ffdb3545 0 0 0 0 0 1
train_jpeg/0344c63913224cf62e3d8bcd5dd93a9b 0 0 0 0 0 1
train_jpeg/fd211d1fca6c804dfa11cfaec55f7479 0 0 0 0 0 1
train_jpeg/5c0cb6ff30faddcdcee5ecc98568544a 0 0 0 0 0 1
train_jpeg/d189ad84aa78fffbb5bea14f1c230e54 1 0 0 1 1 0
train_jpeg/f9f7feefb4bac748ff7ad313e4a78906 0 0 1 0 0 0
train_jpeg/4a678b609d10ce12201876712151e741 0 0 0 0 0 1
train_jpeg/d1f103686422ed11c271f44ad1c22cfc 0 0 0 0 0 1
train_jpeg/ac3e0af6a22d73ed96f05d43037a1e7a 0 0 0 0 0 0
train_jpeg/d31b5cfd25dbcb8bf6f294c3a257cdea 0 0 0 0 0 1
train_jpeg/249e0d3186ba06b5336a4135b5bd101f 0 0 0 0 0 1
train_jpeg/eaab62d65417c4c58c9dcbe563fb8e72 0 0 0 0 0 1
train_jpeg/65c022ec43d252175815d4dbde63a3dd 0 0 0 0 0 1
train_jpeg/b51d25cce226fb14cd5a734bfbec93d4 0 0 0 0 0 1
train_jpeg/b1deab22cfb50881b47c52daa9993ab3 0 0 0 0 0 0
train_jpeg/da9778a74d1eb6016acd497948eae1d1 0 0 0 0 1 0
train_jpeg/f4fcacd5c7e9d885ca45382b35797561 0 0 0 0 0 1
train_jpeg/fbfa7706ae60ef2f3f18211269a8d2ac 0 0 0 1 0 0
train_jpeg/4869a847a5271f2eeffe65ff1db8a9b1 0 0 0 0 0 0
train_jpeg/2c45dbb9ad6121bdbebbcf6ae4e0933a 0 0 0 0 0 1
train_jpeg/e06ccb3933bbb35d6e9eeaa65d715262 0 0 0 0 0 1
train_jpeg/2347dab98cd65e96579a358f804cda96 0 0 0 0 0 1
train_jpeg/02a4774868d677ef8ecff2168c0161c0 1 0 1 0 0 0
train_jpeg/f9dba298e6b5f764019c97a7636f184e 0 0 0 0 0 1
train_jpeg/96c522f25fae304c496697b220be49a6 0 0 0 0 0 0
train_jpeg/a300d060ab377f06305df2a53e3fda67 0 0 0 0 0 1
train_jpeg/273f6286bdf9970d76ded49f57822edd 0 0 0 0 0 1
train_jpeg/92ddcf2c387ec3f50403371ca9997ad0 0 0 0 0 0 0
train_jpeg/b6bd16c9634f27f06e2e4ff7df91d5d2 0 0 0 0 0 1
train_jpeg/09bfc6f65587faf1301682ab372f74a5 0 0 0 0 0 1
train_jpeg/aaf7eca124ab4fd9fc5b7d842a0dfca7 0 0 0 0 0 0
train_jpeg/c154dfadd6193efa9b979f5fcecc24af 0 0 0 0 0 1
train_jpeg/9e952e4a222f3b3e022f0e0815ce9b02 0 0 0 0 0 0
train_jpeg/8c6cbbc156f7eb5d6132c937d089f014 0 0 0 0 0 1
train_jpeg/d7a866b3f77cb22d1c91521c9c2f23a9 0 0 0 0 0 1
train_jpeg/d8b16ea0320a52d536fef0e076eeddd6 0 0 0 0 0 1
train_jpeg/0690821a2e255ce175bfa7f36e308f63 0 0 1 0 0 0
train_jpeg/5156d69e540648eb952371ec5c80bc81 0 0 0 0 0 0
train_jpeg/137c6be08e499d40ddcbf6f8059190fd 0 0 0 0 0 1
train_jpeg/dee1d690aeff154df7ee9cc5017ae8f7 0 0 0 0 0 1
train_jpeg/e6de39c0d54c792c5408544be42be284 0 0 0 0 0 1
train_jpeg/49067626b247a6e8b9bd7e5b1d776c38 0 0 0 0 0 0
train_jpeg/764205f702d380f8a4da5cffa538f48d 0 0 0 0 0 1
train_jpeg/4b070a47be8f61230a040e122b281c66 0 0 0 0 0 1
train_jpeg/06a99b2b11aa921a40c073a64c6ad395 0 0 0 0 0 1
train_jpeg/02de1ec3340e75fd5e7294a84a0342a1 0 0 0 0 0 0
train_jpeg/8a85b4a8aa474ad0d1537b50da88477c 0 0 0 0 0 1
train_jpeg/ac15bceeef1a522585cef021754d3ef0 0 0 0 0 0 1
train_jpeg/61eda4cf19454682248154196d27cf07 0 0 0 0 1 0
train_jpeg/eb3f408d6ce7818e66b775cbed9b53b1 0 0 0 0 0 0
train_jpeg/78dba36bdd34da385efcca7bb9ff5fde 0 1 0 0 1 0
train_jpeg/62727c1647992609be0ff403bc2362ac 0 0 0 0 0 0
train_jpeg/98ffafc82ac9d3aec1d4d3957d0d9322 0 0 0 0 0 0
train_jpeg/525c3c02095b734f5b161154df894b65 0 0 0 0 0 1
train_jpeg/e80664cd00d07c04b6bc23476433cad6 0 0 0 0 0 1
train_jpeg/c32ec722d0608e89e8d6eaeab36191b1 0 0 0 0 1 0
train_jpeg/bb67aca944fb48947c777e0ad22b8ccc 0 0 0 0 0 1
train_jpeg/a4fc9faa46af26c5fc462772d88d0af3 1 1 1 1 1 0
train_jpeg/d7f4d8b0a084acd747beeee304ce40f4 0 0 0 0 0 1
train_jpeg/dafe6d3ffe818409176b801fc4798881 1 0 1 0 0 0
train_jpeg/82624b37dc4d0169f3fe6fd87dcb5208 1 0 1 0 0 0
train_jpeg/ad8d224b07d9441d2c97cc330086c2e0 0 0 0 0 0 1
train_jpeg/d2a91257c0e7c22041b4b80643df0079 0 0 0 0 0 1
train_jpeg/cb330e3f4ef07ee338e903171fe22bad 0 0 0 0 0 1
train_jpeg/f7690c5d690590871038199e06a8a345 0 0 0 0 0 1
train_jpeg/1765dd3c7665adff2150cde60917c771 0 0 0 0 0 1
train_jpeg/ad47b5fc69425a039a8d98cb9798d34a 0 0 0 0 0 1
train_jpeg/7021edd61c6640c497c774e6ef61e491 0 0 0 0 0 0
train_jpeg/7e2568db8a7ae1bbac388235494a9588 0 0 0 0 0 1
train_jpeg/93412e625969f373cc62e6fd703d49db 0 0 0 0 0 1
train_jpeg/6d22a8f9bcd1d5a2805ca474415e8403 0 0 0 0 0 1
train_jpeg/6253c422540c84bc747b4426ed507452 0 0 0 0 0 0
train_jpeg/79af351d135ae05867a85d509082f530 0 0 0 0 0 0
train_jpeg/41dd3bf4ccbc95c4c4b52e2dace02764 0 0 0 0 0 1
train_jpeg/2201904fdc9c81df726cb626bf58edeb 0 0 1 0 0 0
train_jpeg/b7a22567a2065839a7439702beb93e3f 0 0 0 0 0 1
train_jpeg/2a3308874776a5824f84b6ec3fee10b1 0 0 0 0 1 0
train_jpeg/8072c8f70ffb83e6a82b01aafb25263d 0 0 0 1 0 0
train_jpeg/e553a378133c655abbda6a0b64b3077e 0 0 1 0 0 0
train_jpeg/65671e4314d9334f8b065a7df0bbe8c0 0 0 0 0 0 1
train_jpeg/adbdf73b309ebdd0b0adcbcfed6c88f7 0 0 0 0 0 0
train_jpeg/ecb9c0dda8a3ec89624e780ac054d2e0 0 0 0 0 0 0
train_jpeg/679bff232ad7e9f8623bcd61e7812bab 0 0 0 0 0 1
train_jpeg/a229d309316f37b8f51cce191f9d4314 0 0 0 0 0 1
train_jpeg/8aa01c8d1f096797b2b3f70c0e51c972 0 0 0 0 0 0
train_jpeg/f91f424e517f2801d18fdac0c06545fd 0 0 0 0 0 1
train_jpeg/053cf0f0a75926ebd53f0265bad6aee4 1 0 0 1 0 0
train_jpeg/6cd6250e56403799f76678165bcf91d8 0 0 0 0 0 1
train_jpeg/d44deb5774617d3e89893bae3994489f 0 0 0 0 0 0
train_jpeg/7d3b018402be661c433f2438b91e02a5 0 0 0 0 0 1
train_jpeg/0f60923f18f4faefedce426bf207621a 0 0 0 0 0 1
train_jpeg/b3250e3784059a5b2cd42d54b57fa24a 0 0 0 0 0 1
train_jpeg/6eded50356520b1bbbf9a3c40a87ce4a 0 0 0 0 0 1
train_jpeg/5aae68523b59b7569d8e6b8765650c28 0 0 0 0 0 1
train_jpeg/b08d54426c6af35ea469ecb63d047fbc 0 0 0 1 0 0
train_jpeg/2b0d2503cdaa8d34ad9a82cf4fdb546e 0 0 0 0 0 0
train_jpeg/bb6e2a646345c1450ff2bbf9fc44015f 0 0 0 0 0 1
train_jpeg/0e81c45fe6e9da1d0bc282077f879b99 0 0 0 0 0 1
train_jpeg/c643e66eb419e001130ab5b842a3b8de 0 0 0 0 0 1
train_jpeg/f27f71d04d50953cd1412d93f560ddbb 0 0 0 0 0 1
train_jpeg/96e2d91441c19d52ddd29624988935f1 0 0 0 0 0 1
train_jpeg/8c372c0f1adb6fb0b1a8d85ffe94fe3e 0 0 0 0 0 1
train_jpeg/a88c836e0c55edacc49699a8a0964d41 0 0 0 0 0 1
train_jpeg/e6201a156a1b807fcf34425b4af785cd 0 0 0 0 0 1
train_jpeg/0e130f7333967146f0d7bbd94a8ae047 0 0 0 0 0 1
train_jpeg/bed065cabd97df1997e183c2c504c366 0 0 0 0 0 1
train_jpeg/b3d24ebdbf200405192006f10fa5a792 0 0 0 0 0 1
train_jpeg/80615519a6e4a619f88f76994b4a05ad 0 0 1 1 0 0
train_jpeg/54bbf2f7e2e8ac123263b1688f85213c 0 0 0 0 0 1
train_jpeg/88db561b3da6bcaec634d5fc94808d01 0 0 0 0 0 1
train_jpeg/c150eebfff6ac579d1916ccc1621ac19 0 0 0 0 0 1
train_jpeg/b0df2d378c04b59dbd0f7c20352c35e8 1 0 1 0 0 0
train_jpeg/e599f41be58ccfc30931ace6f0623b1b 0 0 0 0 0 1
train_jpeg/9d8e7ffa84979cbbe37207fe6445a903 0 0 0 0 0 1
train_jpeg/d7eafe6a9ffafc052512cac5aa378efb 0 0 1 0 1 0
train_jpeg/6d2ea40c6bdeaf8c3c7be4ae9125834e 0 0 0 0 0 0
train_jpeg/f6bfd8d4909347c1cf1b73f094b3bd35 0 0 0 0 0 1
train_jpeg/ca54618517f7f62c6267db17ee8d3261 0 0 0 0 0 1
train_jpeg/019668dbdc511714d119c10b87dca089 0 0 0 0 0 1
train_jpeg/1f9ef17f74453e53b8db567408e07610 0 0 0 0 0 1
train_jpeg/9c89004f6827ca42cc151098ce8bd986 0 0 0 0 0 0
train_jpeg/e5d63ef8a922c6775c51ce9b511235b9 0 0 0 0 0 0
train_jpeg/7e858184d5dd8f701ea4230f56c5a6b1 0 0 0 0 0 1
train_jpeg/42504e598173dca0b2d5d15a116a6c45 0 0 0 0 0 1
train_jpeg/859ff9f6ec5b2d6adad18f2cae3a8f33 0 0 0 0 0 1
train_jpeg/510de55463812cc7e80f16d523892408 0 0 0 0 0 0
train_jpeg/256529b049a97ea1a2f2d76e32b1ad29 0 0 0 0 0 1
train_jpeg/dd4895fd4a9375acfc43f2f9a51a8d49 0 0 0 0 0 1
train_jpeg/751f85ef7d5ca08b48caac19daebddf7 0 0 0 0 0 1
train_jpeg/ce0a7268695e0f82d7350f8646ea8c86 0 0 0 0 0 0
train_jpeg/3b887c0550e9722c9b86b7c22ad09e11 1 0 1 0 1 0
train_jpeg/09f0b00bd079304f72c079d369925aee 0 0 0 1 0 0
train_jpeg/4ec748a76c5b97c0cea475075d99933e 0 0 0 0 0 1
train_jpeg/f06d2ac151719fe4d2cf5546a9dbb734 1 0 0 0 1 0
train_jpeg/472b196c9371aa9d6e9d23ccf82936c2 0 0 0 0 0 0
train_jpeg/02752dfc682a936280e042e038f8cf79 0 0 0 0 0 1
train_jpeg/58c124b011089a70e144fcb9d8d1c178 0 0 0 0 0 0
train_jpeg/d489ae2f1581a928309d06d59c3ff33e 0 0 0 0 0 1
train_jpeg/502e7c8d02a74d769453b8899e308ed9 0 0 0 0 0 1
train_jpeg/37a83d70c4673ccb7967856530a35d41 0 0 0 0 0 1
train_jpeg/2a9b2e3b5b745912d9c6937d69118dab 0 0 0 0 0 1
train_jpeg/73677ea9100c2fc6b88ba7442c90bcf9 0 0 0 0 0 0
train_jpeg/feb24760f15f661154ccc371571ceb4b 0 0 0 0 0 0
train_jpeg/a4e387b2c288194660b20ca771d16ad6 0 0 0 0 0 0
train_jpeg/26c9b63d214aa135b27718342c805f36 0 0 0 0 0 1
train_jpeg/e74b1c3bddcee3e007b6851bd8ff8174 0 0 0 0 0 0
train_jpeg/1c1ef26e3b3323f74041f6dd2371cd24 0 0 0 0 0 0
train_jpeg/255f4987d211d413e7823dea2ac6642c 0 0 0 0 0 0
train_jpeg/6eccc3e361a9cbaaa9a280f30d38f137 0 0 0 0 0 1
train_jpeg/c35c7fe74cfdaaf88ceabedd87de6143 0 0 0 0 0 1
train_jpeg/3ba4bcd3c12c2ce7dc305417a58e66c5 0 0 0 0 0 1
train_jpeg/a2c8aa4adf9ec69fba7ec2df32075709 0 0 0 0 0 1
train_jpeg/19f915a7d8d00addb6a4846e623b4bfc 0 0 0 0 0 1
train_jpeg/812d2563bd6a37a35577e7098ff0ed9d 0 0 0 0 0 1
train_jpeg/2e8560279f33efcd58a5380ee0667604 0 0 0 0 0 1
train_jpeg/fc8dc4f9fde6654bf7c90cf4a97e953d 0 0 0 0 0 1
train_jpeg/892dc4c931965fd99bafff6f5d6da534 0 0 0 0 0 1
train_jpeg/54b6300453339c50d8c741ea17c64270 0 0 0 0 0 1
train_jpeg/a6b8b063cde6144c02438e3de6d0cdd2 0 0 0 0 0 1
train_jpeg/67d6d106da8aa96f4368d7cc11624f7a 0 0 0 0 0 0
train_jpeg/d70837c881f01f8c51afe9616879de50 0 0 0 0 0 0
train_jpeg/9e95cf1950a107b12c1effd3e70a3d3a 0 0 0 0 0 1
train_jpeg/9e9275fe0c1b710cd55212796bb80e61 0 0 0 0 0 1
train_jpeg/7433f75def4589a4eaaba2cc947af95a 0 0 0 0 0 1
train_jpeg/161125d894b855b4e89cfbce0d496781 0 0 0 0 0 1
train_jpeg/5f969b2d21c7aaaba017153227f99b9b 0 0 0 0 0 1
train_jpeg/3ccbd36a18bc2d0159ef2a0cade1565e 0 0 0 0 0 1
train_jpeg/7370d05489a973cf0e92f2f241d4fec4 0 0 0 0 0 1
train_jpeg/18a5e70aaab459fdce1141088eb23f16 0 0 0 0 0 1
train_jpeg/a10e3695cfacacaea3409c3dbeb82a7f 0 0 0 0 0 1
train_jpeg/3a15dabad355333b43c65c016ae555d7 0 0 0 0 0 1
train_jpeg/b24c3d8375c213fd824efbb30f080e16 0 0 0 0 0 1
train_jpeg/f4dbbcc82af4455c1cd4411d37ef28c6 0 0 0 0 0 1
train_jpeg/a93a2b354e912c534d6677362e45b3b0 0 0 0 0 0 1
train_jpeg/4e07328ba97e9e4f3ed70747e62f9e42 0 0 0 0 0 1
train_jpeg/d1dbcb8288d2235dc2d3354dfd7847a9 0 0 0 0 0 1
train_jpeg/4de285a2425fae1e19bb809500afb721 0 0 0 0 0 0
train_jpeg/5a8231c748478ef6be5055800a2fce17 0 0 0 0 0 0
train_jpeg/76a7fb1f7e23121c1e4fb662872a2374 0 0 0 0 0 1
train_jpeg/f833631d7c0a269fd403b1dc8e7f2fc3 0 0 0 0 0 1
train_jpeg/2ab378a7f2524b5b5a7ea85b86f0b4ee 0 0 0 0 1 0
train_jpeg/967f2ad4d9bd6d377127624161468188 0 1 0 0 0 0
train_jpeg/753cffb90d19bf31ccd4b49388c40ff0 0 0 0 0 0 1
train_jpeg/cf149fa7b338cc8716eb1e197b19390a 0 0 0 0 0 1
train_jpeg/ef50301bda56ee37e33b99fde2be8c7f 1 0 0 0 0 0
train_jpeg/5bac140ce817cf691563067d70952e95 0 0 0 0 0 0
train_jpeg/d414a0d3435dd64628dd3b72e6ecd6be 0 0 0 0 0 1
train_jpeg/d609889a8598d271b2dd179ad4c58cbd 0 0 0 0 0 1
train_jpeg/f4a4135cfc8282ed85c17c27a5b6aa75 0 0 0 0 0 1
train_jpeg/36fe511e6a4678c3cc0eb13575973bb5 0 0 0 0 0 1
train_jpeg/79f44ace1ff31bccc215504c4e9d95de 0 0 0 0 0 1
train_jpeg/a980fb3a4d9461d18f40e2337330948c 0 0 0 0 0 1
train_jpeg/221c92d2718f1f49ee483ab4afbc7238 0 0 0 0 1 0
train_jpeg/083a89dfc9a74a3f809035f886634ee2 0 0 0 0 1 0
train_jpeg/128f71b941bb2354e1536afa37a4fda2 0 0 0 0 0 1
train_jpeg/cca5fa8df1efa35b42580fc781efadb7 0 0 0 0 0 0
train_jpeg/be74d15aa017993953e2ef4e94631ac3 0 0 0 0 0 1
train_jpeg/2a6348378b940e1867efb2fa67ff30c1 0 0 0 0 0 1
train_jpeg/48689c774903b4e601615f4dcf83380e 0 0 0 0 0 1
train_jpeg/3079ed4e86d6dc2a4bd18481dd08a570 0 0 0 0 0 1
train_jpeg/a33ac819aea24b063aab9760eb32a7c3 0 0 0 0 0 1
train_jpeg/f95dd68c2ff46436c6819c3788ac01d3 0 0 0 0 0 0
train_jpeg/5c9c0490f1629ab3659c7785ae22224d 0 0 0 0 0 1
train_jpeg/ee8cd4043ecbe26d0af6bf4bf7b0c227 0 0 0 0 0 1
train_jpeg/ad6e1fe898fb41a7c76718428f7c80a9 0 0 0 0 0 0
train_jpeg/b6dcd74c8db6fe054b326c8194f337a6 0 0 0 0 0 1
train_jpeg/d6a23b22b844af6f330145bce09c23a5 0 0 0 0 0 1
train_jpeg/d878ac7110aee5b23b9951ee99c4fcf4 0 0 0 0 0 1
train_jpeg/8fda45c871b6dd0ba4569d560fd49ea6 0 0 0 0 0 0
train_jpeg/2747ee31240ce17274902aaaf807d8e3 0 0 0 0 0 1
train_jpeg/a1134e92282815efb505a93105083393 1 0 0 0 0 0
train_jpeg/0acfd24d0d78cb27f1a97c5d89e43050 0 0 0 0 0 1
train_jpeg/e1b344e4b499a19b247e6b6213b98f20 0 0 0 0 0 1
train_jpeg/81168d3c9c2d0c5f4c036c12776634d5 0 0 0 0 0 1
train_jpeg/0f1d4b4d710b982a1786054c5357f427 0 0 0 0 0 1
train_jpeg/252208e9202f16824a9c738e564eea5b 0 0 0 0 0 1
train_jpeg/0a7aec5bd4485a6f5b67e53a8636305c 0 0 0 0 0 1
train_jpeg/42504e598173dca0b2d5d15a116a6c45 0 0 0 0 0 1
train_jpeg/7de5a65bcbdbad32dd198a88ea4a25e1 0 0 0 0 0 1
train_jpeg/d4b3527d37d04d52eef04650b7c45c1d 1 0 1 0 0 0
train_jpeg/512a2d752e167ea768cf32a32193f894 0 0 0 0 0 1
train_jpeg/669c11f80ffc953e2d23ec177a352153 0 0 0 0 0 1
train_jpeg/5f671dd1207e96217c572146f08dc3a2 0 0 0 0 0 1
train_jpeg/594c87b7427780ef7bc3e53d45bbda24 0 0 0 0 0 1
train_jpeg/992d78f7d7396581dedf62938ded80aa 0 0 0 0 0 1
train_jpeg/08d0eab34ea5bab14e7e56dabafcdb7f 0 0 0 0 0 1
train_jpeg/b5fa2fc3b3e2a3bbf93884481fb08b74 0 0 0 0 0 0
train_jpeg/7a4bbf44262ba36208dbb20153f4569d 1 0 1 0 0 0
train_jpeg/12b20fddaf2036f581e0ae1b2a45ac68 0 0 0 0 0 1
train_jpeg/5cac2353795d14b7b45dc7f755ab4d79 0 0 0 0 0 0
train_jpeg/9ff1d39a6f4f3abc206c02d564e52dc9 0 0 0 0 0 1
train_jpeg/0ae620944412bde5a4698049c2bbd3af 0 0 0 0 0 1
train_jpeg/2d6d1b01427ec2acbdbc2149559585fa 0 0 0 0 0 1
train_jpeg/776125f3d2c9af97ee3197c93ece70cc 0 0 0 0 0 1
train_jpeg/0304212405f7474d54f89d76f3d8912b 0 0 0 0 0 1
train_jpeg/11d5cd186965cfe8e615157e492e34bb 0 0 0 0 0 0
train_jpeg/081f985086b569c68f9a1fa0278187f4 0 0 0 0 0 1
train_jpeg/640b5d7fd7a2f0d14a2a0aaccfad2b89 0 0 0 0 0 1
train_jpeg/e746ee7a622d991a0c02b55efe234fb9 0 0 0 0 0 1
train_jpeg/44fd18e81fd09c367a5a9651d3e61ee4 0 0 0 0 0 1
train_jpeg/727e210c1d225818441b551d98932892 0 0 0 0 0 1
train_jpeg/502b3ce8601815f50ccdba923d84efdd 0 0 0 0 0 1
train_jpeg/c74cf15c3542d4dfc0dce06102279914 0 0 0 0 0 1
train_jpeg/2f946076d627720a955b0e7af33dac7a 0 0 0 0 0 1
train_jpeg/79de04cf4fa83ad72fdaa6b5a829abdb 0 0 0 0 0 1
train_jpeg/46c76222a5a77d4670f091a7952f2b26 0 0 0 0 0 1
train_jpeg/76361414f9d428ca7556a8be3387f4d3 0 0 0 0 0 1
train_jpeg/f950cc15d42e3f0d10268f87907d70e0 0 0 0 0 0 1
train_jpeg/ce2a7e21cd0a7904fed0d51b29867fb7 0 0 0 0 0 1
train_jpeg/d1dbcb8288d2235dc2d3354dfd7847a9 0 0 0 0 0 1
train_jpeg/7d3f19498c5e7a48a14376c3e170c68b 1 0 1 1 0 0
train_jpeg/d53cb4358bb03d09abfc099826e54eb9 0 0 0 0 0 1
train_jpeg/fcb8064b44fc9ed89e8d275e459708d1 0 0 0 0 0 1
train_jpeg/eb22e4cdc7cabac86556342be8faa2d6 0 0 0 0 0 1
train_jpeg/b1e5c3ac98f570d946fa18e66185dce8 0 0 0 0 0 1
train_jpeg/c354798201d7802b6d4a9cb2854229e3 0 0 0 0 0 1
train_jpeg/7c76f17be369b75874a62917c8daa626 0 0 0 0 0 0
train_jpeg/bbd7b455bf2a125a7c438382cef11161 0 0 0 0 0 1
train_jpeg/a2511b7d5a4657b9b161d7c3e69587ae 0 0 0 0 0 0
train_jpeg/edd5c7d4d08bce0f94b0eb8b76bc450a 0 0 0 0 0 1
train_jpeg/8ceb7a01369d1f273deb2879db8ad1d8 0 0 0 0 0 1
train_jpeg/750dfaff21f3a058d53ef2e06a291b62 0 0 0 0 0 1
train_jpeg/48e59d6f94bf9e8a3acf7fef51ac3d77 0 0 0 0 0 1
train_jpeg/6a21c27cbd42e68576a134fca3c0266e 0 0 0 0 0 0
train_jpeg/0e76073ded0ce6bfc5ecafea10b50d0b 0 0 0 0 0 1
train_jpeg/a0f0fba4ab530612f91852ff0fee4f1a 0 0 0 0 0 0
train_jpeg/a539d2434bb758c913a63b7512962eb8 0 0 0 0 0 1
train_jpeg/9a021ab43ff916f78a9094994b21f3ea 0 0 0 0 0 1
train_jpeg/99bac8deff3eb3beb9479e0c080940f7 0 0 0 0 0 1
train_jpeg/21cf533a9fe77bdbee21babd427a0d1f 1 0 1 0 0 0
train_jpeg/d4b3527d37d04d52eef04650b7c45c1d 1 1 0 0 0 0
train_jpeg/7aeae4110d509875a693b23aa17bd9ac 0 1 0 0 0 0
train_jpeg/34e4159d3c32e17bd1e43c42c8537f2b 0 0 0 0 0 1
train_jpeg/c9a87267973e8a790a9bca4babc131a4 0 0 0 0 0 1
train_jpeg/1e2e7ff1a872f81ade3d67702dd3a95e 0 0 0 0 0 1
train_jpeg/264ec145f2b9b1c4d93562e582de902b 0 0 0 0 0 1
train_jpeg/f0267345c2bb297314f8c9db2b33ffb2 0 0 0 0 0 0
train_jpeg/547023ac98169150d0803f796bba88e0 0 0 0 0 0 1
train_jpeg/93ef5877b678e69cf43fa16bbae50b93 0 0 0 0 0 0
train_jpeg/066ca890a8f0511461d66d421e2ed2b9 0 0 0 0 0 1
train_jpeg/7f35a204a7aaf183097ddf26e4787e71 0 0 0 0 0 1
train_jpeg/3656cb562e5a76cbafe238930f14d75f 0 0 0 0 0 1
train_jpeg/436c7165593cde9087c4b4cce3a9fe0c 0 0 0 0 0 1
train_jpeg/2bfc8083486515f4ea07ed1a9d169b9f 0 0 0 0 0 1
train_jpeg/f4b8c5c84f200ee9e9faba45bb2b0baa 0 0 1 0 0 0
train_jpeg/5a557f51ba011be71c4ba3223515dbef 0 0 0 0 0 1
train_jpeg/06a21aefd2f5e5ece6397e5fc10860b1 0 0 0 0 0 1
train_jpeg/49124d28f1789656d1da791c8f60b17a 1 0 0 0 0 0
train_jpeg/427ad07478cb7710bb265665a9e8e919 0 0 0 0 0 1
train_jpeg/934a11684b566b83f6771a947d6accfe 0 0 0 0 0 1
train_jpeg/4eb6a773c0437191d406e4c7592b298c 0 0 0 0 0 1
train_jpeg/9af4aed4c46bc912ca61a98833359db3 0 0 0 0 0 1
train_jpeg/78f610b3468802ae77c391547293f09e 0 0 0 0 0 1
train_jpeg/da1f25221a05f7b1852b8191f89aca1f 0 0 0 1 0 0
train_jpeg/4b001bab36d94f73c1ead3ab74690dbc 1 0 1 0 0 0
train_jpeg/53b316dff927c4d041ff2f3184bab6cb 0 0 0 0 0 1
train_jpeg/af6b84ed28eca2c84133ab814d98743e 0 0 0 0 0 1
train_jpeg/e246ae74fe022b5b4156d4c34002387d 0 0 0 0 0 1
train_jpeg/a71215df1b1029e81d3f9b856caff97b 0 0 0 0 0 1
train_jpeg/2c6c48665c4d007b795cbcb57da481bd 0 0 0 0 0 1
train_jpeg/51010924009e64d3978e6215ac0e0178 0 0 0 0 0 1
train_jpeg/eb7f447b553bc604e9e69ba12fa15b9c 0 0 0 0 0 1
train_jpeg/1038d42bccd9b51c786f23fa24aec9e0 0 0 0 0 0 1
train_jpeg/b7c2310d1b1f98c1bb88789595d78613 0 0 0 0 0 1
train_jpeg/8434de3377a80db9a650dbbd29b96ba9 0 0 0 0 0 1
train_jpeg/17586e43095e0c22be0a68cb1633bc4c 0 0 0 0 0 1
train_jpeg/56e3f55c87bb1211cf683ae1b0caef95 0 0 0 0 0 1
train_jpeg/cfc654ccfba7724e8da6d1881ef1aca8 0 0 0 0 0 1
train_jpeg/ad6c4a175af14df7d2aee8143473541f 0 0 0 0 0 1
train_jpeg/a88295796bf6bc9cec53f76527a08cc4 0 0 0 0 0 1
train_jpeg/3a16e3ddea4a2e8c5d2acd76981304f5 0 0 0 0 0 1
train_jpeg/b35f8533b566e37d0b23a08d55219ef2 0 0 0 0 0 1
train_jpeg/77c758ab280d0320271498ffd0670f13 0 0 0 0 0 1
train_jpeg/104d4e165637f627df4040652d2b40e8 0 0 0 0 0 1
train_jpeg/205ac8294ffe4c5592494261fdb68e2f 0 0 0 0 0 1
train_jpeg/85baff8a49bf10cd282817f74dba32f1 0 0 0 0 0 1
train_jpeg/f764cd85ea43abfb8e4d638fb0eae057 0 0 0 0 0 1
train_jpeg/179fe3a05143aafece2a326eb982ddc0 0 0 0 0 0 1
train_jpeg/401dcf59383ac272c5658e1650f40c3c 0 0 0 0 0 1
train_jpeg/ed73ad56c0e1f66d3acf2f9479615b99 0 0 0 0 0 1
train_jpeg/dd24bdf17806362aab369798b59fc3a9 0 0 0 0 0 1
train_jpeg/c16d96578716fe3cb42f7cafb814e023 0 0 0 0 0 1
train_jpeg/90d8e7b88a0d29d30f98e069b0e2cceb 0 0 0 0 0 0
train_jpeg/fb1994794ffd34d3ca783c34447829f4 0 0 0 0 0 1
train_jpeg/8387908e191592ccf24bf9ef2c66c01e 0 0 0 0 0 1
train_jpeg/ca13f1b67c91de2779649137564243da 0 0 0 0 0 1
train_jpeg/02cbfa27d9e4b1d8c279932cd82e0730 0 0 0 0 0 1
train_jpeg/8a0f681da75ca7a69658c793951d9c37 0 0 0 0 0 1
train_jpeg/8b254a2bcf8e8dcfb77ff47e61055161 0 0 0 0 0 1
train_jpeg/018ea9aab6d856c9f9f299b11504de4e 0 0 0 0 0 1
train_jpeg/ee796364982e62149d890edc1d1fc460 0 0 0 0 0 1
train_jpeg/0647eec06157a83b524df13f045d1fd7 0 0 0 0 0 1
train_jpeg/3fe05cdb192edd7078d911a3bf674547 0 0 0 0 0 1
train_jpeg/daa2bf07bac956d6742ac7fda965cf99 0 0 0 0 0 0
train_jpeg/f1f76abbb54845f5be539cb4f8298a51 0 0 0 0 0 1
train_jpeg/777b4dcdb98aa08bd701e676bd269462 0 0 0 0 0 1
train_jpeg/6c6f10b281e53f76fd175f82023313d7 0 0 0 0 0 1
train_jpeg/125106a09cf148efd0c519c633d98434 0 0 0 0 0 1
train_jpeg/d53cb4358bb03d09abfc099826e54eb9 0 0 0 0 0 1
train_jpeg/0d58b9f17a1d19f721d615419ed04b33 0 0 0 0 0 1
train_jpeg/3e02670c9c691dbbd7f9aaa851bb70ae 0 0 0 0 0 0
train_jpeg/2d2ed136d5f942317aa539fcc455e42b 0 0 0 0 0 1
train_jpeg/888880bfaaf252cc1f400ff43ee21451 1 0 1 0 0 0
train_jpeg/358fa87314ddd8d7fed5c15becffd01f 0 0 0 0 0 1
train_jpeg/1e04715b878e0cfc89a40e6c23901fcc 0 0 0 0 0 1
train_jpeg/7cc4b9ed52119e3f25ac96e0e7c7dffd 0 0 0 0 0 1
train_jpeg/6e1a6f52b179c14edd1af37ead978cb2 0 0 1 0 0 0
train_jpeg/1118706aafb9e28236dda9943e3bb924 0 0 0 0 0 1
train_jpeg/5f209961057e6ff253148bbcfd5c5391 0 0 0 0 0 1
train_jpeg/b58f3853512c47b9d88eca193031b650 0 0 1 1 0 0
train_jpeg/7a9bbc3d02750c716fa773dcae80363b 1 0 0 0 0 0
train_jpeg/d16b67fee07971da41a3d08707ccd864 0 0 0 0 0 0
train_jpeg/390c021f34c2c73f9c67460e3b157b8a 0 0 0 0 0 1
train_jpeg/204184f1fb8dcc77dc393e9628b76345 0 0 0 0 0 1
train_jpeg/e1aabe79bf5c77ec1c14fde6f7d7b786 0 0 0 0 0 1
train_jpeg/25319ebdeca0d1fa8a73f4b168715446 0 0 0 0 0 1
train_jpeg/696c8f0c827772481b1f896016ce4472 0 0 0 0 0 1
train_jpeg/9bea5cf45dd01f201a57783067925543 0 0 0 0 0 1
train_jpeg/249e0d3186ba06b5336a4135b5bd101f 0 0 0 0 0 1
train_jpeg/ba8a7c29746f9d773028e6a500439a2f 0 0 0 0 0 1
train_jpeg/d52e11e25123f98e8bc0c3deea100fc6 0 0 0 0 0 1
train_jpeg/a3930f6f4844fe24c6c6ae23219ef547 0 0 0 0 0 1
train_jpeg/169e94bdbffa80c0c00be2439c5fe2c7 0 0 0 0 0 1
train_jpeg/3563cbf78297f9df2aa8fe7220a3cefc 0 0 0 0 0 1
train_jpeg/d93a0d2e2bbf95f9f83e33442ed43729 0 0 0 0 0 1
train_jpeg/2895e73af0ca994488b68383dc8e603d 0 0 0 0 0 1
train_jpeg/f23603293e7a6bb7166cd493d2da2f77 0 0 0 0 0 1
train_jpeg/035b53e8aabf8763537a296c291135d1 0 0 0 0 0 0
train_jpeg/37b7002617b3a7f6b92365e34675d102 0 0 0 0 0 1
train_jpeg/b55c77746896389635b31a1431dd2c90 0 0 0 0 0 1
train_jpeg/088006f2453c4183b1ef46fb607bc31c 0 0 0 0 0 0
train_jpeg/a316d15f56aaf851384081f261d2be1e 0 0 0 0 0 1
train_jpeg/135101b508a998968ea963ebacd63ecb 0 0 0 0 0 0
train_jpeg/60f2171aff3d6e13a8987e59d7a87739 0 0 0 0 0 0
train_jpeg/13f37b0b917c01631aff02f624e64d6a 0 0 0 0 0 1
train_jpeg/97b852252c11692b6353a2ee4c808355 0 0 0 0 0 1
train_jpeg/7b41dadbe305cc9f4f6068d473f73daf 0 0 0 0 0 0
train_jpeg/6a226af290752e9d60405e5a5a18e90f 0 0 0 0 0 0
train_jpeg/3888093277f7a4012b382711afdac96e 0 0 0 0 0 1
train_jpeg/7dab0bd433941ec0895ebaa983a47f5c 0 0 0 0 0 1
train_jpeg/45e35199ac5ae1af6d66f6a5193cd6e7 0 0 0 0 0 1
train_jpeg/419e64fc0d498cc804d7a9f825270fa3 0 0 0 0 0 1
train_jpeg/d98ae1498280edeb8046ee2e0f0dc21b 0 0 0 0 0 1
train_jpeg/d60854afebf749f87a8c95a07cb30d48 0 0 0 1 0 0
train_jpeg/dec0d58c74df0f58d70d6ca68f12cbf2 0 0 0 0 0 1
train_jpeg/be160ce4c74a01abb3536d3b0b803e11 0 0 0 0 0 1
train_jpeg/051132a778e61a86eb147c7c6f564dfe 0 0 0 0 0 0
train_jpeg/2a95bbecf2af3ba20e69084b37d3f18e 0 0 0 0 0 1
train_jpeg/0508d7ea85ba9be425657cc04c24a4f8 0 0 0 0 0 0
train_jpeg/4627bc9d0f3b5b6ee3b3544bde89071c 0 0 0 0 0 1
train_jpeg/bb369d00543d0ca80c7515d50fd2b4de 0 0 0 0 0 1
train_jpeg/b61e3688e902469aeda86709a31c475e 0 0 0 0 0 0
train_jpeg/57850a5fb4ff1a1e8597a8bdea74759a 0 0 0 0 0 0
train_jpeg/1510c3a5416ada3cd860f6301460c8fb 0 0 0 0 0 1
train_jpeg/66e57c5f9dd5a52392bf38b01bcf01c4 0 0 0 0 0 1
train_jpeg/1a4875ed8557ee69777c2e47378871ab 0 0 0 0 0 1
train_jpeg/2a2d24f9e9397ea669cf6ec9f850c367 0 0 0 0 0 0
train_jpeg/f502958f6f74c0859ef5e13bac4cc6c0 0 0 0 0 0 1
train_jpeg/303e0a9c848a6f2697622543d6de3364 0 0 0 0 0 0
train_jpeg/f29df9890df1e30033396c8f220a9f14 1 0 0 0 0 0
train_jpeg/80f1a73b3f399ea1bce6361805a18fa8 0 0 0 0 0 1
train_jpeg/b6a1fb44485f487ebc255f3bfa700ef5 0 0 0 0 0 1
train_jpeg/3ea8bc6bac5cf5cd5a80cd1b93afa2b5 0 0 0 0 0 1
train_jpeg/2bbb875a04f8379bd7a2aa458e4aa1b6 0 0 0 0 0 1
train_jpeg/b3f160c75b16300c0f4a89ce8814d1bc 0 0 0 0 1 0
train_jpeg/1ba0b6688726a0efd3641d086a4dee35 0 0 0 1 0 0
train_jpeg/066ca890a8f0511461d66d421e2ed2b9 0 0 0 0 0 1
train_jpeg/da14c06a44aaa07f630e22a69e5ee17f 0 0 0 0 0 1
train_jpeg/81c81204896454d9efb52970f2fa9e28 0 0 0 0 0 1
train_jpeg/ef28091232bb28f7c1681fe3f5206a52 0 0 0 0 0 1
train_jpeg/2e8abd47841a31c459718dca0700f486 1 0 0 0 0 0
train_jpeg/22672ab82c290c20b86863291e25ef6c 1 0 1 0 1 0
train_jpeg/14742737297b34ac440a0338877663ac 0 0 0 0 0 0
train_jpeg/5120c39221327eb63ccb8c86a0d0098c 0 0 0 0 0 1
train_jpeg/88974ca0acec2690c1e0377c4523662e 0 0 0 0 1 0
train_jpeg/d0e7b36dd1975188809340a634301e87 0 0 1 0 1 0
train_jpeg/0d55bc3019a8a34648e08e27744a7f6c 0 0 0 0 0 1
train_jpeg/bfdd2b7d930f17b450e1d1e7ec7a57bb 0 0 0 0 0 0
train_jpeg/bffb5303ac64552996db400e0f7058b0 0 1 0 0 0 0
train_jpeg/4654d647c5fbf15bcb773a250d085d3d 0 0 0 0 0 1
train_jpeg/9b1e8c3a5bce9d3c3f9e7c6394289c67 0 0 0 0 0 0
train_jpeg/6c7168280c801ce96908597527695ab5 0 0 0 0 0 0
train_jpeg/4ff71ca20844206cc9680124fd80c4c5 0 0 0 0 0 1
train_jpeg/226452107c14a6218e9c4d582025110b 0 0 0 0 0 0
train_jpeg/837cd0d7ea14a468fbd24f63d2d9c0c6 0 0 0 0 0 1
train_jpeg/2877640e69c0276243177a341ed74742 0 0 0 0 0 1
train_jpeg/ac8ab1b46874eda6380c8bf63f849f81 0 0 0 0 0 1
train_jpeg/f4c97bfedbc71ab64cf312ea2962971e 0 0 0 0 0 0
train_jpeg/32952917c2c085419042c364e68c5d0e 0 0 0 0 0 1
train_jpeg/018ef9c5d5b20c5161a5c48703171c3b 0 0 0 0 0 0
train_jpeg/12177d397427232ae8dce96f91b3cd78 0 0 0 0 0 1
train_jpeg/1be62fc40bf2edf18e734c4940d5bd1c 0 0 0 0 0 1
train_jpeg/3ee9f520c0a31c20b9851fb79dccec09 0 0 0 0 0 1
train_jpeg/2b4e10f8d855535ef7de8ccf9bcebcde 0 0 0 0 0 1
train_jpeg/fa8fe6da7a88296fdd66fcfd8b2729d1 0 0 0 0 0 1
train_jpeg/198302ef60405a8889da8fedd5a98ebc 0 0 0 0 0 0
train_jpeg/0c7bf87c0c415d3226451214c5b382b1 0 0 0 0 0 1
train_jpeg/f1766e364a8af02b085c82eabc7950db 0 0 0 0 0 1
train_jpeg/329c320d161d2a739edb6eb970f03e81 0 0 0 0 0 1
train_jpeg/084d6ba53daee0228fad47e3d3b4cd0a 0 0 0 0 0 1
train_jpeg/9875e42950bf3e157e96b0fc8c6f4680 1 0 1 0 0 0
train_jpeg/fa5f06ba5deade163b028b37cfe68901 0 0 0 1 0 0
train_jpeg/afb41a2217d37b54f0427fc1c69336be 0 0 1 0 0 0
train_jpeg/524f09c24a034a2daae14151142ff9be 0 0 0 0 0 1
train_jpeg/f959f8e6ea3da784426e14ee78f849ac 0 0 0 0 0 1
train_jpeg/261e8ab36e8922bc3ccf4ebaaea32427 0 0 0 0 0 1
train_jpeg/7a3323fefdd4f7613e1ae2d4812c7b75 0 0 0 0 0 0
train_jpeg/c117236e36f92684077b35b460de707d 0 0 0 0 0 1
train_jpeg/5467a3e2ca866b4295b2e73089fec5fe 0 0 0 0 0 0
train_jpeg/08bfaf4eb9083ae2e047ad0e61ae7580 0 0 0 0 0 1
train_jpeg/0452ab5ee9d46606d5d6fbcf5a206eee 0 0 0 0 0 1
train_jpeg/aa0202259a3cba71d0e72468e2d9c3e2 0 0 0 0 0 1
train_jpeg/91c6fc1df5829cdaff5705203a351e1e 1 0 0 0 0 0
train_jpeg/9b977611e75084a16e5edbcfb4a07efd 0 0 0 0 0 1
train_jpeg/db14c5746cc1525384f3865b4a20c7b2 0 0 0 0 0 0
train_jpeg/251c97b8c98e693de061e10ea6c578d2 0 0 0 0 0 1
train_jpeg/56768f259cb7cf068e23166090f213e8 0 0 0 0 0 1
train_jpeg/0bffe44ef7636e7b4a7b9fd883e8e6ea 0 0 0 0 0 0
train_jpeg/e37701f73ced1fb55d243771bb06e4da 0 0 0 0 0 1
train_jpeg/974de0b950075fe57ca6587571ff09c5 0 0 0 0 0 1
train_jpeg/aaeb1dc488bcadea5a0861e50063ab98 0 0 0 0 0 1
train_jpeg/d6b8482421ee5ee48d166c37d54cf7de 0 0 0 0 0 1
train_jpeg/1283d5ba97663aef3b97ee4f1884e9f9 0 0 0 0 0 0
train_jpeg/d86ce75ded56c958c2a417d6ab2ada3f 0 0 0 0 0 1
train_jpeg/9ed791871255da9b06dca81711f3f007 0 0 0 0 0 1
train_jpeg/5eb3f5cb8e18778cad831a75d0e74d95 0 0 0 0 0 1
train_jpeg/175a32c129d93a255273bcd58c91094b 0 0 0 0 0 1
train_jpeg/db8fd6a75147555c8ec9a7503c350658 0 0 0 0 0 1
train_jpeg/79da84eeb9599d74292b04af9078c3ef 0 0 0 0 0 0
train_jpeg/d2bc282e9057cf4d17e2ff126a3e5d90 0 0 0 0 0 1
train_jpeg/028abf6b0a4e96bcb62f4aeb126735dd 0 0 0 0 0 1
train_jpeg/e6b4c5c08d6767a47e348b79bf9ab2d2 0 0 0 0 0 0
train_jpeg/8626cbfd0205ec64b6fb89650aacabf0 0 0 0 0 0 1
train_jpeg/f922ffb5dd692c52065db7efe0240403 0 0 0 0 0 1
train_jpeg/e3d5edcf6b873d7738cd50ccaf6182ef 0 0 0 0 0 0
train_jpeg/c6f93b13c7e857e869b16eaa311ae5c0 0 0 0 0 0 1
train_jpeg/07aee7de1f86a98ae6c3c7d5df60374c 0 0 0 0 0 1
train_jpeg/4b2807b2f02514ee36b6706f5f09b8fc 0 0 0 0 0 1
train_jpeg/1d0d4bd5c8bb079b7d8921dfe63eacf6 0 0 0 0 0 1
train_jpeg/52637c1cd09bb2655f4c08aaa698a270 1 0 0 0 0 0
train_jpeg/16fbd1b86994c47ddd120cf5d410033e 0 0 0 0 0 0
train_jpeg/fd82f322cd3d32ba2f34959530b8a2df 0 0 0 0 0 1
train_jpeg/7d574e58da23077fc5c4579da786124b 0 0 0 1 0 0
train_jpeg/c69e4be327f6c723c1d45f7e4d8540fb 0 0 0 0 0 1
train_jpeg/a5cbeba36a7d5dce3b333125ab44a228 0 0 0 0 0 1
train_jpeg/6e2a38e4cc5b4cd14dba22285a5cd210 0 0 0 0 0 0
train_jpeg/287023c7ab66addffd057c667502e566 0 0 0 0 0 1
train_jpeg/318329567e0c03497d31c4a42cdb8354 0 0 0 0 0 1
train_jpeg/e090f8b1cf17d7c7f64b73446a694483 0 0 0 0 0 1
train_jpeg/0889de8637d252e22dd1ce522f5ea672 0 0 0 0 0 1
train_jpeg/ffdd027d6aa68286ea30c61ab6f58454 0 0 0 0 0 1
train_jpeg/09175449df9374e0f6afe517f7b6249f 0 0 0 0 1 0
train_jpeg/67d4cf6415b37f5a0950ac53897f3d3a 0 0 0 0 0 0
train_jpeg/238b1299945de447d94124e14734edab 1 0 0 1 0 0
train_jpeg/dd8cba935053fb4c376bf6580cf636b9 0 0 0 0 0 1
train_jpeg/f1608d27f7ff9e2934b5eed4a4b54da0 0 0 0 0 0 1
train_jpeg/00575e3846ebd05a909d97ba59c53d30 0 0 0 0 0 1
train_jpeg/cdbd07a6e9e17958d4cafd4278872806 1 0 1 0 0 0
train_jpeg/019456d451d855736ae5c32e2484a100 0 0 0 0 0 1
train_jpeg/f6811759303019243d487c9f9934e1de 0 0 0 0 0 1
train_jpeg/753581089bcd75c2ba28375ac72ed77a 0 0 0 0 0 1
train_jpeg/5df359e160b87cd0d9f496a1e6648b1f 0 0 0 0 0 1
train_jpeg/72d9c24b117baa0bd2852430b307fe10 0 0 0 0 0 1
train_jpeg/b06c6e447980a2561175026ad10ae04d 0 0 0 0 0 0
train_jpeg/48f3a35fcd6c76d5d0ee2d475b3f1f51 0 0 0 0 0 0
train_jpeg/742d73529266f013bbbcdf0f2bf9d218 0 0 0 0 0 0
train_jpeg/bd9a6c424edb2e622c1f4b6a59a58e91 1 0 1 0 0 0
train_jpeg/b76de5eed16c8ecbb5c3bdc72f334258 0 0 0 0 0 1
train_jpeg/62ba124e1b481c08b8988ceca83dcc77 0 0 0 0 0 1
train_jpeg/65da184f886ea37d826544f08cadb91f 0 0 0 0 0 1
train_jpeg/afae10b91e3e55cf509f8149366ebe2f 0 0 0 0 0 1
train_jpeg/d450fb623274ac5dbcbf21f3e9123b1a 0 0 0 0 0 1
train_jpeg/1d8a187f9e6f9570dcd495cf79efa99b 0 0 0 0 0 1
train_jpeg/bea7018176b6d5d871fe0cb1c87a64a6 0 0 0 0 0 0
train_jpeg/9def018e27028f4b11403cd6ad0d4691 0 0 0 0 0 0
train_jpeg/3c47131a874576cb08b30dae80e5eb13 0 0 0 0 0 1
train_jpeg/39f25c209ca0c31c6da6a6e87b0933a4 0 0 0 0 0 1
train_jpeg/8b8046a319a835e4dacf1fb2449d880b 0 0 0 0 0 0
train_jpeg/5173630835619ecf790205be89775f7f 0 0 0 0 0 1
train_jpeg/e8ce212fe98cc41c83393121e9bcbcdc 0 0 0 0 0 1
train_jpeg/8437c29f54471f3a4a4bcbcd3c66b6aa 0 0 0 0 0 1
train_jpeg/84688a6536fcaf82f65841ad717e9329 0 0 0 0 0 1
train_jpeg/e0a7f7a788eedf388b90bf00bd4e39df 0 0 0 1 0 0
train_jpeg/4d0664ac3d522bb232afecc65ebb40ca 0 0 0 0 0 1
train_jpeg/77f37186853d232b9b2db7e4e150ced9 0 0 0 0 0 1
train_jpeg/d6599d989c75982e68a7f277ddf170ff 0 0 0 0 0 1
train_jpeg/3e5e42dfac0028a8810d7420ec7885c2 0 0 0 0 0 1
train_jpeg/77694248815e59abca6fa327b40f4343 0 0 0 0 0 1
train_jpeg/aa4370e72e37cb955a24369f7fc9f35f 0 0 0 0 1 0
train_jpeg/44d66ab21e94ee9a1693a4ed6054910c 0 0 0 0 0 1
train_jpeg/66856d8ef0cf387346c195d4e4adcf1a 1 0 0 0 0 0
train_jpeg/0ad8663c40dedf625c03ecc586af5c52 0 0 0 0 0 1
train_jpeg/ea56b3455c844f324b8c9323ebf2ddb2 0 0 0 0 0 1
train_jpeg/d60fdd6237c71b741d10c85895723d16 0 0 0 0 0 0
train_jpeg/f5aaeb372cca52343b1dd12027904bc2 0 0 0 0 0 0
train_jpeg/3588a580ebd60c4f2513891d69a5cf83 0 0 0 0 0 1
train_jpeg/37906d71bae225a2f676c84164224140 0 0 0 0 0 0
train_jpeg/69a2762d9ad4e34d46a08a58596a71e9 0 0 0 0 0 1
train_jpeg/ef3f321dd20cafeadceadbb9ecb08b98 0 0 0 0 0 1
train_jpeg/25e383a85bad2e00064e7be23d745f50 0 0 0 0 0 0
train_jpeg/f635b5ecbb18bd0b90c881dd055fb089 0 0 0 0 0 0
train_jpeg/8fca80e7b01704575f553adf60d9c3ed 0 0 0 0 0 1
train_jpeg/0e91263f0b1925ff01d5ebde3ce65e1a 0 0 0 0 0 0
train_jpeg/fec797e0e4b2eff050372800790c01e8 0 0 0 0 1 0
train_jpeg/bc765f1145a3390f6b231f0d05193458 0 0 0 0 0 0
train_jpeg/5e808e9cbcb8cb66f3c798e9e5ea4e03 0 0 0 0 0 1
train_jpeg/9026f47a42aaf8c22c7161556f67c5b6 0 0 0 0 0 1
train_jpeg/96e2d91441c19d52ddd29624988935f1 0 0 0 0 0 1
train_jpeg/4e02c3b1100ced219b8d06cd65d09425 0 0 0 0 0 1
train_jpeg/8cfb544c8ae38f85d48916e5db86c601 0 0 0 0 0 0
train_jpeg/8de2c306ed9fa7c44c70d249af346d9b 0 0 0 0 0 0
train_jpeg/8843bf18d7fc51c9389e414c28237333 0 0 0 0 0 1
train_jpeg/7b28527cbbf8fdd46cae166b95e1bf64 0 0 0 0 0 1
train_jpeg/b919471290e71f53a6b9c1a672662854 0 0 0 0 0 0
train_jpeg/00150343289f317a0ad5629d5b7d9ef9 1 0 0 0 0 0
train_jpeg/8e8c26669bc2c2e4b0897bd792ae87b5 0 0 0 0 0 1
train_jpeg/a4a10513709676a735f6e8108a17631a 0 0 0 0 0 1
train_jpeg/bb713c4411bc3fffe3010ea9afd60182 0 0 0 0 0 1
train_jpeg/ef0b10e9d207fa0ff2f4e2f59a590970 0 0 0 0 0 0
train_jpeg/de4917c51024b4f810868d211e4f4d40 0 0 0 0 0 0
train_jpeg/2aa967866e3e878475c2777ef8c7e62d 0 0 0 0 0 1
train_jpeg/75e880206b3b895f5fee6f7641888079 0 0 0 0 0 1
train_jpeg/8668dfb3c405922dd87bafcb67faf989 0 0 0 0 0 1
train_jpeg/67d5a38d659154cdd92070ffdbdacf5a 0 0 0 0 0 1
train_jpeg/56ff603702d5731385e17026e6acd868 0 0 0 0 0 1
train_jpeg/4c2e918d34ade2ddd11772952ec34ec5 0 0 0 0 0 1
train_jpeg/23f267e42a7e9f496aa143fe11f241ff 1 0 0 0 0 0
train_jpeg/22c9f6b6888cce9bad89c72a2f87e56f 0 0 1 0 0 0
train_jpeg/62863bee894cbb15f96074e8da760b40 1 0 1 0 1 0
train_jpeg/9201324ab7bec3e6e853cc0584420132 0 0 0 0 0 1
train_jpeg/8e46056120052d18f5823d291d1ce7c8 0 0 0 0 0 1
train_jpeg/9dbaaaea9e26211148ed32db2a1c25d1 0 0 0 0 0 1
train_jpeg/9dc791ac7b918c75988d4398396d55af 0 0 0 0 0 1
train_jpeg/25b123c53b8d9f39e9e29e4ee34c9906 0 0 0 0 0 0
train_jpeg/1a386e3f372b4433590c8b80f4fe373d 0 0 0 0 0 1
train_jpeg/6e375dadf4d5652262a024c511c56d5d 0 0 0 0 0 1
train_jpeg/eff97684b9090b2cfa07a3037870b0ff 0 0 0 0 0 1
train_jpeg/d532da2b9a0e1681b6733ded30eafed7 0 0 0 0 0 1
train_jpeg/aca2dc4418182356911b47ede407b1da 0 0 0 0 0 1
train_jpeg/9e15afcba3bac18db3bb491b546792d4 0 0 0 0 0 0
train_jpeg/9a49414bb1a6c02f47ec7ba364f40bc7 0 0 0 0 0 1
train_jpeg/a95d641ac8ee1a9f186cd0b8c0dca7ef 0 0 0 0 1 0
train_jpeg/1b6fbfb87455d2145db222bc4c3e9875 0 0 0 0 0 0
train_jpeg/08daf3cf9bcf3d306ad08dbb9a53f4f2 0 0 0 0 0 1
train_jpeg/c394eadea89e5795c8037280492d116d 0 0 0 0 1 0
train_jpeg/9e425b61222cdcc8f2ff75f588e7c5c2 0 0 0 0 0 1
train_jpeg/41b3ba8c3998b6947018ce3bf0a4e546 0 0 0 0 0 1
train_jpeg/0588c987e1c1919569c4bf005bdf7398 0 0 0 0 0 1
train_jpeg/d44b907ffbef18483e074eac9a4783dc 0 0 0 0 0 1
train_jpeg/d392db50e5bf1e9b1580eafa79370c52 0 0 0 0 0 1
train_jpeg/0d3560aa72cf2176f272ae7ebe3c8bd6 0 0 0 0 0 1
train_jpeg/a5043dea5ccbb464991918bf894aafd2 0 0 0 0 0 1
train_jpeg/572e22c19f0c4a029c2746c5ca20360f 0 0 0 0 0 1
train_jpeg/0aa75e34705ae441a95c2869469c0f31 0 0 0 0 0 1
train_jpeg/30dcbddd1fdd443019b377314fa3913a 0 0 0 0 0 1
train_jpeg/7079fb8735ede4e6209dd4a108f9349d 0 0 0 0 0 1
train_jpeg/092573182f723f671a3d4566ab052921 0 0 0 0 0 1
train_jpeg/b32a218326ec600eb1bdc3297eed2c16 0 0 0 0 0 0
train_jpeg/9e3b6a128589d603ef3835809b609ddd 0 0 0 0 0 1
train_jpeg/5c436522b4ad6fb70a17f5d39790721b 0 0 0 0 0 1
train_jpeg/a19d17172cbbd5db342510e0308d9bff 0 0 0 0 0 1
train_jpeg/811454925a44e16a4c5df2ed6dbeefa7 0 0 0 0 0 1
train_jpeg/9b47fffd53e883cc097f22552bf46414 0 0 0 0 0 1
train_jpeg/6c401cd356a2c5799064782ed2b19ece 0 0 0 0 0 1
train_jpeg/2aa8deacc85f0cdfbcdf3619d1bfa853 0 0 0 0 0 1
train_jpeg/b127a6da511c3c1d544b54fc52e9c6b7 0 0 0 0 0 0
train_jpeg/425a34be84f439353a9d4a2f54212e8c 0 0 0 0 0 0
train_jpeg/bcfc0cff94763e41ce12a7e01645de1b 0 0 0 0 0 1
train_jpeg/c410e5da23319e7df174a5f0bbb51a93 0 0 0 0 0 1
train_jpeg/f769eea17a2e7678f481f386c3c6261c 0 0 0 0 0 0
train_jpeg/0c684171749ce2c0c601b9d69b882edb 0 0 0 0 0 0
train_jpeg/477177a132f537ffc141429c64d1078e 0 0 0 0 0 1
train_jpeg/376760156c04cd1f99b14ba775e7fc32 0 0 0 0 0 1
train_jpeg/6bee1f1b08ad0a3cde41773ab475faff 0 0 0 0 0 1
train_jpeg/a9f32aee073a0ee7ea94e959ab63885c 0 0 0 0 0 1
train_jpeg/3b368fea4f80aa6475184bb3a880983c 0 0 0 0 0 1
train_jpeg/20fd9c6560ee942cc79b057b0c8709cb 0 0 0 0 0 1
train_jpeg/742086bb39427a3e02c7c238ed9ade91 0 0 0 0 0 1
train_jpeg/45b753e5083940be9e2f3713796a7056 0 0 0 0 0 1
train_jpeg/2b0fb0afde2742c14c1c967cdcb20969 0 0 0 0 0 0
train_jpeg/b1c3165220a76f6359ab3351cc21bf1c 0 0 0 0 0 1
train_jpeg/e2ba061bc18b521f763050516e70f87c 0 0 0 0 0 0
train_jpeg/2c24bf86a6838bddee3bde0ca6fb7509 0 0 0 0 0 1
train_jpeg/a6ee1589384c418846cc3375e8f0bc45 0 0 0 0 0 0
train_jpeg/4bdcb9d68d74395b2cc8ec84ff1ac601 0 0 0 0 0 1
train_jpeg/8dc9c4a2edfac5c6ed1b0246e435aff9 0 0 0 0 0 0
train_jpeg/0d029f8b2f72732630d3d81bc0daac1f 0 0 0 0 0 1
train_jpeg/d19b822e1f1cb392d172d1ee4fa73005 0 0 0 0 0 0
train_jpeg/db77d8547728999f249cf5add0a50418 0 0 0 0 0 1
train_jpeg/40946078a25a73b1cf8ad53d4497b4ca 0 0 0 0 0 0
train_jpeg/b810e4520338c941ea9cbb24e5f68dfc 0 0 0 0 0 1
train_jpeg/01b0d8debe488c18e4c79624dd8a4f30 0 0 0 0 0 1
train_jpeg/d2e04092a7f14145a1417d9c6db6329c 0 0 0 0 0 1
train_jpeg/07c006b2e35c62d17d98b9482faf52b0 0 0 0 0 0 1
train_jpeg/8d73e1a7177236b643e797a44fbe56eb 0 0 0 0 0 1
train_jpeg/4ef589fee1b30a47d9955e4613cf901c 1 0 1 0 0 0
train_jpeg/7d99044b9f2dc42f674600c8139f0652 0 0 0 0 0 1
train_jpeg/c76d814a3b9401891fd35b7027891f2b 0 0 0 0 0 1
train_jpeg/f617e2d52acf05889956a59353056081 0 0 0 0 0 1
train_jpeg/4f211240fc303e8f73e877cef8c0d945 0 0 0 0 0 1
train_jpeg/197f987075b2a632d50faba69678c92e 0 0 0 0 0 1
train_jpeg/3e815f30830eeeb1eb65b4902e126cc5 0 0 0 0 0 1
train_jpeg/b0cc2c92c421a86197cf135253e57e51 0 0 0 0 0 0
train_jpeg/ee0038c59a1b52cd027e0108418e0500 0 0 0 0 0 1
train_jpeg/d1840dda98dafc76f201fa30bda3ef94 0 0 0 1 0 0
train_jpeg/ba0f97b49906ccf1bf205dd7ca108c06 0 0 0 0 0 0
train_jpeg/414ae85a6ec97db19ed913bde0062b11 1 0 0 1 0 0
train_jpeg/067fbe5569cedead356fae1e77165b45 0 0 0 0 0 1
train_jpeg/3cd58e860993b9e6a8c79bfa71ec66c3 0 0 0 0 0 0
train_jpeg/ab730707fed0edaf38a9b788b226b9f2 0 0 0 0 0 0
train_jpeg/65b03bfabde9fb910eacbbcb9d75c900 0 0 0 0 0 1
train_jpeg/865a0a1a1781b55fa40887566aa9cd67 1 1 1 1 0 0
train_jpeg/99de6a41c5761a2c9711b7b06cbf75f8 0 0 0 0 0 1
train_jpeg/6fbeb3ec1ec16b267f98fc12cbab9b6f 0 0 0 0 0 0
train_jpeg/d90cacb229a8d2e2b95c5d38980db92f 0 0 0 0 0 1
train_jpeg/a1796a20b25a191f6ede84984eab7097 0 0 0 0 0 1
train_jpeg/5d3d38eae35191d06fd2a0261fa74934 0 0 0 0 0 0
train_jpeg/8e063eadea9a6aeb684c893c8598be3e 0 0 0 0 0 0
train_jpeg/a1df46be5ace1fcd65a304d44f83a1a6 0 0 0 0 0 0
train_jpeg/2cd31f05e3d0a2ebdf33e7a90fdc95ac 0 0 0 0 0 0
train_jpeg/f9c6b63c9379c69451d44dc64fbcc814 0 0 0 0 0 0
train_jpeg/d9feb9aa5244e1d523386910bf3f986c 0 0 0 0 0 1
train_jpeg/c3248f0f0b6d54dce2e0ba0a1eb42370 0 0 0 0 0 1
train_jpeg/7f4f51999d3e6d959add08ac28be1da4 0 0 0 0 0 1
train_jpeg/f233f426d24061d9584932e52bfdbd49 1 0 0 1 1 0
train_jpeg/687ca0b62889d06335ba7a3d147baf76 0 0 0 0 0 1
train_jpeg/57d537d956b0881fda614facacdd4408 1 0 1 0 0 0
train_jpeg/70e09b0d52ed4571aa953c4d844bc5cb 0 0 0 0 0 0
train_jpeg/c3fffdde3c71da55078f310761551e88 0 0 0 0 0 1
train_jpeg/f1d5d21120f5370c55efc2ab3d2db8bc 0 0 0 0 0 1
train_jpeg/7486840374f87cde690928d1b33aa97c 0 0 0 0 0 0
train_jpeg/ac0d5180cbac66eead6195728563d5e2 0 0 0 0 0 1
train_jpeg/1c1852e92ee88bfdab5af701f0578076 0 0 0 0 0 1
train_jpeg/8f01cb0cd50d9df7e34dcea44dcf7e4f 0 0 0 0 0 1
train_jpeg/a0c57bf17f821ec58e8a33bf90073699 0 0 0 0 0 1
train_jpeg/669c11f80ffc953e2d23ec177a352153 0 0 0 0 0 1
train_jpeg/9dc2037ca1424465db0c4fe2972767f0 0 0 0 0 0 0
train_jpeg/2c24bf86a6838bddee3bde0ca6fb7509 0 0 0 0 0 1
train_jpeg/372dfcb677a2d0799d2f6e14d2177f1a 0 0 0 0 0 1
train_jpeg/41d642577ada2969ece3637f6c800139 0 0 0 0 0 0
train_jpeg/1aaab6baefab214419016ad2f3175120 0 0 0 0 0 0
train_jpeg/2b20a32f26c4f4a85188f7c44b55023e 0 0 0 0 0 1
train_jpeg/25207f1f73016eb9d84327860e5c9b49 0 0 0 0 0 0
train_jpeg/308f48494437d6e5a03366869dfad5a9 0 0 0 0 0 1
train_jpeg/046f839448acd6994ce6bb518656258d 0 0 0 0 0 1
train_jpeg/f32fbc404c68b727c5bf14bca3ec7b5e 1 0 0 1 1 0
train_jpeg/a083b9235a837f1f0171174a00ea538c 0 0 0 0 0 1
train_jpeg/f09ec49805bd445b71404666a53d4a8e 0 0 0 0 0 0
train_jpeg/381e9c224c892d437f498779e349469e 0 0 0 0 1 0
train_jpeg/7f8e7583dc56d91be3977f5ff49a1c61 0 0 0 0 0 1
train_jpeg/b8b8c9ae5afd3e8d2dbd5d69fa0f9378 1 0 0 0 0 0
train_jpeg/5a2abe215cbd6b2f8a086c155f567be6 0 0 0 0 0 1
train_jpeg/2cd31f05e3d0a2ebdf33e7a90fdc95ac 0 0 0 0 0 0
train_jpeg/efb838879b6ee5f7d44b56ff592d83a4 0 0 0 0 0 1
train_jpeg/eb846bab70e76bb4ab2cbb887d8f333a 0 0 0 0 0 1
train_jpeg/46f34e017ef81cdc26de68f11bf7280d 0 0 0 0 0 1
train_jpeg/6d5c4d0ce4504164a6d3035aa060dcae 0 0 0 0 0 1
train_jpeg/4a67efd541f3149e52fc543a33abd332 0 0 0 0 0 1
train_jpeg/c465dd63a0c768fac5d985c9d14c4aa8 0 0 0 0 0 0
train_jpeg/983bb1fe3d1c3d009b4dbc470a2be49e 0 0 0 0 0 1
train_jpeg/2cf2872492c768aaca3759e740bc6026 0 0 0 0 0 1
train_jpeg/7e771799f53cb06ea951e7909d3c6522 0 0 0 0 0 1
train_jpeg/dd75e8f841c792294e77755148b2ac32 0 0 0 0 0 1
train_jpeg/350c79ddc5923558065010ec88aee1d6 0 0 0 0 0 1
train_jpeg/50658f30cbb06cb5d25d52175c03997d 0 0 0 0 0 1
train_jpeg/fa2c895263279a9c393934028ccbb36d 0 0 0 0 0 1
train_jpeg/ee530c9de44ad59a5467104a429ded64 0 0 0 0 0 0
train_jpeg/7e8745952e9e7ea9b363bc537719cdf9 0 0 0 0 0 1
train_jpeg/a2e5bde098e11d93708b1a8259c0fe01 0 0 0 0 0 1
train_jpeg/dd3f313dcf91128fce20f302aa22c79d 0 0 0 0 0 1
train_jpeg/98930c53682b85b91e22c7a59cfc36fa 0 0 0 0 0 0
train_jpeg/0dd8ef01229d7509562e1ef1dc92953b 0 0 0 0 0 1
train_jpeg/68eb45dbf790f2f829d8c6a8690b0d25 0 0 0 1 0 0
train_jpeg/01d6446afde9fbf4332904bc331e9660 0 0 0 0 0 0
train_jpeg/61f807e82c2fe891767a941f48dfac90 0 0 0 0 0 1
train_jpeg/7a775d2937b716a76da7b36fc00b0294 0 0 0 0 0 1
train_jpeg/319781be30659abddca9230f0bca5311 0 0 0 0 1 0
train_jpeg/46f3e01784f7de9a0ff240cbe85b55c5 0 0 0 0 0 1
train_jpeg/dca579df08e6dc334409a70e8c0039ab 0 0 0 0 0 1
train_jpeg/2ca96021f8f968d4c3f0b9f5fc250470 0 0 0 0 0 1
train_jpeg/bace601f50d2f324022ae6a9ad608123 0 0 0 1 0 0
train_jpeg/85df64243cc1caaa9fbccdd1e7101f54 0 0 0 0 0 1
train_jpeg/f2ca613f1200588a3f8c44e2516db4bc 0 0 0 0 0 0
train_jpeg/83199f1f78d9dbe5d682082ec9a46897 0 0 0 0 0 1
train_jpeg/2c811692ee5993b6611391db3c96a981 0 0 0 0 0 1
train_jpeg/e60ce67640c934d4fb3bcac5b334983d 0 1 0 0 1 0
train_jpeg/33fbdb351c16ce9efa9e9ef68bad8b6b 0 0 0 0 0 1
train_jpeg/987217d6c54484533dc62bbcbc98c726 0 0 0 0 0 1
train_jpeg/377c692288c6911c0a7ce9e473ddddef 0 0 0 0 0 1
train_jpeg/33db825e2ba6c18e0e5d1ef2c8e0f075 0 0 0 0 0 1
train_jpeg/348ad4ea0789eda9faeecf12bf7bbb4d 0 0 0 0 0 1
train_jpeg/dc590aaab60a5bd86b11fa40d29bfc82 0 0 0 0 0 1
train_jpeg/3ddadcb081c3779b4b569d9ec57f5208 0 0 0 0 0 0
train_jpeg/efc353efad9cc999b549750f771a1d2d 0 0 0 0 0 1
train_jpeg/97b4c7ed1f29972870f135a4c3584693 0 0 0 0 0 1
train_jpeg/f24f5cb1232f59b8688e655a48127b43 0 0 0 0 1 0
train_jpeg/8af0e69c0ba5cfc3518eed6af82f5e20 0 0 0 0 0 1
train_jpeg/30c105116d347c2f1107e206362dd949 0 0 0 0 0 0
train_jpeg/b42c22d609a089773578202c116a4c7e 0 0 0 0 0 1
train_jpeg/42d472bdda3ad93dac63c8e5e29977bb 0 0 0 0 0 1
train_jpeg/c22fea86a5d808286e15d613f00121cc 0 0 0 0 0 1
train_jpeg/2245e73a64f0fee6f0bd3b7836596bee 0 0 0 0 0 1
train_jpeg/f60cef429e2b47fd330fbfcfd3ec3a31 0 0 0 0 1 0
train_jpeg/b58cc135cac9794b08ab56944bc5859b 0 0 0 0 0 1
train_jpeg/6168e96628563105542f9330776e9479 0 0 0 0 0 1
train_jpeg/31ffa866e091965da25a408b4cc7d0db 1 0 0 0 0 0
train_jpeg/a9f2816d377349f221a96f46c728d36e 0 0 0 0 0 0
train_jpeg/11d1fed2c8daf381612a08ecfa80fd74 0 0 0 0 0 1
train_jpeg/0f5f23a027345ba0f0a63f1eca460b0c 0 0 0 0 0 0
train_jpeg/bedecebc0349e52e9afe5cc8f2e067a0 0 0 0 0 0 0
train_jpeg/624784fc066458cc552d474c020de291 0 0 0 0 0 1
train_jpeg/36165f2d5e7831f8666339541eb63bf7 0 0 0 0 0 1
train_jpeg/8d0e4996d9d4eb04ffe8e7d1401e3528 0 0 0 0 0 1
train_jpeg/fd8af9c6f7a66a823f719ec20f2412b0 0 0 0 0 0 1
train_jpeg/6137da0107d18f2bc35b6814c0f00ac8 0 0 0 0 0 0
train_jpeg/c5f994eb8a4b2630565dc3967bfbaf23 0 0 0 0 0 1
train_jpeg/e2de831b92a2dc7237d2b1885ee4bb9c 0 0 0 1 0 0
train_jpeg/d9bb0e4b3e6f2c0150d1ad117aaa8ed7 0 0 0 0 0 1
train_jpeg/82a4c0bdccef102a1504accb1df36b82 0 0 0 0 0 1
train_jpeg/a05884d82acedfe9ad38156185c2eb3f 0 0 0 0 0 1
train_jpeg/2cd35cf79e8d14f189f56948098c27ee 0 0 0 0 0 1
train_jpeg/0817e0cb5b16715d3d4032eca93234e0 0 0 0 0 0 1
train_jpeg/8757ef60dda6f5ea955f720ee1271b70 0 0 0 0 0 1
train_jpeg/1ae368aaa68a19e19664f5f0648e863f 0 0 0 0 0 1
train_jpeg/88862186ca31f2a8e94a9c4906d10911 0 0 0 0 0 1
train_jpeg/805f1f363bd21bb28a2c1ec543fa5036 0 0 0 0 0 1
train_jpeg/c99db2f6d335618528a74d39645550f5 0 0 0 0 0 1
train_jpeg/a61be8051f02ec494ed40696e988f6d1 0 0 0 0 0 0
train_jpeg/690becc033b4b41fc20572d5f7f13359 0 0 0 0 0 1
train_jpeg/367b53fd4130ec321b3cfe73df816f3b 0 0 0 0 0 1
train_jpeg/845a7aabfbfc675b08c9f91a3ec1d7a0 0 0 0 0 0 1
train_jpeg/1a4a1dfe32d84179b5ab03e56532bcde 1 0 0 1 0 0
train_jpeg/654908d5b6891175a8d9f4129a4d9694 0 0 0 0 0 1
train_jpeg/7d90de12500e159955637cd98bf0e87c 0 0 0 0 0 1
train_jpeg/8609affe56a5bec4ab3e7f51d06f2d54 0 0 0 0 0 1
train_jpeg/eee88aa055892224d0fa0518f304996b 0 0 0 0 0 0
train_jpeg/5a90837bfac4c51ba3f89952e17f9d14 0 0 0 0 0 1
train_jpeg/458c16f2648bd04054649d10a11b9fdf 0 0 0 0 0 0
train_jpeg/4fbeeb5466485b289c75a393b8e03dd5 0 0 0 0 0 1
train_jpeg/7b759182d86f6a44b377ffcfce8a3b53 0 0 0 0 0 0
train_jpeg/3ab1d5b251f54870587b6d9c6a076493 0 0 0 0 0 1
train_jpeg/aae2c7e023bb6b4d9df30fda884d7b15 0 0 0 0 0 0
train_jpeg/64fbc7536c3e0b4609b471e2b8a1f54f 0 0 0 0 0 0
train_jpeg/5ce4036ca4980ebdbc2e21b6aaa3da92 0 0 0 0 0 1
train_jpeg/421a769663792125e8d7d05459a01efb 0 0 0 0 0 0
train_jpeg/520d974129f659b2ac9588b4f19bc58a 0 0 0 0 0 0
train_jpeg/e4874b9ab2e22bc616b7faa3560a3c48 0 0 0 0 0 1
train_jpeg/5f39b234c96c89da0f9db28c873b75b1 0 0 0 0 1 0
train_jpeg/2988c0540fad8e078a609d7672525d5a 0 0 0 0 0 1
train_jpeg/b79f29c1f33f6aaa60505895ae31576f 0 0 0 0 0 1
train_jpeg/8c93071f4d3c65844fe16c44a12a7213 0 0 0 0 0 1
train_jpeg/89fafdbd5c404f12355c3d13f165230f 0 0 0 0 0 1
train_jpeg/9545ea18a65503344be5e3ecf86341f6 0 0 0 0 0 1
train_jpeg/fde0dc4919750b5bbc571fe138bf36f6 0 0 0 0 0 1
train_jpeg/ad2a12be7e44277e041c435e8b526632 1 0 0 0 0 0
train_jpeg/18533a53425600e4da1e36085cbad104 0 0 1 0 0 0
train_jpeg/0cda702ebb44530f97508885865046d8 0 0 0 0 0 1
train_jpeg/ad65ef4667adaa5e3bc774ad80158540 0 0 0 0 0 0
train_jpeg/b0e39c29cfb8dab209d591461d51c4d4 0 0 0 0 0 1
train_jpeg/0817e0cb5b16715d3d4032eca93234e0 0 0 0 0 0 1
train_jpeg/5e9c9b1f6be41b2e52b29cb98997aee6 0 0 0 0 0 1
train_jpeg/7d8e539c92b5bb5fd13ce15e394be1b4 0 0 0 0 0 1
train_jpeg/268ed28c6d57f5d5383cd5cf8e62e457 0 0 0 0 0 0
train_jpeg/b84f3ca1815191737e4e635dc93d124a 0 0 0 0 0 1
train_jpeg/21274fbd409469136e38f2efcf3b77b2 0 0 0 0 0 1
train_jpeg/5c89b0eae0958efe38993c60dacb9c66 0 0 0 0 0 1
train_jpeg/2440cb2ca1d0e5defb030b6515503524 0 0 0 0 0 1
train_jpeg/7f777981e2a46b0d4f770de8def6cb78 0 0 0 0 1 0
train_jpeg/22576c31ecae86e2e6d580b4bebb5d77 0 0 0 0 0 0
train_jpeg/72955ce8636dc51c1459d32192ea0d64 0 0 0 0 0 1
train_jpeg/17b6cfad0ea2ecd3b9511743a608bcb7 0 0 0 0 0 0
train_jpeg/482b87eee32062b04427c763c699ccbf 0 0 0 0 0 1
train_jpeg/826342095a3e7505b82f52ad071a1ffe 0 0 0 0 0 1
train_jpeg/8d99bd23799c44202653f70438a17f06 0 0 0 0 0 1
train_jpeg/a78e6dc6978392015fa78795c0aea8a7 0 0 0 0 0 0
train_jpeg/27e6678a92ac10ed461ddc9f04bd3fcf 0 0 0 0 0 0
train_jpeg/76bd6d60f495982df348eaf871cf2025 0 0 0 0 0 1
train_jpeg/2f83b465a725b596047d892e5bd027d3 0 0 0 0 0 1
train_jpeg/fe0dcf9316baf361c09475973155976a 0 0 0 0 0 1
train_jpeg/1505c78837ead7b0646ff1153b91eeee 0 0 0 0 0 1
train_jpeg/11c5ffa533f58e07343f98080f434650 0 0 0 0 0 1
train_jpeg/e295e1f2ce1695b80db68a73c6042d99 0 0 0 0 0 0
train_jpeg/eabf04158953bb71ac4e934f4e28d160 1 0 0 0 0 0
train_jpeg/34bdf073a7e41d1f1ad96d7f6bbb8e57 0 0 0 0 0 1
train_jpeg/3441c644b35ade894f7a773095219d4f 0 0 0 0 1 0
train_jpeg/aac144daa37a312e2c919bc803b0538f 0 0 0 0 0 1
train_jpeg/30a08276cab4bd3ba231b2307341b987 0 0 0 0 1 0
train_jpeg/b1c97f10c1cd288e037995cc5d5e5f81 0 0 0 0 0 1
train_jpeg/325cc8b1e3c5e47c79b26c5e1772bcfd 0 0 0 0 0 1
train_jpeg/280266b12a3ac75cac7066556997e865 0 0 0 0 0 0
train_jpeg/d4b495a674f603616f7f418f41e4e0bf 0 0 0 0 0 0
train_jpeg/7798daa14debc3fb915e9a9df721ec59 0 0 0 0 0 1
train_jpeg/b53d1dd80e99ca6bcef9d592f65d3321 1 0 1 0 0 0
train_jpeg/4e7e82ca092514557584e8c9e234ee24 0 0 0 0 0 1
train_jpeg/19414721d264ab5bf8c29e30fbfbfebd 0 0 0 0 0 1
train_jpeg/1d37efa5bcce26d6cc9a224f99db3f0e 1 0 0 0 0 0
train_jpeg/377f5ca2ffeb015514ea89f572640801 0 0 0 0 0 1
train_jpeg/27f15259ab3e456cbf089aecd8621189 0 0 0 0 0 1
train_jpeg/862f0aaa5644a8a01e86ff585005a259 0 0 0 0 0 0
train_jpeg/983bb1fe3d1c3d009b4dbc470a2be49e 0 0 0 0 0 1
train_jpeg/c4580c0d206d069eb30f75d1bb2a51e8 0 0 0 0 0 1
train_jpeg/a224a1650f2a1a32aee8d297545fb941 0 0 0 0 0 1
train_jpeg/7653a1c4431f1929ae8c73588e39b8d5 0 0 0 0 0 0
train_jpeg/e3d9c8954d9f74fc2746da35019bb7f7 0 0 0 0 0 1
train_jpeg/f58508942604632676c1df2639e18010 0 1 0 0 0 0
train_jpeg/ef5dce0a3240176beba188d822159648 0 0 0 0 0 1
train_jpeg/ea61f0761446db10c6286a6e333af0e2 0 0 0 0 0 0
train_jpeg/98c0a9311b4bf87ee2468ec62ce055e4 0 0 0 0 0 1
train_jpeg/2cd35cf79e8d14f189f56948098c27ee 0 0 0 0 0 1
train_jpeg/b4dd6dada2ebdf6899c21a3bc081d796 0 0 0 0 0 0
train_jpeg/07c566b1b7520bbe9d785556872074cc 0 0 0 0 0 1
train_jpeg/0e8ced5dabd650baa9bbd937a1211785 0 0 0 0 0 1
train_jpeg/3f3c7b6dc7ee8b40e647f27bc3f3388c 0 0 0 0 0 1
train_jpeg/f3185be657c553fac1498f0d8088d56d 0 0 0 0 0 1
train_jpeg/f53c45bd444bfa9796ac5ce5489136c7 0 0 0 1 0 0
train_jpeg/fc06d54844aee54acd87466f59acfc5b 0 0 0 0 0 1
train_jpeg/93b19937892c90a3d062674c7c554765 0 0 0 0 1 0
train_jpeg/c1fcc5e6a005a00ebec04e878f94c5df 0 0 0 0 0 1
train_jpeg/4e09020c210d7ec3622e594acd77137c 0 0 0 0 0 1
train_jpeg/749edbd991a6af4ffd0012ed39a316f3 0 0 0 0 0 1
train_jpeg/a3577d20d56e4a570fd9f87c30150ff3 0 0 0 0 0 1
train_jpeg/7541cb14619967aa42444e6327bb2f59 0 0 0 0 0 0
train_jpeg/3884726ab4793df899a6f3767c971d0e 0 0 0 0 0 1
train_jpeg/793ba06574de2325cdfcbe7a8c2efebf 0 0 0 0 0 1
train_jpeg/c08c31fc1e7c2b9f4792473dc5b3040d 0 0 0 0 0 1
train_jpeg/676159c609acb0438313f254a07033bd 0 0 0 0 0 1
train_jpeg/1f20970151a5a67dcc676c4d1d433fc3 0 0 0 0 0 1
train_jpeg/0ed4c066492aaa2e6f1772b84417e20f 0 0 0 0 0 0
train_jpeg/3349c0d8861ff59db82c4e6f1d10705a 1 0 0 0 1 0
train_jpeg/da5d664bf252317b42f4242784291bea 0 0 0 0 0 1
train_jpeg/2e31b4459572dee5881ec70c7b46dcab 0 0 0 1 0 0
train_jpeg/d2de54e8af5b7157884fc734ef81ca3b 0 0 0 0 0 1
train_jpeg/1fc23ac61c4669d85a5eb6d8b9e2c8ce 0 0 0 0 0 1
train_jpeg/50ef49ff922da321c54cff028a8ec837 0 0 0 0 0 1
train_jpeg/9cb2caee92dbc3f4567df483ae880a6a 0 0 0 0 0 1
train_jpeg/2b3f933dae2d8beb2f065fd3a7bded78 0 0 0 0 0 1
train_jpeg/b6bdd9362c76be8fbc3a1d20a8ce9819 0 0 0 0 0 1
train_jpeg/01815f05a4a4e424181a6d3be101dcd0 0 0 0 0 0 1
train_jpeg/b71b9016800369e9cb9ca3a6e53cf5e0 0 0 0 0 0 1
train_jpeg/48301cb51e42d4f15835b1ab3172b1b6 0 0 0 0 0 1
train_jpeg/c9178abde9d3400103cf7f925bc38782 0 0 0 0 0 0
train_jpeg/1bfaa64b9d805e46850c0e30cd28cbb5 0 0 0 0 0 1
train_jpeg/d3627a59bdf97f89094cbcee823ba057 0 0 0 0 0 1
train_jpeg/a0f4e17fe29b213326aad37316f5f5d2 0 0 0 0 0 1
train_jpeg/ed00acb8b50144488f604c86e9589388 0 0 0 0 0 1
train_jpeg/44de27e069e67abbe5af1df3be5bf8d2 0 0 0 0 0 1
train_jpeg/71ab1b7b29ed23f9c8a5ad1db0e2cbf5 0 0 0 0 0 0
train_jpeg/9d6a1fc14c01ca45f4220860f1be4900 0 0 0 0 0 1
train_jpeg/745101df234416c1912639f9aa4816bd 0 0 0 0 0 1
train_jpeg/b6e15b40a6370f847f1cb97f73528068 1 0 1 0 1 0
train_jpeg/510bd037beda94d973e885d2c3896d56 0 0 0 0 0 1
train_jpeg/e7136e97a466963b452941e91b6330fe 0 0 0 0 0 0
train_jpeg/0339aac16e3dd93ee397315a224147a6 0 0 0 1 0 0
train_jpeg/1627d29da4760776632c69d73237b6e2 0 0 0 0 0 1
train_jpeg/76efe4fb7983661f924e25eb3d65f4f8 0 0 0 0 0 1
train_jpeg/2330c0e643b79d87e8229abfc13ca9aa 0 0 0 0 0 1
train_jpeg/1e8892e58834c2a38f8d0b574327ed81 0 0 1 0 0 0
train_jpeg/b1d44013e0b4fab1d38af22901e312c4 1 0 0 0 1 0
train_jpeg/dc58721cb0e95824ca6af36be687b8c4 0 0 0 0 0 1
train_jpeg/3033cf4aadc4811b5e714fb3fe295a4e 1 0 1 0 0 0
train_jpeg/edb4d2772dc7746b93dc0d7e181a25ef 0 0 0 0 0 0
train_jpeg/de10b739cceaddfbbb0ffd65edbd4e75 0 0 0 0 0 1
train_jpeg/bf0ac90b81bd62e7444fbe3142506e3d 0 0 0 0 0 0
train_jpeg/474f5063494b22e24a8a4855b080a640 0 0 1 0 0 0
train_jpeg/c347b27288c20cebef8142328ed024ba 0 0 0 0 0 1
train_jpeg/8a50fb37ad0c61346e7a16212b21f2be 0 0 0 0 0 1
train_jpeg/fdad45aa1f1b76fcb7cb9fdd64eef118 0 0 0 0 0 1
train_jpeg/9f9540fc6cacfafb232878e33ce1d8e3 0 0 0 0 0 1
train_jpeg/4e0a6b7c284703ea4ab306f3a5a8ad84 0 0 0 0 0 1
train_jpeg/87292fd850fa8494048bbdae18312907 0 0 0 0 0 0
train_jpeg/2513d2316e7dfa85d79533472a3a2ded 0 0 0 0 0 1
train_jpeg/5760f2b040ba7c5f12d246f969d5c7a6 0 0 0 0 0 1
train_jpeg/107d6440fa2c7799ba5de06fd8a996e7 0 0 0 0 0 1
train_jpeg/0cd17ac8af6bb78438a190ec56085b71 0 0 0 0 0 1
train_jpeg/a71462e25ea94178b2ff97939d7af7ec 0 0 0 0 0 0
train_jpeg/4e29508a919faf1d425a6a8c14d7a08d 0 0 0 0 0 0
train_jpeg/2e21c9ab51303ea2fc6f4e90e18825d5 0 0 0 0 0 1
train_jpeg/9442ea6c07348514a3f2231dc38454ed 0 0 0 0 0 1
train_jpeg/afc6fb73eec576696b80c9deec2d3463 0 0 0 0 0 1
train_jpeg/ddae224726cc363800e54cf9a2152831 0 0 0 0 0 1
train_jpeg/d9e1d3236f81f2cbdbe29bb94b7d45e2 0 0 0 0 0 0
train_jpeg/21105b8fdb3da7b3e12ff54fca48c2db 0 0 0 0 0 1
train_jpeg/15be011ec328fb18affff8f2f3f3c4ea 0 0 0 0 0 1
train_jpeg/af7bc6de796b5a2399c962fead126547 0 0 0 0 0 0
train_jpeg/132eaf12f0c7f30a7d740178ec968777 0 0 0 0 0 1
train_jpeg/a4a33bef990b7fac8876f44f26b06bbb 0 0 0 0 0 0
train_jpeg/eb846bab70e76bb4ab2cbb887d8f333a 0 0 0 0 0 1
train_jpeg/b5cf329f8554a054dda2c6dac556c5dc 0 0 0 0 0 1
train_jpeg/4627bc9d0f3b5b6ee3b3544bde89071c 0 0 0 0 0 1
train_jpeg/82240a46a3961830c1f340424fa7ce65 0 0 0 0 0 0
train_jpeg/26aede63d6658410b4c56058cc9ea56c 0 0 0 0 0 1
train_jpeg/01b712e73b89f64803a04c870534e463 0 0 0 0 0 1
train_jpeg/b770403a1d0ab861f1944f8b896afcae 0 0 0 0 0 0
train_jpeg/fa1d691e369b258e948303634d83b2f6 1 0 1 0 0 0
train_jpeg/22e7c92282658cc02aece27a97346814 0 0 0 0 0 1
train_jpeg/b17fa1439061ffd2a0b36e8acd83bc32 0 0 0 0 0 0
train_jpeg/76bc5f4821d9fe7896330bdc06151b65 0 0 0 0 0 1
train_jpeg/900809f90cb65b6fa2615c805e173f39 0 0 0 0 0 1
train_jpeg/184f47b33de23c41cfe05b5631dc03db 0 0 0 0 0 1
train_jpeg/a9109d137db24859730111a8b8c3996a 0 0 0 0 0 1
train_jpeg/1a2d61ed3ccdc6c3a230ef73ae6adc4a 0 0 0 0 0 0
train_jpeg/a01b22e5918e02e376264331f695db32 0 0 0 0 0 1
train_jpeg/f986361b73fb2d464ae4c550d8e95529 0 0 0 0 0 1
train_jpeg/eeac9a98746bbc35994ddf2c1fec5081 0 0 0 0 0 1
train_jpeg/9e4b2f92ffd41f2da0d3b45d48dc3e16 0 0 0 0 0 1
train_jpeg/45f754b6c657050c4f462c772b5d2b1c 0 0 0 0 0 1
train_jpeg/7a293252be89795118fdf620def0c098 0 0 0 0 0 1
train_jpeg/1af2c28f20e34b5482bd03a3844d0d8f 0 0 0 0 0 1
train_jpeg/2f7fe4548bb5f866dc39e512032e95f9 0 0 0 0 0 1
train_jpeg/a3c14e9849589c82d4d7cbe592b3136d 0 0 0 0 0 1
train_jpeg/634fa8f5318dbf29297571e88e8a6d88 0 0 0 0 0 1
train_jpeg/e333a2a2a21355ba72b198f3a42e9546 0 0 0 0 0 1
train_jpeg/96c7ef3c46e2d5a625dfd742d29e48e0 0 0 0 0 0 1
train_jpeg/c6ad29cb15e0476259fdf56305b286d4 0 0 0 0 0 0
train_jpeg/50a418190bc3fb1ef1633bf9678929b3 0 0 0 0 0 1
train_jpeg/117c218c2534e3d40a6ca0b3d724eb24 0 0 0 0 0 0
train_jpeg/ee1ce355f6de728da4c7a40715b16826 1 0 0 0 0 0
train_jpeg/0c469843f3e05f73485ef54a73967a81 0 0 0 0 0 1
train_jpeg/2da795e38db0e7086e2479f7aaf1e631 0 0 1 1 0 0
train_jpeg/8fe0e719bc142d9327cb86cc28e82b03 0 0 1 0 0 0
train_jpeg/b386161449cca3a4cae69f0fd726c02a 0 0 0 0 0 1
train_jpeg/01807b02013b5eb9306ce74e5ecd6016 0 0 0 0 0 1
train_jpeg/76f366130d836a1ae9d12749d0150eb1 0 0 0 0 0 0
train_jpeg/d798ab48080626a93cd22e6c573cc63b 0 0 0 0 0 1
train_jpeg/2c5d9c4fdfc633cb9a6af8ead0c45f19 0 0 0 0 0 0
train_jpeg/c76f352a04d9506b6c7108837cf13894 0 0 0 0 0 1
train_jpeg/9dcbc84755c3325cea6d41bd83803289 0 0 0 0 0 1
train_jpeg/c699f16ba0b86f474390da9515bcad7a 0 0 0 0 0 0
train_jpeg/b7dab1e641e165ce08786d35a228b6c9 0 0 0 0 0 1
train_jpeg/8098d1ce056318c03a3c70ccf3707945 0 0 0 1 0 0
train_jpeg/1e9d0591a186e9fdb31759a3767fc472 0 0 0 0 0 1
