train_jpeg/7610eb1f29002104c258f17b432e8d52 0 0 0 0 0 0
train_jpeg/276bee83906a9d919e254a9dd1c4a63b 0 0 0 0 0 1
train_jpeg/2b20a32f26c4f4a85188f7c44b55023e 0 0 0 0 0 1
train_jpeg/10ad2392bd8169775aea678815bdc0ce 0 0 0 0 0 1
train_jpeg/b5098e112de84d36d96fb65d0895740a 0 0 0 0 0 1
train_jpeg/8c7b05f3611bbc0dc260e022ae9e8a8e 0 0 0 0 0 1
train_jpeg/c643dd8f0a5f04a5a009109976db6b7c 0 0 0 0 0 1
train_jpeg/d2083e8bfb9adff9bbb2df12850ff45c 0 0 0 0 0 1
train_jpeg/8e8605a691bd8149aad332a64fce5dcf 0 0 1 0 0 0
train_jpeg/9233b2cb05dd9ae0902badc7482c5481 0 0 0 0 0 0
train_jpeg/78519abf7e98608850e125d48cc1556b 0 0 0 0 0 1
train_jpeg/9390e4ee9fcf6bdba3b1f03d40bfd4d1 1 0 0 0 0 0
train_jpeg/96289c1a25aca0025127c41f45ed24e0 0 0 0 0 0 1
train_jpeg/1561a9389c58572344978d3b4cfa6709 0 0 0 0 0 1
train_jpeg/0005e8e3701dfb1dd93d53e2ff537b6e 0 0 1 1 0 0
train_jpeg/f09ec49805bd445b71404666a53d4a8e 0 0 0 0 0 0
train_jpeg/12d87958ea1b07f2d31b128f8cd18939 0 0 0 0 0 1
train_jpeg/2f68f0ed30de01f65fd0b70c036ceba7 0 0 0 0 0 1
train_jpeg/5db497363b855586ddb18a47b1a80d34 0 0 0 0 0 1
train_jpeg/3b520a6957e4c70f34da759e82784125 1 0 0 0 0 0
train_jpeg/8457199190f54291c09cbfd98dc2a662 0 0 0 0 0 1
train_jpeg/4fb911e8894d65f9b77aea59a7662df7 0 0 0 0 0 1
train_jpeg/c0b689cd5d7db53c6da7537209c8789d 0 0 0 0 0 1
train_jpeg/5d839d09ab9417b4ea3e6e92961e0747 1 0 0 0 0 0
train_jpeg/e9a65769f6a7bef9d188119e19c3009e 0 0 0 0 0 1
train_jpeg/ca96c5f3611278776d1f6027bbd41005 0 0 0 0 0 0
train_jpeg/38f6516bedc817cd5480efc4f8076874 0 0 0 0 0 1
train_jpeg/ad677e2177c7cdccc1ff9026563cc285 0 0 0 0 0 1
train_jpeg/26bd4fbf3a8b8e3ecc307a58fa3027a8 0 0 0 0 0 1
train_jpeg/dd83b3e293e8801c9fb167c53f96e2b6 0 0 0 0 1 0
train_jpeg/df1ba068fad70f8cfa474ee67004067c 0 0 0 0 0 0
train_jpeg/59f84b0cc36d5e9626e36d142cfdf971 0 0 0 0 0 1
train_jpeg/c4a55aaea43e10f94b1c499d16b63473 0 0 0 0 0 1
train_jpeg/974098983e6881cd7026424c5fd2b416 0 0 0 0 0 1
train_jpeg/1b8929dcd5ba852afce3a24c9a33909b 0 0 0 0 0 1
train_jpeg/45406c4ee98c4d2643f7330f1d73f638 0 0 0 0 0 1
train_jpeg/b8df1b270c5447fdac022ab51540f949 0 0 0 0 0 0
train_jpeg/58f8ad665a4f9a26602e2a361b74c4b3 0 0 0 0 0 1
train_jpeg/e1e596163010acb347ac7fa1a48d8d9c 1 0 0 0 0 0
train_jpeg/b29679d2251dd63917530a6eb83e0493 0 0 0 0 0 0
train_jpeg/b61e3688e902469aeda86709a31c475e 0 0 0 0 0 0
train_jpeg/e8ce212fe98cc41c83393121e9bcbcdc 0 0 0 0 0 1
train_jpeg/06632edb4a24bf2935ace8859d0134da 0 0 0 0 0 1
train_jpeg/b72a99779c48698c043ee38b127704d3 0 0 0 0 0 1
train_jpeg/3122e82023dd28ef2ab4595f948e0e17 0 0 0 0 0 0
train_jpeg/e6fe9b8c55ac87480352537ff03d7d04 0 0 0 0 0 1
train_jpeg/385f2129e57dc69626fb3a2bda8ecfa5 0 0 0 0 0 1
train_jpeg/047fea7da3a8a8336939e9ae765e8406 0 0 0 0 0 1
train_jpeg/986cbf62313a140fc59925d613ed4332 0 0 0 0 0 0
train_jpeg/ee4bb5df5cdac0243ce8b6cbc2dbe246 0 0 0 0 0 1
train_jpeg/eedc4c03d0cc6504b2f5ec21cd3b0b14 0 0 0 0 0 1
train_jpeg/eeca83820fc0ccf000fdb93afd8c07b4 0 0 0 0 0 1
train_jpeg/0e8b19dc3af06aaed4718cd664a896bf 0 0 0 0 0 0
train_jpeg/f748b43c3d793b2aad106513f27afa49 0 0 0 0 0 1
train_jpeg/48cf350885bf05ac4e0811339a5a557a 0 0 0 0 0 1
train_jpeg/c830bfa2f244f63cf2ded1ec5bd4dc40 0 0 0 0 0 1
train_jpeg/e9dffce64ee5dd73e861bd8c407c65cb 0 0 1 0 1 0
train_jpeg/fcf343f7991ed6cddae630502922296e 0 0 0 0 0 0
train_jpeg/26c7332ea337cb8f00d42d0820688f6f 0 0 0 0 0 1
train_jpeg/379f083410e64a2fb74761b795bd0a41 0 0 0 0 0 1
train_jpeg/1dd24b51bb2c4e67bf02641925881174 0 0 0 0 0 0
train_jpeg/1088f189daf4ad7593e680fcff81e6ca 0 0 0 0 0 1
train_jpeg/2c535167a6a1466c54bc62eb6100f577 0 0 0 0 0 0
train_jpeg/5806d4429fb183d924976bfd1dfbd4d9 0 0 0 0 0 1
train_jpeg/e1c76d9a72b804e14b4f93f3e23f1fa8 0 0 0 0 0 0
train_jpeg/81aa3a15f06591d717beeb045e372192 0 0 0 0 0 1
train_jpeg/50cd12275b316ae30f069a21daf2d097 0 0 0 0 0 1
train_jpeg/664141a1e5b55d29de9426a1979aedee 0 0 0 0 0 1
train_jpeg/acb556c64a4b230f77a02103b34afe7a 1 0 1 0 0 0
train_jpeg/a90c8201d35d87aa2d504736e5196414 0 0 0 0 0 1
train_jpeg/afcd69673091136cc76bbf0bf6ec1ddc 0 0 0 0 0 1
train_jpeg/acfda6253dc16e15950cbd4622395528 0 0 0 0 0 0
train_jpeg/25d4801df81d8416a6cd9676027eb6cf 0 0 0 0 0 1
train_jpeg/3bc5b8b466dc9ade754e1f179fddfafb 0 0 0 0 0 1
train_jpeg/0740b61521fae0508311c834d2e78875 0 0 0 0 0 1
train_jpeg/75ad17b47cbc1e664d947931cead4c11 0 0 0 0 0 1
train_jpeg/971793b9ed96c4868d2f1c236ff97132 0 0 0 0 0 1
train_jpeg/4a4b4c829cb8ca8ae24318d9163ec734 0 0 0 0 0 1
train_jpeg/75fa564a500cd6dbeca84c55c5bf4d2a 0 0 0 0 0 1
train_jpeg/dbbe26f4fa2d6e4951d7915ac7304d9c 0 0 0 0 0 1
train_jpeg/a482ab3e62dced6f74ca55798f054cbe 0 0 0 0 0 1
train_jpeg/f449ad15a8db7fed86bb169e264234b4 0 0 0 0 0 1
train_jpeg/a71215df1b1029e81d3f9b856caff97b 0 0 0 0 0 1
train_jpeg/0d0e4dbe84356f8ec4a4ff7616b4850f 0 0 0 0 0 1
train_jpeg/ea18aab66eff5e0e540553178f9cad4d 1 0 0 1 0 0
train_jpeg/47322c3b3510df3e395773eca7e06dc8 0 0 0 0 0 0
train_jpeg/c47b49c8a45e467ea86c02d53936b39b 0 0 0 0 0 0
train_jpeg/4ecccb854e4e2d710c4859b402ab4880 0 0 0 0 0 1
train_jpeg/37345611042805f08784200375e7f36c 0 0 0 0 0 1
train_jpeg/21cf533a9fe77bdbee21babd427a0d1f 1 0 1 0 0 0
train_jpeg/9e9a78a4b5155e45ba2575137d66daff 0 0 0 0 0 1
train_jpeg/91dcbfac33b20bb82e9641211b18f53b 0 0 0 0 0 0
train_jpeg/762d7c92fc97f018326c42e196fcedbf 0 0 0 0 0 1
train_jpeg/8eb496d5dd817b996672eab35e7de8f4 0 0 0 0 0 0
train_jpeg/5b05df19287bc68ead3011b06492d5e9 0 0 0 0 1 0
train_jpeg/e5f555e04bd705502f7ca5e36e9e845a 0 0 0 0 0 1
train_jpeg/6b21d77e82042e8f04fb694004141f03 0 0 0 0 0 1
train_jpeg/458a8766b1f96850e9f893e382058988 0 0 0 0 0 0
train_jpeg/8eea2bf7a585f1d3922ecb69f7774ace 0 0 0 0 0 1
train_jpeg/545c9dbeb94829f48598298810c03c22 0 0 0 1 0 0
train_jpeg/954984f75efe6890cfa45d0784a3a1e6 0 0 0 0 0 0
train_jpeg/7355e471b8ff4a26f7b7a871ef3f14ce 0 0 0 0 0 1
train_jpeg/e47967282a430fab54691801b86d65e4 0 0 0 0 0 1
train_jpeg/30115def955a1b321b71812b7787eb04 0 0 0 0 0 1
train_jpeg/427db646765e399ae43ccd98c50effdc 1 0 0 0 0 0
train_jpeg/9316b2ca577b760f2611b9d99bff7053 0 0 0 0 0 0
train_jpeg/3eeb4cc69cd1ad58977c23d880360fe4 0 0 0 0 0 1
train_jpeg/6baf3caa699fa4b71fc243f83dd21dcb 0 0 0 0 0 1
train_jpeg/c14443e3df5a946e1927efbbe064ffd4 0 0 0 0 0 1
train_jpeg/79bd8310bd57dfd23d33bfe5b3cc81d3 0 0 0 0 0 0
train_jpeg/422a469c9b13b37c702ab2047e157899 0 0 0 0 0 1
train_jpeg/6d33e69f8f399100be31330a61c5c01f 0 0 0 0 0 1
train_jpeg/b5073e2870aa24ea6ad3b3b2c90850e2 0 0 0 0 0 1
train_jpeg/3f3dd7bdb88119b115e7f53c6016f728 0 0 0 0 0 1
train_jpeg/323029b8a64431ac83ea6c71804f42c9 0 0 0 0 1 0
train_jpeg/345eb9bedef2fdd0d6d16380ca43005e 0 0 0 0 0 1
train_jpeg/74292e695d6b5868b89acf26363ee93e 1 0 0 0 1 0
train_jpeg/97034c0b3a0a8f1978cbd99438705a25 0 0 0 0 0 1
train_jpeg/8addd3663bd32b2822cf252f7870dfc4 0 0 0 0 0 1
train_jpeg/a77dcf7159de34ef6208e02257729c41 0 0 0 0 0 1
train_jpeg/b592f80242b4a1dbaf184c241685d4bf 0 0 0 0 0 1
train_jpeg/a88facb2e1f2af6f887c2603efd891ff 0 0 0 0 0 1
train_jpeg/21a68692a84d7a71dfb1bb0c76005119 0 0 0 0 0 1
train_jpeg/e690dec63fc0ce9e73eaf32e679b6ceb 0 0 0 0 0 1
train_jpeg/e5bf61c95a0127e95f844d52a8400efe 0 0 0 0 0 1
train_jpeg/7710a03c7402003173b2a6b14a7c4a01 0 0 0 0 0 1
train_jpeg/41cee81dbe9886a56b6c3ee56fb23448 1 0 1 1 0 0
train_jpeg/a305cc27ac9afe19b9873329b373fcf0 0 0 0 0 0 1
train_jpeg/04e78baf5f049a01b6b4f9a14f0b7c78 0 0 0 0 0 1
train_jpeg/d746a3f16ed61bfebbdfab1b9086e3aa 0 0 0 0 0 0
train_jpeg/c02b0da58786db639d7b15d7249caa6c 0 0 0 0 0 1
train_jpeg/a083b9235a837f1f0171174a00ea538c 0 0 0 0 0 1
train_jpeg/963cdee9d39e31c6061ce87087f15333 0 0 0 0 0 1
train_jpeg/c979e14779c28ffbf7aff116d9f6628b 0 0 0 0 0 1
train_jpeg/67635e3e25dcca671541a531ca2b4d0e 0 0 0 0 0 0
train_jpeg/3c5e999bcc6ac19f375f201c27546de1 0 0 0 0 1 0
train_jpeg/82301a63ef6e2e72224f045f25885e65 0 0 0 0 0 1
train_jpeg/73389cedf5cac39b292141ad966adfcb 0 0 0 0 1 0
train_jpeg/f4bce728f0331c8a9d9ee0c3fb18735b 0 0 0 0 0 1
train_jpeg/f24fba1daaf6734ff6cb7aca3edea73f 0 0 0 0 0 1
train_jpeg/4068af795c7cb80fec0883dab82f4fbf 0 0 1 1 0 0
train_jpeg/ddec878b93cd18918c2b81bca339a5e9 0 0 0 0 0 0
train_jpeg/2bac12b65fe143e0d0a4b56b320782e8 1 0 0 0 0 0
train_jpeg/aacd0a8ec30a8e0a2feccbdb165dc8c9 0 0 0 0 0 1
train_jpeg/316d5ac9e200cfa69672ca72823d4cdd 0 0 0 0 0 1
train_jpeg/07ab6d47d868962851d22d4d1249593d 0 0 0 0 0 0
train_jpeg/dda11ab83bb90b6f8181a296da42b968 0 0 0 0 0 1
train_jpeg/363d2496077d1a7990b59557f738e357 0 0 0 0 0 1
train_jpeg/8762595001d994ee7c1734a165301a09 1 0 0 0 0 0
train_jpeg/eefb68d818bf732e1cda9be83b641a19 0 0 1 0 0 0
train_jpeg/2be93a3c2bd9a086a39c3806e1811356 1 0 0 0 0 0
train_jpeg/d41517e98c7dc6dd266194d6ca2ed674 0 0 0 0 0 1
train_jpeg/a31e14af6336413d69a6920a6c04fc20 0 0 0 0 0 0
train_jpeg/e03285d2264eb7c2b8881731033ee128 0 0 0 0 0 1
train_jpeg/7355afc2a3a775378d54578397734408 0 0 0 0 0 0
train_jpeg/9c5b6aec6d12a963522ae5b333f612d1 1 0 0 0 0 0
train_jpeg/f5ec23765a843441e6670bcff308b821 0 0 0 0 0 1
train_jpeg/fe9ea4cc5d0c98dfb4590931b5a0e672 0 0 0 0 0 1
train_jpeg/80494023b09f661f00cca8ebaef860c2 0 0 0 0 0 1
train_jpeg/a31fef91832012791b0a749471e37159 0 0 0 0 0 0
train_jpeg/f9e6958221cb9c50deaf7ce3e78b6bf4 0 0 0 0 0 1
train_jpeg/a9f60e50925ece0b5c00b6bbd9f0825c 0 0 0 0 0 1
train_jpeg/65e9c983b94490a5a11f07d404659585 0 0 0 0 0 1
train_jpeg/afea04a48a160dbd7418423e6bc4f243 1 0 0 0 0 0
train_jpeg/ca715527b26e3649d70409cb9e4d01f8 0 0 0 0 0 1
train_jpeg/9c9857e39d3321b6e9c46eeaab2fa840 0 0 0 0 0 1
train_jpeg/c01011537715b0857c86240cb7fa9521 0 0 0 0 0 1
train_jpeg/67755c4f8fd11903115c5d76db8e44c7 0 0 0 0 0 1
train_jpeg/d746a3f16ed61bfebbdfab1b9086e3aa 0 0 0 0 0 0
train_jpeg/54513c2ba05c261ea2b2a87455634b1c 0 0 0 0 0 0
train_jpeg/ebaaf1d69d6b58e08be6b5ad0dd1a6d1 0 0 0 0 0 1
train_jpeg/d5eb82189dbfea013f844d0c880458d6 0 0 0 0 0 1
train_jpeg/e7f4f1181aa6abcd8c63619106edf51a 0 0 0 0 0 1
train_jpeg/be6a2a69a923979c38e8e83fed53ff89 0 0 0 0 0 0
train_jpeg/8c148f848e65fcc3c3259e5718b0972a 0 0 0 0 0 1
train_jpeg/af793b61efb4ac8fba4bc62475506e23 1 1 0 0 1 0
train_jpeg/5ceb74484f349e998da894a6b1caf5f0 0 0 0 0 0 1
train_jpeg/2094cd7cf01e7e283818e836115596c4 0 0 0 0 0 1
train_jpeg/509273d5d4ce790330ea3956d448d8dd 0 0 0 0 0 1
train_jpeg/65385ccc8f2e309756eb6df8c1c99702 0 0 0 0 0 1
train_jpeg/565a05fe974fa869569d974b10f27cf3 0 0 0 0 0 1
train_jpeg/e1aabe79bf5c77ec1c14fde6f7d7b786 0 0 0 0 0 1
train_jpeg/cd7f2eef4f33e3ae24bc051ac9ecd402 0 0 0 0 0 1
train_jpeg/9eb64584567f0c8e31e0dfcedd137aea 0 0 0 0 0 0
train_jpeg/b8b8c9ae5afd3e8d2dbd5d69fa0f9378 1 0 0 0 1 0
train_jpeg/0fcb5f06dba5a03b16df46dc966a3996 0 0 0 0 0 1
train_jpeg/91e721ea0143333c5efe5dfb8ca98746 0 0 0 0 0 0
train_jpeg/3be3d4ebbac208cbb4cedf479eab3cda 0 0 0 0 0 1
train_jpeg/4552f5fcf83d643416d9da169bfbba67 0 0 0 0 0 0
train_jpeg/c1f08438b014f0b3f2b61fd39df9c881 0 0 0 0 0 1
train_jpeg/47ef2a8348be7693bf8c85b4d8b0e7bc 0 0 0 0 0 1
train_jpeg/dcc6c3c2c149299292afc9004774505d 0 0 1 0 0 0
train_jpeg/c6a2f06eae822c4064e97e06b86ebbb4 0 0 0 0 0 1
train_jpeg/9232cbf553f55138d72f6f5e0a7be6ae 0 0 0 0 0 1
train_jpeg/1080bdf43ca7ca09d585bb32301f61cc 0 0 0 0 0 1
train_jpeg/5d62c79af0c0dfab5633ac80ef95d1bb 0 0 0 0 0 1
train_jpeg/89431ff737f91d37f64794633903a0f4 0 0 0 0 0 1
train_jpeg/8a454755517a41861d07dd898e6572a5 0 0 0 1 0 0
train_jpeg/8fa496b4476b2c19967ac0a541588042 0 0 0 0 0 1
train_jpeg/ddcd8866dd04a1b1e87bbcf3ab9c6760 0 0 0 0 0 0
train_jpeg/845a3c7468557044569c6e9965fb3cc2 0 0 0 0 0 1
train_jpeg/6945a8192d248b14b7ee994adc12edda 0 0 0 0 0 1
train_jpeg/9d78bfe4df5aa3ba04c68ac0373d3470 0 0 0 0 0 1
train_jpeg/e4b12e030788bbd71f7ad72fa1ee5a71 0 0 0 0 0 1
train_jpeg/9385f1142a0999cae18ceb73dc804bc7 1 0 1 0 0 0
train_jpeg/de504aa5f8d4aa992e0682e513d36da1 0 0 0 0 0 1
train_jpeg/917bf10b1a676986b3e548bed07c03f2 0 0 0 0 0 0
train_jpeg/b3588a07ee672507c31f69109089b805 0 0 1 1 0 0
train_jpeg/4bc187f73382906f3da22dd5ab8de865 0 0 0 0 0 1
train_jpeg/beed9cc2882243ac080a99c756dd73d2 0 0 0 0 0 1
train_jpeg/9049aa8aa21b134a75e38dfc18facced 0 0 0 0 0 0
train_jpeg/5467a3e2ca866b4295b2e73089fec5fe 0 0 0 0 0 0
train_jpeg/09df460412ce705d0f634436f518f46d 0 0 0 0 0 0
train_jpeg/d35342287accb789782fee0e4a8b1031 0 0 0 0 0 1
train_jpeg/e27b0c92b056198188b7f73b95f555a9 0 0 0 0 0 1
train_jpeg/2efa9f02587c744ab6f04ac2b29604a3 0 0 0 0 0 1
train_jpeg/aa6475267e83947ee5078281a7ff3df3 0 0 0 0 0 1
train_jpeg/a1faed880dcdf84e3e3ada546a409311 0 0 0 0 0 1
train_jpeg/cc9b6ee01a01702434ad789eef9432fb 0 0 0 0 0 1
train_jpeg/0fd9a013a22a1527f8814702fbb62149 0 0 0 0 0 1
train_jpeg/50b13defc76ed84a3b775856bfda2dfb 0 0 0 1 0 0
train_jpeg/16256e8d9a534da21218d2bedfadd553 0 0 0 0 0 1
train_jpeg/68fb6b382475cacea88d364da1730d34 0 0 0 0 0 1
train_jpeg/e97c51492b67d4cde0e3189d1843cedf 0 0 0 0 0 1
train_jpeg/cff98ac92877ed0954dad4fefb125d1e 0 0 0 0 0 0
train_jpeg/212863572a589065a200069a59d5223c 0 0 0 0 0 1
train_jpeg/e86cde1dbe7a082d03b9c38b400e4c67 0 0 0 0 1 0
train_jpeg/1cec183870c936178be89a81da2cc7fc 0 0 0 0 0 0
train_jpeg/18d947bf4df364db859aefa2e3ef34fd 0 0 0 0 0 1
train_jpeg/88862186ca31f2a8e94a9c4906d10911 0 0 0 0 0 1
train_jpeg/ee4bb5df5cdac0243ce8b6cbc2dbe246 0 0 0 0 0 1
train_jpeg/5c89b0eae0958efe38993c60dacb9c66 0 0 0 0 0 1
train_jpeg/508083b00dfef2ea10fe2aebee580990 1 0 1 1 1 0
train_jpeg/4f4674e95b0a0de0263bc63b457a7c9d 0 0 0 0 0 1
train_jpeg/bab58da5c7d82e57bd63dfa1d6e698a4 0 0 0 0 0 1
train_jpeg/83996faf3ec99260348ba87a0afc9186 0 0 0 0 0 1
train_jpeg/4afe7bd20999683f3751e22d8806ba4a 0 0 0 0 0 1
train_jpeg/23eebe20cbd984910f6e0360affeaac5 0 0 0 0 0 1
train_jpeg/2d9dbcfad0e6a4bfeae0c6fe1f780d98 0 0 0 0 0 0
train_jpeg/153fd46b282d26c98f85a5886214535e 0 0 0 0 0 0
train_jpeg/5350110c4e4b5e5a92ca3fda7b089afd 0 0 0 0 0 1
train_jpeg/c4b5b6a8a11ef80d6406f0c5b4732d36 0 0 0 0 0 1
train_jpeg/587528f7700a11f9cbeae13bc7c24bc8 0 0 0 0 0 1
train_jpeg/d79e29f792f1225d45994d75d624f8d1 0 0 0 0 0 0
train_jpeg/4c5bf28c7cdb9d7c5ac93c78bbd7bdef 0 0 1 0 1 0
train_jpeg/292e6548d3304aa3c3db579d7d6f775a 0 0 0 0 0 1
train_jpeg/66c6b9608a953a705058e207efce2976 0 0 0 0 0 1
train_jpeg/d78482526bef549cc51d8f7f86d4da9c 0 0 0 0 0 1
train_jpeg/30591db0c5eab4252c5bb1eff6ad98af 0 0 0 0 0 1
train_jpeg/c2209aca8dc71cfeba0ac0f9ad5f0f45 0 0 0 0 0 1
train_jpeg/4b834fbd379561bd3ee481db6420cb35 0 0 0 0 0 1
train_jpeg/5999e9610932a293d57fa921d4a4905c 0 0 0 0 0 0
train_jpeg/6239478bf2803a285a55051f24fc1c5d 0 0 0 0 0 1
train_jpeg/602f124345cdb802ee59a8b2e6199873 0 0 0 0 0 1
train_jpeg/bb8187ca6bfc5609cfdd4a0ac861e4c4 0 0 0 0 0 1
train_jpeg/21e14e9b837be036c1ca616888d50a03 0 0 0 0 0 1
train_jpeg/3a59363995006fd88ee83584b1e3f6e7 0 0 0 0 0 0
train_jpeg/a838e79ba2e9716bc790a76f7ae1c94e 0 0 0 0 1 0
train_jpeg/1148a27d6ea1ec7669de022fe2480890 0 0 0 0 0 0
train_jpeg/99e04176b7c2678ccc878cf81c12f9d4 0 0 0 0 0 1
train_jpeg/ccfda43a5267e0aa923d8a199baafbd2 0 0 0 0 0 1
train_jpeg/f6e59f1f95016d13f75bad536b8e2af5 0 0 0 0 0 0
train_jpeg/0e117be65f091eef126fe3e5c68a187a 0 0 0 0 0 1
train_jpeg/639a44bdf6f3cfe5d05f96683604e758 0 0 0 0 0 0
train_jpeg/6c25c453db4c1cdf8c0a1db6f4e54757 0 0 0 0 0 1
train_jpeg/256b0ad89e73b03f15635e647c2bdb02 0 0 0 0 0 0
train_jpeg/9df6fc705f64aff96686f44fdbf9d73f 0 0 0 0 0 1
train_jpeg/d2c98913aecf7f9b3e4b969a031d28bf 0 0 0 0 0 1
train_jpeg/451dc73713a903ea09bb57cd6ba5639a 0 0 0 0 0 1
train_jpeg/47f94c0c75fdc7656a012d710bdc806e 0 0 0 0 0 1
train_jpeg/e5a6825407439b31e234e69989ccd542 0 0 0 0 0 0
train_jpeg/d5203efda6708309bae1c60534f16192 0 0 0 0 0 0
train_jpeg/c55180585712f9450f731270cb881511 0 0 0 0 0 1
train_jpeg/1d74c92a1e6adfcb63162f9b72edfc56 0 0 0 0 0 0
train_jpeg/dfd93de6c5c7576bb88212fd68b61f89 0 0 0 0 0 1
train_jpeg/b107d65f0d34e374018804bfc7c78065 0 0 0 0 0 1
train_jpeg/5117b7fcc46929b526163f2851357ab0 0 0 0 0 0 1
train_jpeg/70485d0ffe6e2b1d90b6127c5c023f18 0 1 1 1 1 0
train_jpeg/3ffe3bcf96ad33f1d612b24e4a35a38d 0 0 0 0 0 1
train_jpeg/fa01f17d4e4ffc5f8e3de1af2fd282f0 0 0 0 0 0 1
train_jpeg/f887788825f5004145c4b29efa89fbc6 0 0 0 0 0 1
train_jpeg/373bd5fc47c8eabdefd4c313121c1d42 0 0 0 0 0 1
train_jpeg/f3e2acc29575948204c9bf9df9289de4 0 0 0 0 0 1
train_jpeg/5495c10794cb7b637d5b4312d076efa5 0 0 0 0 0 1
train_jpeg/9870bcb3e4c078c7ed4c8b0cf61bf6ff 0 0 0 0 0 1
train_jpeg/c47bf1efb40dc9e8eb8975abcb539ab8 1 0 0 1 0 0
train_jpeg/56a510efae9f88727958a953dee94ef1 0 0 0 0 0 1
train_jpeg/8aa77ccf597b6ad2ce2a6653f62e26b5 0 0 0 0 0 1
train_jpeg/ac3ee36ca1334f477f6ac48ec8f3c5d8 0 0 0 0 0 1
train_jpeg/da0364cb98ded8ccbdea0d70fc8fa38c 1 0 0 0 0 0
train_jpeg/879e640a3bab4f29a77a85a6a5cf226c 0 0 0 0 0 1
train_jpeg/6cd2e0058fba5ae66b100f3e3d87c0cd 0 0 0 0 0 1
train_jpeg/69cb46ac057f1c04cb0a582fcf2f8b96 0 0 0 0 0 0
train_jpeg/f23d1246e2273b105f867e8a7c3adeee 0 0 0 0 0 1
train_jpeg/46b68ee414b81b8920c646debda1317f 0 0 0 0 0 1
train_jpeg/e45bde725b7758e8fd27e78d339f1c0b 0 0 0 0 0 1
train_jpeg/708e9255eba0c7279a625e6eb817f6d7 0 0 0 0 0 1
train_jpeg/75cd0aed97ea35d95afc1f408457294e 0 0 0 0 0 1
train_jpeg/7bd83b3d3af0ea8150c8f2a737712db1 0 0 0 0 0 0
train_jpeg/bd88a33ada7f70bf1fcc8663971a8b2c 0 0 0 0 0 1
train_jpeg/49448f6958c234a27ea72e62d8e78d72 0 0 0 0 0 1
train_jpeg/5869fc566e6cf8443a772d649887c63e 0 0 0 0 0 1
train_jpeg/96dff23cc33d02208436e5fe1471ddee 0 0 0 0 0 1
train_jpeg/7d0e636b3ef2ccbb0c67b3243a1478ce 1 0 0 0 1 0
train_jpeg/00bcb82818ea83d6a86df241762cd7d0 0 0 0 0 0 0
train_jpeg/984eb08cf4ca58a11f5697abca38a1d0 0 0 0 0 0 1
train_jpeg/fb14e1b207e0ee66ed2e3179323091a8 0 0 0 0 0 1
train_jpeg/82c698a75d34ce3565c446a5270d136e 0 0 0 0 0 1
train_jpeg/93da74ab74e53d90f7cd3a79c5b2d78d 0 0 0 0 0 1
train_jpeg/cf8880232b3dcf3493a2b19ee2ed5167 0 0 0 0 0 1
train_jpeg/09376dd7b6deaec0aaf1a2feb7833245 0 0 0 0 0 0
train_jpeg/26c9b63d214aa135b27718342c805f36 0 0 0 0 0 1
train_jpeg/f89667b79d3858d6064f49b5fb203800 0 0 0 0 1 0
train_jpeg/5d212125a83c146fe00cbbbf34562cd8 0 0 0 0 0 1
train_jpeg/3af57464c92c7fa06dc433198ed68e86 0 0 0 0 0 1
train_jpeg/e88addf3e1354820d8b1a4b42083188c 0 0 0 0 0 0
train_jpeg/6c25c453db4c1cdf8c0a1db6f4e54757 0 0 0 0 0 1
train_jpeg/a83a592882c4d218a715673ee31cc5fb 0 0 0 0 0 0
train_jpeg/def03f80d3b78a52a6f9af13565343ff 0 0 0 0 0 0
train_jpeg/81f692968d9e5a26171072b634f6415b 0 0 0 0 0 1
train_jpeg/f5e9dfd1253bf6691e9cbbc9540b5ed0 0 0 0 0 0 1
train_jpeg/89d4a88b244a0a0d67c9aae4f597f6fa 0 0 0 0 0 1
train_jpeg/eea2d38f25bbee2095457fff9b8b2200 0 0 0 0 0 1
train_jpeg/a8db71e482a4dc2e83a1f5eecd9568cc 0 0 0 1 0 0
train_jpeg/ceb4c84420bf3e4ac5e79dac13435ef9 0 0 0 0 0 1
train_jpeg/688e87e2e7257d71b48cacadbe4ae139 0 0 0 0 0 1
train_jpeg/96e5aa6409c3f223eb607e831553d18a 0 0 0 0 0 1
train_jpeg/4b074c4182d4d43ff94d2378aad17a7e 0 0 0 0 0 1
train_jpeg/0f5f23a027345ba0f0a63f1eca460b0c 0 0 0 0 0 0
train_jpeg/1d2c0ac10d4b141cda8b549c34848b4f 0 0 0 1 0 0
train_jpeg/51cce256c4d5b81a6b65a24cfe7b3ba2 0 0 1 0 0 0
train_jpeg/a2d8804d3d08a2afb75dd9e6fbb53010 1 0 0 0 0 0
train_jpeg/bd7a9b6d834cfea362de14239e126dbd 0 0 0 0 0 1
train_jpeg/a5684993d040dee61d5bb0fa9d47e7af 0 0 0 0 0 1
train_jpeg/1a7d3bcc0461a5ca3a768bc1869c4ce2 0 0 0 0 0 1
train_jpeg/7bca9e4aa6b3a8786fcb6443bd5d7d0e 0 0 0 0 0 1
train_jpeg/b2d8c14b3a4efc8017572c6c228ee2b6 0 0 0 0 0 1
train_jpeg/b29294e12f7aacc8f31ffa0f13959c3a 0 0 0 0 0 1
train_jpeg/b39a285d468234c4934c6d5489727fa2 0 0 0 0 0 1
train_jpeg/6b3c9e72ced5b7a5f40029e034ab6cba 0 0 0 0 0 0
train_jpeg/76fb116b28162859a0d96dc0bdb28203 0 0 0 0 0 1
train_jpeg/909ab0321cdc507243c58b1f95ef55bf 0 0 0 0 0 1
train_jpeg/65dfd8ef3a4201185c6fd6e9135cb20d 1 0 0 0 0 0
train_jpeg/4b6752c0ebd284da8a991395921abfaa 0 0 0 0 0 1
train_jpeg/8e36ae96a199bbaea285e074edde991a 0 0 0 0 0 1
train_jpeg/f5c9c0d846aaaa1dc73a59fa772b96f2 0 0 0 0 0 1
train_jpeg/1990c7fbf357c2f77321b07c706d7c0d 0 0 0 0 0 1
train_jpeg/6fb9945498b3eee49e1eee600e78e9a4 0 0 0 0 0 1
train_jpeg/3dfb420f4634c36fde566f04e6d69651 0 0 1 0 0 0
train_jpeg/140b60eeeb9546c76310f06e9284990d 0 0 0 0 0 1
train_jpeg/0424e80c4f0cae6ea9e65efeed75d5d0 0 0 0 0 0 1
train_jpeg/db30e6a7a66927f57bf3cbfd440e377a 0 0 0 0 0 0
train_jpeg/385f2129e57dc69626fb3a2bda8ecfa5 0 0 0 0 0 1
train_jpeg/c4a330dbf5845a6f53f102eb3cd771e0 0 0 0 0 0 0
train_jpeg/aa4967723d612b7a472de37b43695b8d 0 0 0 0 0 1
train_jpeg/90b654cfde4741fa44f9e1161262996e 0 0 0 0 0 1
train_jpeg/5cc6a7ae37db51da2957731606922867 0 0 0 0 0 1
train_jpeg/86e82c39c30d3440b34fa370c3b60959 0 0 0 0 0 1
train_jpeg/f3a84940a5a63947852fd915062fed1d 0 0 0 0 0 1
train_jpeg/5a58e4e711cccb78407ae86820d643d0 1 0 0 0 0 0
train_jpeg/c7420d0f97c166eb21091233673febb4 0 0 0 0 0 1
train_jpeg/cdec18e6b510cd8bce4f881275e0878f 0 0 0 0 0 1
train_jpeg/65bd1072be873969717b15d828eac42b 0 0 0 0 0 1
train_jpeg/e8e156cb72915d27ecb36bbf0454eaeb 0 0 0 0 0 1
train_jpeg/c1827af71217e9e543d3fe31e92da292 0 0 0 0 0 1
train_jpeg/7ed01df33497667609ef5a2585b5e36d 0 0 0 0 0 0
train_jpeg/55e76d25542c80eb46184eb9e62a26f5 0 0 0 0 0 1
train_jpeg/e0f950fd8305e0be7090868f30906594 0 0 0 0 0 1
train_jpeg/af0ba1f4848e2b8a185a867de1257222 0 0 0 0 0 1
train_jpeg/a1720873fde30e8b3dab6b5157e58e70 0 0 0 0 0 0
train_jpeg/bb39350ab564d44de74b77ad863a8ae6 0 0 0 0 0 0
train_jpeg/c36e768eae71d51ac540131145d4c101 0 0 0 0 0 0
train_jpeg/9729cabc3ab329f6403d421c5a0e2a5a 0 0 0 0 0 1
train_jpeg/070d372757bfbb0cee7d68fd50369fc4 0 0 0 0 0 0
train_jpeg/675d4dfbc02d948b3be479815f560c2e 0 0 0 0 0 0
train_jpeg/1d914edeb3dc33407c223fc43b6c46f1 0 0 0 0 0 1
train_jpeg/6d97962c2b2e8d905451c3222fd828be 0 0 0 0 0 1
train_jpeg/26d753574ab2e8477d69d00b2a1459ed 0 0 0 0 0 1
train_jpeg/c2f340de4f20bf04c2f5cce2d6a55587 0 0 0 0 0 1
train_jpeg/857e10e6ba1ec2b72f23f3396a2e000e 0 0 0 0 0 1
train_jpeg/88faadc8af18f6929020897608c2ebed 0 0 0 0 0 1
train_jpeg/c837c5bfbeedca68690f51b2e07aaabd 0 0 0 0 0 1
train_jpeg/5542efeffecbdee00a582094198f90e8 0 0 0 0 0 1
train_jpeg/e63d6b06b0503ba996ed9d47e08e06ba 0 0 0 0 0 1
train_jpeg/edb7ae37883dc898eef6a4ff94dcb728 0 0 0 0 0 1
train_jpeg/9b073559492a961b9095f6cb30ac8fd1 0 0 0 0 0 1
train_jpeg/1cb2f31d6914dbb6550d2ed5538fc184 0 1 1 0 0 0
train_jpeg/ca300a7c90492a6f03220a3f9efe7c4e 0 0 1 0 0 0
train_jpeg/6fb9945498b3eee49e1eee600e78e9a4 0 0 0 0 0 1
train_jpeg/ce9a36cacc3414d23fc4eab451bd8ecb 0 0 0 0 0 1
train_jpeg/62c14fe41339b118b7fa4a0bb569f3f9 0 0 0 0 0 1
train_jpeg/8ac12a69ad57ca73535e04b6cfba5edb 0 0 1 0 0 0
train_jpeg/f2d9d665881a6ed0205a50154cbfdea6 0 0 0 0 0 1
train_jpeg/1245f853816564c0ee3f1b9e93521ff0 1 0 0 0 1 0
train_jpeg/5dbd07d98fe5a1ad7d8b0ae0ad893de4 0 0 0 0 0 1
train_jpeg/7ff5bb38db13ea89a27681c6dcf59b55 1 0 0 0 0 0
train_jpeg/928730d4fe3e0de0801bfd540dd839ca 0 0 0 0 0 1
train_jpeg/0e49606d0861fc8c8d797efb580c32d0 0 0 0 0 0 1
train_jpeg/6657521efe526b165a93b270b2e9b513 0 0 0 0 0 1
train_jpeg/86dbe6128679f9c5752c1c82d040caa2 0 0 0 0 0 0
train_jpeg/adfe90c34b98624c05f71c12dfe963d1 0 0 0 0 0 1
train_jpeg/8f4a6323f8001cb8628229ad71fc6988 0 0 0 0 0 1
train_jpeg/619ca3842430e97bdd23bae5b5322891 0 0 0 0 0 1
train_jpeg/5576d293dfccbc926d92d3ec0d20b9af 0 0 0 0 0 1
train_jpeg/086a51e48347510728864ffed276ec1f 0 0 0 0 0 1
train_jpeg/c11ee2ccaab6e2007b776878c1c06121 0 0 0 0 0 1
train_jpeg/57e37e82484254e6826397247ac940d1 0 0 0 0 0 0
train_jpeg/9e63db3c1b443ca561e426b798096b8f 0 0 0 0 1 0
train_jpeg/6b8bb3a6cc110df0f2e182c1db0b4b21 1 0 0 0 0 0
train_jpeg/9c0b694e2e4234c6dc7b6acde3251996 0 0 0 0 0 1
train_jpeg/82d5f09eac7d3abea784450255fddc78 1 0 1 0 1 0
train_jpeg/e58d508f7915d3ada6edb4d88dc1f5f7 0 0 0 0 0 0
train_jpeg/67774fc1cb6a67f8af5e43491717710f 0 0 0 0 0 1
train_jpeg/3fd3aa2d64f365c666ce7de3d5352226 0 0 0 0 0 0
train_jpeg/df1fd0c37d5f245799db4baf4af5256b 0 0 0 0 0 1
train_jpeg/3c575820f8e42502a95a7a011e85a0d9 0 0 0 0 0 1
train_jpeg/8b408dd88f79f77d19a9bb800389410f 0 0 0 0 0 1
train_jpeg/b8d56d0b4e05be0d8563b5c848437f07 0 0 0 0 0 1
train_jpeg/8dc09b22857d8b78f1d46e6ac6fd898c 0 0 0 0 0 1
train_jpeg/6a6d716b650b15a1babbcd82ca95d76e 0 0 0 0 0 0
train_jpeg/7f35a204a7aaf183097ddf26e4787e71 0 0 0 0 0 1
train_jpeg/19e52ebffd475ed05b3da85179bf33e8 0 0 0 0 0 1
train_jpeg/6ed00537ef9858ef4cbddbf83d7931c2 0 0 0 0 0 1
train_jpeg/30591db0c5eab4252c5bb1eff6ad98af 0 0 0 0 0 1
train_jpeg/f6306d0752c00d1271b36ae4d3b9ddda 0 0 0 0 0 1
train_jpeg/3d100048eee5507768634d2733c59b6a 0 0 0 0 0 0
train_jpeg/626faf5e1e69bf5057412d8ae86660e3 0 0 0 0 0 1
train_jpeg/d07fc23907af771d70b92ffb8403d54d 0 0 0 0 0 1
train_jpeg/13776ecb39222a7aaace2d9721abebbe 1 0 1 0 0 0
train_jpeg/393877b097eb1f53bd47f7a8747bb7a2 0 0 0 0 0 1
train_jpeg/319898ffd1c507946fc42c61e9d13ba7 0 0 0 0 0 1
train_jpeg/dc647835b8eec7215b23ec2ae590a59f 0 0 0 0 0 1
train_jpeg/31bdfdc7f6e09f2df77cefac8e857518 0 0 0 0 0 0
train_jpeg/8b1beee6ae2a00d5a98483e50c7ac0f2 0 0 0 0 0 0
train_jpeg/9340b8c8362e2734af5bf9edecf6efac 0 0 0 1 0 0
train_jpeg/555271abb64a5beb8d76edf6ac87f318 0 0 0 0 0 1
train_jpeg/189e409214f5a4639d821a34064d9140 0 0 0 0 0 1
train_jpeg/a27fc2bf0a8b0129dd62c2cf59b712ee 0 0 0 0 0 1
train_jpeg/b2df3c7adbabc1dfe92f13bc9ba744ef 0 0 0 0 0 1
train_jpeg/bdf9b658a14af92ba69ea594103c2e13 0 0 0 0 0 1
train_jpeg/03ac68dac6f0e4db18f2e74b3a2ae751 0 0 0 0 0 1
train_jpeg/ce84d3c401780408a54c9a8e17d7a8eb 0 0 0 0 0 1
train_jpeg/59087204d2f93c8d2613e6e2fe672c9b 0 0 0 0 0 1
train_jpeg/06efcd37617307118fd48b3a493c133b 0 0 0 0 0 0
train_jpeg/b1983a1be904bc3d7c5cdf21e249e36e 0 0 0 0 0 1
train_jpeg/a561db26fb599aa9b36ea4c3f34cfa8e 0 0 0 0 0 1
train_jpeg/a6767d3da4bdda5bfe5c2017404651bb 0 0 0 0 0 1
train_jpeg/575c1973c2d617658508d18d94bc2ffa 0 0 0 0 0 1
train_jpeg/d33e0494ff0e35fcda857261f57c2547 0 0 0 0 0 1
train_jpeg/f629fda93a2c6bcebb4f6bb2f19ed417 0 0 0 0 0 1
train_jpeg/30732ad387fb4f2429a6c5b965910869 0 0 0 0 0 0
train_jpeg/b5a3de338d33d96e3bfa129f7a4172ca 0 0 0 0 0 0
train_jpeg/0fa646e920286af9f1496ca1e7b5c8be 0 0 0 0 0 1
train_jpeg/a3bfbb4256b76bd139f3182932e70c52 0 0 0 0 0 1
train_jpeg/b59cec71b2f090368b6582070814e791 0 0 0 0 0 1
train_jpeg/c399b71d7f853206cdf9bfa916252b4d 0 0 0 0 0 0
train_jpeg/fb73232953e52c7b01d26681f5094b39 0 0 0 0 0 1
train_jpeg/0dd8ef01229d7509562e1ef1dc92953b 0 0 0 0 0 1
train_jpeg/a19a21ec280299bbff94db032c7bbf05 0 0 0 0 0 1
train_jpeg/89c2a2ceb6ecf060afecbd7ed85fd24d 0 0 0 0 0 1
train_jpeg/becd8d15ae3ddb29c9a8ee29c3a5e695 0 0 0 0 0 1
train_jpeg/1f1cb91f0f44ecb45aec9994caf2938a 0 0 0 0 0 1
train_jpeg/b02ba01faa0de8e8f8fef2487923b42c 0 0 0 0 0 1
train_jpeg/7d99044b9f2dc42f674600c8139f0652 0 0 0 0 0 1
train_jpeg/3fe84525d96007adc0027d218c64e234 0 0 0 0 0 1
train_jpeg/d45771cb8e0893fafe8a39ea63a04a6d 0 0 0 0 0 1
train_jpeg/32cb870fd424ffc2a3f343b172da1133 0 0 0 0 0 1
train_jpeg/1fce42f55a0de66eb161fc831cd33cc3 1 0 1 0 0 0
train_jpeg/b3ed6fe9763f5d42da7cb8f5c045d160 0 0 0 0 0 1
train_jpeg/1d8b142c4c168ce0317f32f1ba6bf55d 0 0 0 0 0 1
train_jpeg/b80956eb741c1e5c10ca8dab9ac46767 0 0 0 0 0 1
train_jpeg/673f5442a2c3f1b012fcb0efa77527af 0 0 0 0 0 0
train_jpeg/2e8298b8075f4bfad421b6a97a0b0d8a 0 0 0 0 0 1
train_jpeg/2ad18a594cbaf3c6d6145a7775829554 0 0 0 0 1 0
train_jpeg/024ce202d752d81d45df640b67f51d5f 0 0 0 0 0 1
train_jpeg/60679b51d403a3a1fc020a0a86fedd8d 0 0 0 0 0 0
train_jpeg/2e14a1d545fe84fb87891640ba990781 0 0 0 0 0 0
train_jpeg/6f0231d5ec13130df2de4cf1a4541a15 0 0 0 0 0 1
train_jpeg/9f006d9ef6436bb178b81edfbcc43679 0 0 0 0 0 1
train_jpeg/f18efbc5f0e380cf80f8c07d7c139e64 0 0 0 0 0 1
train_jpeg/d5e37f977eb0774ed01dda67ba31adb2 0 0 0 0 0 0
train_jpeg/9dc06dc651df290e2f3cd30ac1513c7e 0 0 0 0 0 1
train_jpeg/cf7d44685ac3a9566e53d665efe1ee28 0 0 0 0 0 1
train_jpeg/eacc53e9f724bd51a38d76306e6db8d2 1 0 1 0 0 0
train_jpeg/3d6c4bf64358a344f014327d3acec7d5 0 0 0 0 0 1
train_jpeg/990100555b4fe76dfdd55171e8fcc8a9 0 0 0 0 0 1
train_jpeg/3e02670c9c691dbbd7f9aaa851bb70ae 0 0 0 0 0 0
train_jpeg/b9e484fa14cf5877736daa59b2ce2b24 0 0 0 0 0 0
train_jpeg/194948df6c373e542f180aabe09894e8 0 0 0 0 0 1
train_jpeg/c47d248c49d70684d8638910c126ccae 0 0 0 0 0 1
train_jpeg/688061c46a310e823d2b0a498729f316 0 0 0 0 0 1
train_jpeg/703a96532637528e3aafb5f5668186cb 1 0 0 0 0 0
train_jpeg/4645e78e996e7180631441f98765fabe 0 0 0 0 0 1
train_jpeg/8f7efcc6cd39b2236c46adc146ad4b9e 0 0 0 0 0 1
train_jpeg/34fa4687fe0cb1a46f70f407ef9c134b 0 0 0 0 0 0
train_jpeg/45643319e6083d351cb4e9684bde069c 0 0 0 0 0 1
train_jpeg/3658f7b8ea8bfd1a1dfc1806f142da79 0 0 0 0 0 1
train_jpeg/7d746268923b15615c93334eff3a6baf 0 1 0 0 0 0
train_jpeg/f47483f452d7cb023479690d3cb338c2 0 0 0 0 0 1
train_jpeg/211ef732c6baa973b00909c60ccf63e1 0 0 0 0 0 1
train_jpeg/26d116886fd9c5318907330d26fdfce4 0 0 0 0 0 1
train_jpeg/151a8ce59aa6e414ee8a9c9d711cee61 0 0 0 0 0 0
train_jpeg/b91ea0ab0a8c5f5980249dceeaf341ca 0 0 0 0 0 1
train_jpeg/973a5e2551f614fee5fa69a2ca74c8fd 0 0 0 0 0 1
train_jpeg/1c572f5c1b3f2d9dfb23b48f25a7ace0 0 0 0 0 0 0
train_jpeg/b972510adf2f7a48c87ef3ab845c9401 0 0 0 0 0 1
train_jpeg/6284e06225c1bba8f413896721002e1f 0 0 0 0 0 1
train_jpeg/963872d05be710e5a6ad570cb216a3fb 0 0 0 0 0 1
train_jpeg/7b2cf1bd949076aafc9ea483aa7dae47 0 0 0 0 0 1
train_jpeg/0f7fb15a86f8ada0c84933a6523f22d3 0 0 0 0 0 1
train_jpeg/7c3eb59ae4e838ad4632fe96c25bcdf4 0 0 0 0 0 0
train_jpeg/6b0b6cc293b2b866bb9cacc2b6d18531 0 0 0 0 0 1
train_jpeg/30292747f6799a93b20e1f9e67be0c67 0 0 0 0 0 1
train_jpeg/2de3dbdd66d65a73c79cc1cfbc345e29 0 0 0 0 0 1
train_jpeg/9a0a228ce804b769d394f82d12d6f37e 0 0 0 0 0 1
train_jpeg/34ef081b36fc0930e2fc7d7e4c3bd1c6 0 0 0 0 0 1
train_jpeg/7c11b4c81ab766a9aa8e300ddc618084 0 0 0 0 0 1
train_jpeg/26e6b6009db476d5b90c4a7e279ba50f 0 0 0 0 0 0
train_jpeg/b7c7d2be58a4403ee78094c31bdfc616 0 0 0 0 0 1
train_jpeg/5e194561328ca9c3336e33297698d21f 0 0 0 0 0 1
train_jpeg/36e9f9bfa8b58837df27e836acac22a5 0 0 0 0 0 1
train_jpeg/7aeae4110d509875a693b23aa17bd9ac 0 0 0 0 0 0
train_jpeg/469999b0e3acee129f96aceaa99eba0d 0 0 0 0 0 1
train_jpeg/c0b2806d0baff57d885063624d744ac1 0 0 0 0 1 0
train_jpeg/a62197f08a9d755712d126c4c8c93541 0 0 0 0 0 0
train_jpeg/d79068eb77a5aa51eb57904fbfce1720 0 0 0 0 0 0
train_jpeg/c42997b00e59f4523788aa9fbe1f7526 1 0 0 0 0 0
train_jpeg/d142a0fed8a258c8093a0e0e9c4e48ce 0 0 0 0 0 0
train_jpeg/a4d4f7eac0de8e4c68d9a874b080adea 0 0 0 0 0 1
train_jpeg/751730c1b36932cedd1e7157639a7ca0 0 0 0 0 0 1
train_jpeg/fd9e829db017bf7d3750a815b2f34e89 0 0 0 0 0 1
train_jpeg/9ff1b4b5c1c0b2a7b272cbd8d05b3053 0 0 0 0 0 1
train_jpeg/8546bf5046e18c37bdb219c26b5d13cf 0 0 0 0 0 1
train_jpeg/7e771799f53cb06ea951e7909d3c6522 0 0 0 0 0 1
train_jpeg/ad7509d83d7cb53bd2f1f0081372af0b 0 0 0 0 0 1
train_jpeg/5e3fbd3cf75a49590a141e5aa5572137 0 0 0 0 0 1
train_jpeg/18fc09bdb6de7ca86c116d8d993b2a2a 0 0 0 0 0 1
train_jpeg/44340a3332c1364864dd4d9ae6fea977 0 0 0 0 0 1
train_jpeg/cd61bab9751a2dc321165c975901bb23 0 0 0 0 0 0
train_jpeg/2ff9a75c852526ba45eb78e55d11783b 0 0 0 0 0 1
train_jpeg/584f6ce26ec3796b1f7e2d93907830b1 0 0 0 0 0 1
train_jpeg/447ffd3522ec98af212bfbea80f54023 0 0 0 0 0 1
train_jpeg/d8220f2e082dae72b6db9b8a86637695 0 0 0 0 0 0
train_jpeg/34557d39d42d74a3355d509f340cfc8a 1 1 1 0 0 0
train_jpeg/c999cff23a9a70da2e14b5a8fd8de2a7 0 0 0 0 0 1
train_jpeg/45e4a17c1e5246e303bc1b2dd372bbad 0 0 0 0 0 1
train_jpeg/90a22a4fa6ce468d0ca8537aae8b7cd5 0 0 0 0 0 1
train_jpeg/37584307a3f57d7e3423a5fa95cff701 0 0 0 0 0 1
train_jpeg/bb6c5c14ec3550cf81d67c8298ea5f41 0 0 0 0 0 0
train_jpeg/49b7ff278bbb90999eda55aa26e494fa 0 0 0 0 0 1
train_jpeg/9935e5685b4477701b88139f182aa21c 0 0 0 0 0 1
train_jpeg/c5b91a5da65cbe88cd0e7c27b49cebde 0 0 0 0 0 1
train_jpeg/6ebeb63bc82c36b61deb81d59a0e17a1 0 0 0 0 0 1
train_jpeg/9c6749b3ef7e2726c71c7ba5035b3c07 0 0 0 0 0 1
train_jpeg/6191f214f0c53460baf9d9f16872a6d7 0 0 0 0 0 1
train_jpeg/bb0801fb6766d46397fa96ff03632a4b 0 0 0 0 0 1
train_jpeg/554226bc3c0d84ab8feca75f233a2f2e 0 0 0 0 0 1
train_jpeg/b147060dd3479892668f7a5e1a2e0cd1 0 0 0 0 0 1
train_jpeg/b2f119b4b46c8ca128b1287762d51fed 0 0 0 0 0 1
train_jpeg/6640b8464f79197f34bafd9ea74422fd 0 0 0 0 0 1
train_jpeg/99e5fe4fda527e3dcade7151d0f7fdff 0 0 0 0 0 1
train_jpeg/4325459899364084f6d63bcbee5c586e 0 0 0 0 0 1
train_jpeg/558c3e15491820e858d4df609fac95ae 0 0 0 0 0 1
train_jpeg/eddb92f17c33dccfc0570afd514bad73 0 0 0 0 0 1
train_jpeg/ba33d7cc23010fe4295ed579cbc6e611 0 0 0 0 0 1
train_jpeg/8c1530d871c3dbc19cfa13f055661411 0 0 0 0 0 1
train_jpeg/6480b6c219bbe0ffd852a83765aac20f 0 0 0 0 0 1
train_jpeg/6bc1897634bbb80696b33e3ad978d381 0 0 0 0 0 1
train_jpeg/80234017eb6caeada9e14d421eb0b8f8 0 0 1 0 0 0
train_jpeg/6a31bb9432012fe6afec634c68b623ab 0 0 0 0 0 1
train_jpeg/abffa843a8032bc9d0fd85b85ee99ca3 0 0 0 0 0 0
train_jpeg/f79600688fab0a766bc086be549bf78b 0 0 0 0 0 1
train_jpeg/61f1b63d57ebeda7057f052360cd7810 0 0 0 0 0 1
train_jpeg/b0c864383456481d8525d26a0fa1422e 0 0 0 0 0 1
train_jpeg/fca6c1b549ef5dacbdd009e188cc65b5 0 0 0 0 0 1
train_jpeg/a568014f989b9b9758bb6ab7aaec693f 0 0 0 0 0 1
train_jpeg/89297f7803c6d2d9620f3dfe14a2a358 0 0 0 0 0 1
train_jpeg/fce8ed512837977d28876bd24e3f8c85 0 0 0 0 1 0
train_jpeg/24b3b89454ece6db0ba1a5cb83f3421a 1 0 1 0 0 0
train_jpeg/c65a926ea060e239e8ca8c40eef568c9 0 0 0 0 0 1
train_jpeg/b3d1828a0118052ebe4f977084c77693 0 0 0 0 0 1
train_jpeg/bbfd259b6807548fb2bdabbabeb15d53 0 0 0 0 0 1
train_jpeg/0108949daa13dc94634a7d650a05c0bb 0 0 0 0 0 0
train_jpeg/b07c18c9b41f336024fb41617da7901e 0 0 0 0 0 1
train_jpeg/c41f9e2dd4f6b5524d93b3229085b26c 0 0 0 0 0 1
train_jpeg/4345be313f4d62bb6b2a56feefe891e7 0 0 0 0 0 1
train_jpeg/5376ff68b27e97b653b521a5470b7fdd 0 0 0 0 0 1
train_jpeg/a8712873fe9accd992e9b306cf2d1f25 1 0 0 0 0 0
train_jpeg/24b77560428d23bcaf7c06a536fbb287 0 0 0 0 0 0
train_jpeg/2da397f355747dff221c86d9d6eeed87 0 0 0 0 0 1
train_jpeg/5cbf1220606242111b9d4c6754c71777 0 0 0 0 0 1
train_jpeg/6050622a86b435dfc6ef081a3683cd78 0 0 0 0 0 1
train_jpeg/d7f4d8b0a084acd747beeee304ce40f4 0 0 0 0 0 1
train_jpeg/2c45dbb9ad6121bdbebbcf6ae4e0933a 0 0 0 0 0 1
train_jpeg/bd59874bcc0d7a297901f541d6dc85c8 0 0 0 0 0 1
train_jpeg/53cc2213fa45ed495b6a724458d47b05 0 0 0 0 0 1
train_jpeg/f3adcfd01d642fb478c008211b135c12 0 0 0 0 0 1
train_jpeg/be5348ab7e578f06a773184754de816a 0 0 0 0 0 1
train_jpeg/ee47fd39217a0d25550cb6b9badd3ee2 1 0 0 0 0 0
train_jpeg/1406af2d31790c267b8b17d301ff1ab3 0 0 0 0 0 1
train_jpeg/9a5a33a4bbeaa3e7ac58dd6b88c202e9 0 0 0 0 0 1
train_jpeg/5b1dc838b4aa03455d6895553ea3834b 0 0 0 0 0 1
train_jpeg/4334f287e7a843348a24c4dfa9718d6f 1 0 0 0 0 0
train_jpeg/1ad2d9c6def81b7e8beacded24a06853 0 0 0 0 0 1
train_jpeg/4bbfa8505b7fbc0685c14d1003763f9e 0 0 0 0 0 0
train_jpeg/9896c5404b9b37acf8193b1e22c98a15 0 0 0 0 0 1
train_jpeg/d4573dcdd0c4c1ba4db6c952ee2ad41c 0 0 0 0 0 1
train_jpeg/f1e7feabd0d43dc3d823995002eb6cd7 0 0 0 0 0 1
train_jpeg/4c7d33b4c5bf485af4df30bb8500a002 0 0 0 0 0 0
train_jpeg/41a3987fef185ed06ea962df3493f57a 0 0 0 0 1 0
train_jpeg/eab57c526a617da691b80234ed8ee9d9 0 0 0 0 0 0
train_jpeg/dbbc06558a408f0a0ab5dce639e514b6 0 0 0 0 0 1
train_jpeg/464c4f4d94d999777e09aca18e381926 0 0 0 0 0 0
train_jpeg/8c22b37c81902d8c42fec5b9363f79bd 1 0 0 0 0 0
train_jpeg/3fec185dc5672de87eb58712a241e02e 0 0 0 0 0 1
train_jpeg/59adbe1e67fc3940b3b2e62883154b05 0 0 0 0 0 1
train_jpeg/a7f9c65263578dbf6a92a2157b8627c9 0 0 0 0 0 1
train_jpeg/72c5f2b4f158580129b2508a853c3439 0 0 0 0 0 1
train_jpeg/9f4d59945cb1bc2f3dd51754a5943e3c 0 0 0 0 0 1
train_jpeg/c47f990c77a3f3bf4096cd28b557cb0b 0 0 0 0 0 1
train_jpeg/83ead8dbc31cd2bbe0ddc8a93c071520 1 0 0 0 0 0
train_jpeg/27d376021700fdc9efccbcc2c93a8d15 0 0 0 0 0 1
train_jpeg/5d911ff93f3820e66d76ffe822300426 0 0 1 0 0 0
train_jpeg/96151d76b7654e7ee86045acfe659521 0 0 0 0 1 0
train_jpeg/5dd4285ef3206e6de7cb4f8c040e88b3 0 0 0 0 0 1
train_jpeg/65e9c983b94490a5a11f07d404659585 0 0 0 0 0 1
train_jpeg/d8985fce9c13cc806c68bd6b98843a8f 0 0 0 0 0 1
train_jpeg/f24fba1daaf6734ff6cb7aca3edea73f 0 0 0 0 0 1
train_jpeg/7509ef4c57b39604d5c6acd92c66ead8 0 0 0 0 0 1
train_jpeg/357bbc11dd68858759437dceb094c58d 0 0 0 0 0 1
train_jpeg/b34ee3a0c652dc8b310e0000ad73c81b 0 0 0 0 0 1
train_jpeg/ecce24df48ffadc82e635c279a18c622 0 0 0 0 0 0
train_jpeg/098d7923f09b8f6f163143ad97dacc12 0 0 0 0 0 0
train_jpeg/a1aaab69be8475b3be2f052ebf618eeb 0 0 0 0 0 1
train_jpeg/954ba15a1e8ab492c5b7ddfc2a48653e 0 0 0 0 0 1
train_jpeg/25c342addb22487b245ba09784e3efc9 0 0 0 0 0 1
train_jpeg/0ab324eecf351387034be4da9faddb07 0 0 0 0 0 1
train_jpeg/989d4c50abad1ca221eed512f9304b77 0 0 0 0 0 1
train_jpeg/f10143e3eb341eac01909c339a5cf01f 0 0 0 0 0 0
train_jpeg/388e7b4cb81983b0053547dc5b7e3bb7 0 0 0 0 0 1
train_jpeg/23131626dc183b20262da386d09fb1c1 0 0 0 0 0 1
train_jpeg/e645d9985d6afaacf2722b9c82b2c9c5 0 0 0 1 0 0
train_jpeg/710a87084a35599d205078cd06328357 0 0 0 0 0 1
train_jpeg/c2ab6b85e69e76bb848992caf649e405 0 0 0 0 0 1
train_jpeg/7fbdcc98dcb6e88187cf7461af6d2d61 0 0 0 1 0 0
train_jpeg/1725b46578ff86f1a8d21b10d4d4699a 0 0 0 0 0 0
train_jpeg/138a772eb7df90fb619f598f958d3c09 0 0 0 0 0 1
train_jpeg/caf695e686f3fd22b1717f02e3628407 0 0 0 0 0 1
train_jpeg/258b0025af766aa2a485e3221da4b46e 0 0 0 0 0 0
train_jpeg/65a0c8dffe977ae628d0622875078a1f 0 0 0 0 0 1
train_jpeg/e6342a1f639b8731bb833a9709455ec6 0 0 0 0 0 1
train_jpeg/c9c761e1d3bf899273a06ca2e24610ef 0 0 0 0 0 0
train_jpeg/05ba77b1cf87cd4597d988581f269b44 0 0 0 0 0 1
train_jpeg/b7eab35e9770936663a46519b12e52d0 0 0 0 0 0 1
train_jpeg/1547a22e323240aa623eaa8dcf86d126 0 0 0 0 0 0
train_jpeg/80566fdc49f6da7e1a3e5f69bda6d299 0 0 0 1 0 0
train_jpeg/bee0a17bc4809761b82b39cb3dd9508f 0 0 0 0 0 1
train_jpeg/0db907ff35f16c60a0a4aeabea20dd63 0 0 0 0 0 1
train_jpeg/38b97efbca19ea22d60a2dd91a27e257 0 0 0 0 0 1
train_jpeg/e9e7e1adf2a1ac448664c7e87f5fe739 0 0 0 0 0 1
train_jpeg/fcf343f7991ed6cddae630502922296e 0 0 0 0 0 0
train_jpeg/56e20d0fd42340b7d9e10a381a5bcd5b 0 0 0 0 0 1
train_jpeg/80ece1d25930da6f8fa85e3c9f79fbcf 0 0 0 0 0 1
train_jpeg/86d9b86fe05cf159ca827fad05736c4d 0 0 0 0 1 0
train_jpeg/ac84f263701e0d8668a47ac3e59e4e48 0 0 0 0 0 0
train_jpeg/df413bc0dcc768dc30caf1cd8f30868d 0 0 0 0 0 1
train_jpeg/b4ed7fedb5fd04e7a72bf8bc2f8aa91c 0 0 1 0 0 0
train_jpeg/6cbdc71410309c03dd894fa3470f7b8d 0 0 0 0 0 0
train_jpeg/8bcd602b07d94382261af4af2e807988 0 0 0 0 0 1
train_jpeg/ac3ee36ca1334f477f6ac48ec8f3c5d8 0 0 0 0 0 1
train_jpeg/2998cdc708e79055543eb95842261f57 0 0 0 0 1 0
train_jpeg/f57479fcccd0791b02e91a2657052644 0 0 0 0 0 1
train_jpeg/d925309691e7929d905eaa42f081833f 0 0 0 0 0 1
train_jpeg/b1e31fb059b5a49bb70bb4f274c56841 0 0 0 0 0 0
train_jpeg/051c2436c0acdb5e09d085c7e4a764f3 0 0 0 0 0 0
train_jpeg/be66657e907a732207237b75b7e105c4 0 0 0 0 0 0
train_jpeg/3ea8bc6bac5cf5cd5a80cd1b93afa2b5 0 0 0 0 0 1
train_jpeg/1071b3b85121012c5061894bf3b8704b 1 0 0 0 0 0
train_jpeg/300c691ccde48d55c40f93dd9cac64fa 0 0 0 0 0 1
train_jpeg/c629227a85e266f4901f1c298c0cad7f 0 0 0 0 0 1
train_jpeg/3b887c0550e9722c9b86b7c22ad09e11 1 0 0 0 1 0
train_jpeg/5fae9bc4a7a2eb5c07eae71ce2ecce5b 0 0 0 0 0 1
train_jpeg/4cf7b1c0c4b461a087a80ce57491b579 0 0 0 0 0 1
train_jpeg/78ac03ab2cd9f2e9c7b081761f44f665 0 0 0 0 0 0
train_jpeg/abb91ea11323c89870f302a4b31ddb73 0 0 0 0 0 1
train_jpeg/38050fd73727ad288cf923b5156709e2 0 0 0 0 0 1
train_jpeg/064023f1ff95962a1eee46b9f05f7309 0 0 0 0 1 0
train_jpeg/69a4d903825c0759277118ec1c5efe9b 0 0 0 0 0 1
train_jpeg/07d004fabfd7246f9ed4283dd5237deb 0 1 0 1 0 0
train_jpeg/d15860bcd1afb6842a71f445a313d439 0 0 0 0 0 1
train_jpeg/40069a1da8d0e9fc831ce5672b0ec908 0 0 0 0 0 1
train_jpeg/77b358bbc115d86b69b1dd78358775fe 0 0 0 0 0 1
train_jpeg/f78e1c855e003640a3d79723f16f5f1e 0 0 0 0 0 0
train_jpeg/3e4b993b00bb9de466b7242737297f6b 0 0 0 0 0 1
train_jpeg/548bf1d835906c257ca4557ca44b3e81 0 0 0 0 1 0
train_jpeg/de48e93f599c053f6170e6cbb6529ce6 0 0 0 0 0 1
train_jpeg/2e846b1cde620c95fbb326a4bae3d9df 1 0 0 0 0 0
train_jpeg/5c6a7334ef6de11f55adff603734e4ea 0 0 0 0 0 1
train_jpeg/cb72d05e65bd9d1b7abdf2c11cdb2351 0 0 0 0 0 1
train_jpeg/070ae34f8383711c1f6a1f97dc3786ff 0 0 0 0 0 1
train_jpeg/221602838378e50def70ee586b978856 0 0 0 0 0 1
train_jpeg/01d74633de293c5790e191d6a544b130 0 0 0 0 0 1
train_jpeg/6db7247f37af756bab04104a96b2356a 0 0 0 0 0 1
train_jpeg/357bbc11dd68858759437dceb094c58d 0 0 0 0 0 1
train_jpeg/19a8657db54ba2c4b22dc25bb33cc113 0 0 0 0 0 1
train_jpeg/a4660b5305687e5e8ddd1d4f38a1aca9 0 0 0 0 0 1
train_jpeg/9467830e0f4dc6dc755718f994cc7a3b 0 0 0 0 0 1
train_jpeg/6a53a62b736fb59c4e2c35f99778656f 0 0 0 0 0 0
train_jpeg/ab730707fed0edaf38a9b788b226b9f2 0 0 0 0 0 0
train_jpeg/60de4d1a777eb52dcbbdc3db3f8b4fec 0 0 0 0 0 1
train_jpeg/cd857b26125043e9eee272433187f3a6 0 0 0 0 0 0
train_jpeg/c2f340de4f20bf04c2f5cce2d6a55587 0 0 0 0 0 1
train_jpeg/b4a7269d3fcbed43638a44892088ac4a 0 0 0 0 1 0
train_jpeg/7ab69502906043cd72e71d1f549c7153 0 0 0 0 0 0
train_jpeg/929cadd9346edbd600e909ce306ebfb6 1 0 0 0 0 0
train_jpeg/a984d1ccc1a85ce9cd268e3b80d59122 0 0 0 0 0 1
train_jpeg/45f8fd11d471cfb910172d26f8157ee5 1 0 1 0 1 0
train_jpeg/0713d4d16867ae5c5215b86cb76083fc 0 0 0 0 0 1
train_jpeg/a751b16e4a8cfa7956561dea5bf0cbb3 0 0 0 0 0 1
train_jpeg/1ce653fe0a084d6ce581776bbec82ef5 0 0 0 0 0 1
train_jpeg/a0a45351a08e5bd53cbb655a60af6127 0 0 0 0 0 1
train_jpeg/b89103ceb6d47e45889eb9a21d04542c 0 0 0 0 0 0
train_jpeg/92e70b05434954ca1d71bc2ab976ba2f 0 0 0 0 0 1
train_jpeg/c2a691b7f3af90af7d2b09985f75ae2d 0 0 0 0 0 1
train_jpeg/7c522cd5b56c3fb87c066171a88cf481 0 0 0 0 1 0
train_jpeg/21f4f5c12bd2926d61ba5e544301ebf7 0 0 0 0 0 1
train_jpeg/3e6e72072389875f30042b041fc837de 0 0 0 0 0 1
train_jpeg/54977dc8364b21ccbf2e43d2fdb09837 0 0 0 0 0 1
train_jpeg/dc31ce81fcf53c987f2c8ddcb8c162d4 0 0 0 1 0 0
train_jpeg/db33ef6234c141325aa449789c23d869 0 0 0 0 0 0
train_jpeg/63246dd75fb16f49acec60fb00c247da 0 0 0 0 0 1
train_jpeg/97e953ca3bf93ddf8a9f9044cbdd8e7c 1 0 0 0 0 0
train_jpeg/49c82483ac000168b60056b1153c1afd 0 0 0 0 0 0
train_jpeg/e1872dc4c0fe4ae1b33c1aba864bc858 0 0 0 0 0 1
train_jpeg/97a05a3ade68254d5163547aab61f3f4 0 0 1 0 0 0
train_jpeg/a6b459a0e3757db8b7e7a05fc4c3d962 0 0 0 0 0 1
train_jpeg/cdaec2ceb813c59dcc836f9e7a7eb4fa 0 0 0 0 0 1
train_jpeg/b78367d7be3c92afe88f13efcb6dcaf5 0 0 1 1 0 0
train_jpeg/cf39c28c29e15231c3956e0f83a8bf97 0 0 0 0 0 1
train_jpeg/79ef441bfa234970dd72d7f5739fb483 0 0 0 0 0 1
train_jpeg/47bad01ec872934c0857978c8f4ba11b 0 0 0 0 0 1
train_jpeg/d846ef7992c9efb128ba7e3c25fa6a64 0 0 0 0 0 0
train_jpeg/ea4dcfaddbc2292299107542aacd5999 0 0 0 0 0 1
train_jpeg/8c80dcd72f15fec04dd63b96972916f1 0 0 0 0 0 1
train_jpeg/73389cedf5cac39b292141ad966adfcb 1 0 0 0 1 0
train_jpeg/15fe4d19d1268b630fe977296028a899 0 0 0 0 0 1
train_jpeg/3b520a6957e4c70f34da759e82784125 0 0 1 0 0 0
train_jpeg/58bd0c3a2860c3df77b03c432441d485 0 0 0 0 0 1
train_jpeg/ec7bb483a75b599dcdc56d8d371e21ee 0 0 0 0 0 1
train_jpeg/204dbd2fde63892a681b1fa75f4b4b5f 0 0 0 0 0 1
train_jpeg/947ace0066ac4f63b8274c33e030f688 0 0 0 0 0 1
train_jpeg/c79916dc9b5b70cbd4138366358976a2 0 0 0 0 0 1
train_jpeg/711be5f702077910eb3dc7190f692e8f 0 0 0 0 0 1
train_jpeg/c69c8b15929c66d8756acc34fe456713 0 0 1 0 0 0
train_jpeg/af16925c379e1cdfb07d11f68d85ec49 0 0 0 0 0 1
train_jpeg/b84c0f9809494765a2cb12c63e21c8d1 0 0 0 0 0 1
train_jpeg/c28abbe95f18aa120f185d4a4ec1de9e 0 0 0 0 0 1
train_jpeg/59f163522f9e49ab143f88d3febb8a33 0 0 0 0 0 1
train_jpeg/06c03e3939bd4349223c84fc98cb96b1 0 0 0 0 0 1
train_jpeg/0d0a7a1b8c1495d66ac9c427a36d9f6f 0 0 0 0 0 0
train_jpeg/c4135fa4ca67c0ae5697988741f7842d 0 0 0 0 0 0
train_jpeg/b7ed3ca8b564fe363a53b557e9d15299 0 0 0 0 0 1
train_jpeg/7379b320791eb6f9d422fdd89c805dd9 0 0 0 0 0 1
train_jpeg/17c2c5cb02d771f1b3837c9f127641dc 0 0 0 0 0 1
train_jpeg/5559b71758059bad0cc1eece97da6670 0 0 0 0 0 1
train_jpeg/f6acae0f3d3d5333c6ccb5dd5b896153 0 0 0 0 0 1
train_jpeg/41c40fd3bd0719e48290cd6f3485ca77 0 0 0 0 0 0
train_jpeg/3e4b993b00bb9de466b7242737297f6b 0 0 0 0 0 1
train_jpeg/d46a63b662124927ce665a5dcae220b6 0 0 0 0 0 1
train_jpeg/6de2efbed6b23441ab46cbcfa980e4bd 0 0 0 0 0 0
train_jpeg/0ca39409412cb8e473da701a1418e4dc 0 0 0 1 0 0
train_jpeg/e07370f1e7db805fc6bf266e1557922b 0 0 0 0 0 1
train_jpeg/3a014737300ac63b8c948403c94d7eca 0 0 0 0 0 1
train_jpeg/9972f2ccec81ae94c51643485a8356c7 0 0 0 0 0 1
train_jpeg/a7b86aecc12e1226286773d1210eea88 0 0 0 0 0 1
train_jpeg/f2a85cc12635e8e4ec9dbe2716e800a0 0 0 0 0 0 1
train_jpeg/0608fb82e9965a0a6f3607f93e304d2a 0 0 0 0 0 0
train_jpeg/1df9d68d3a8352f4fecbc3895ebd80fa 0 0 0 0 0 1
train_jpeg/70bc0e8c0b8a06f2865950106bd4e9e1 0 0 0 0 0 1
train_jpeg/a76703a9a5a6459ca0c4ba8407403bc0 0 0 0 1 0 0
train_jpeg/4d382aae3f8589c113589533ffdb3545 0 0 0 0 0 1
train_jpeg/9a10974aa0dabf26fb1b8a7d85cafedc 0 0 0 0 0 0
train_jpeg/b348d2129375bd69901432f8f34edc9f 0 0 0 0 0 1
train_jpeg/670c2ddd42c86d8502924bd453b969e4 0 0 0 0 0 1
train_jpeg/268521c3c47990c84e7175a31d8c509c 0 0 0 0 0 0
train_jpeg/00c4051383149d0dbe166f38b67c9b52 0 0 0 0 0 1
train_jpeg/ad1d315faa4865f413ac2d0259ae0374 0 0 0 0 0 1
train_jpeg/997fca43b97287e53c551c3d4753edcb 0 1 0 0 1 0
train_jpeg/366c964d0b246205ffdc97b09df98df7 0 0 0 0 0 1
train_jpeg/fae0a817c65ac6e549e94ac021544c22 0 0 0 0 0 1
train_jpeg/4a704557b3d8950d46722e4b410ccf70 0 0 0 0 0 1
train_jpeg/9dfc32d8ff0e7a5b65dcda7fc2899881 0 0 0 0 0 0
train_jpeg/b14394ca65966a3ea6e21e9b596d75da 0 0 0 0 0 0
train_jpeg/a8234567b95c404365745b9fb0f4859e 0 0 0 0 0 0
train_jpeg/aae8f5574784d4343ab50b4f0cef671d 0 0 0 0 0 0
train_jpeg/98ec15bd4fec7d0222bdaea2bfaf6211 0 0 0 0 0 1
train_jpeg/392910e2001c7d9710d1e11f1bf4bd73 0 0 0 1 0 0
train_jpeg/e27b0c92b056198188b7f73b95f555a9 0 0 0 0 0 1
train_jpeg/cdac49b4f02a2c0a7bc8c10761de0f01 0 0 0 0 0 1
train_jpeg/c413baf55bfb894ee5af02d991b452ce 1 0 0 0 0 0
train_jpeg/b065d3b4da92b8015b47224341661fd8 1 0 1 1 0 0
train_jpeg/af0a9d5e0dc17c596986a775eb98cefa 0 0 0 0 0 1
train_jpeg/bc534c841ebd146227b04d12e5078097 0 0 0 0 0 1
train_jpeg/77d6928016b9ddbb311fe1653289790e 0 0 0 0 1 0
train_jpeg/b40a3de050cbe84f212702e3e59eca74 0 0 0 0 0 1
train_jpeg/30c105116d347c2f1107e206362dd949 0 0 0 0 0 0
train_jpeg/1ee72c7f5de164530f9efa3c2d04bffc 0 0 0 0 0 0
train_jpeg/3212a84727e182171bd4ab3da7d560a5 0 0 0 0 0 1
train_jpeg/17d5b60d0b5decddb51eba55dc4a514b 0 0 1 0 0 0
train_jpeg/4524f9b0da0eb546173210ef937b583c 1 0 0 0 1 0
train_jpeg/e07fc7a901c4d4dd47838d0a431332c1 0 0 0 0 0 1
train_jpeg/fd6258ff19301497a66a19dfbe788b3c 0 0 0 0 0 1
train_jpeg/a0f4e17fe29b213326aad37316f5f5d2 0 0 0 0 0 1
train_jpeg/5f671dd1207e96217c572146f08dc3a2 0 0 0 0 0 1
train_jpeg/3b84fad11366b42cf32c96c2d0fa84d4 0 0 1 0 0 0
train_jpeg/c6ad29cb15e0476259fdf56305b286d4 0 0 0 0 1 0
train_jpeg/5fac2346be7221dbcef8e207253bfb51 0 0 0 0 0 1
train_jpeg/73bc384e1f0ca88f3bcb2b5c6a8584f1 0 0 0 0 1 0
train_jpeg/48465c9d545808a10b77b1186afb0227 0 0 0 0 0 1
train_jpeg/e4b3710c1d18a0fe70a8eb0bfc5de2cc 0 0 0 0 1 0
train_jpeg/bbc8cca2bda1c6bc5b66715a12830d78 1 0 0 1 0 0
train_jpeg/02079342f9e5f558b5351c222f6394b7 0 0 0 0 0 1
train_jpeg/224a5abded897e363278c10344aecc90 0 0 0 0 0 1
train_jpeg/934d70cc2127e8cf105230998cfdd767 0 0 0 0 0 1
train_jpeg/1edd41fbc11831eeb7b70e45bc91214d 0 0 0 0 0 1
train_jpeg/4ce79c9e3c88341275564228d76970aa 0 0 0 0 0 1
train_jpeg/9def44a5c7f43c29e24752e03add7809 0 0 0 0 1 0
train_jpeg/548bf08ac3fb4268aec314b42911af13 0 0 0 0 0 1
train_jpeg/278dea92aaa93bc18c56e11cd87dc474 0 0 0 0 0 1
train_jpeg/2f760e182476304e8bf212aca132ddf0 0 0 0 0 0 1
train_jpeg/adc6f4b5339f7178055838776bf49dd7 0 0 0 0 0 0
train_jpeg/54794d0cf25eaa7eaa1d37422245d1c3 0 0 0 0 0 1
train_jpeg/d75fb72a8a880dc60400214b5883da75 0 0 0 0 0 1
train_jpeg/cc0da199c9bae6ff20c44672e5ca7415 0 0 0 0 0 1
train_jpeg/6253c422540c84bc747b4426ed507452 0 0 0 0 0 0
train_jpeg/455f33ae9bb11745cacc745550ac8a30 0 0 0 0 0 1
train_jpeg/d0c2e057de71e487a5b6f59953d0224b 0 0 0 0 0 1
train_jpeg/38050fd73727ad288cf923b5156709e2 0 0 0 0 0 1
train_jpeg/1f121cde3f77c6093fde0bdf32ae1ff3 0 0 0 0 0 1
train_jpeg/a02830aacfb701b45b1fd93e81e3c9e6 0 0 0 0 0 1
train_jpeg/09ea9c40b1ee28b4712aec08f108a0c8 0 0 0 0 0 1
train_jpeg/2b7e6ef0edf26576795e86821e4c7c8a 0 0 0 0 0 1
train_jpeg/9e720bf8ca2837f4188c555b54ef1ba4 0 0 0 0 0 1
train_jpeg/75e726f1b8f916a9e805f1f1e326a02d 0 0 0 0 0 0
train_jpeg/da32453a8f8cb3442c2cf786f5527601 0 0 0 0 0 1
train_jpeg/212e39d070d362d7edc9b2bb2b3f6944 0 0 0 0 0 1
train_jpeg/cc974ad66f47de642335f53dbbf98d1b 0 0 0 0 0 1
train_jpeg/ec513a0af055499f1b188cc6a9175ee1 0 0 0 0 0 0
train_jpeg/230089e37547436f78d31e27470000f8 0 0 0 0 0 1
train_jpeg/954e88119b53f34c3b013905b94fc4fe 0 0 0 0 0 1
train_jpeg/e4434973d58ed186a92072371c492b89 0 0 0 0 0 1
train_jpeg/e8bfc8bf107149271ccf93f1ebe4d758 0 0 0 0 0 1
train_jpeg/a1a0efe48f448842f15fe27f29deacde 0 0 0 0 0 1
train_jpeg/178ecfdb6d5647f186aad87613e35c9d 0 0 0 0 0 1
train_jpeg/8af84125f707b873c506f65de72e02e4 1 0 0 0 0 0
train_jpeg/dbcfcf58619fc013b719b680aa71b91b 0 0 0 0 0 0
train_jpeg/7960b5c77707fc5969a74c387b071276 0 0 0 0 0 1
train_jpeg/89bffe4da1d64bc75b055b9449169414 0 0 0 0 0 1
train_jpeg/cefc99738c5307f12d9104f31ff2c1c4 0 0 0 1 1 0
train_jpeg/bb653fdda34794b92c513fb0e078f21a 0 0 0 0 0 1
train_jpeg/a94ecf839c2405342ebcb57648444e2a 1 0 0 0 0 0
train_jpeg/fdbf6600541e76b3b009a11cae0f91c3 0 0 0 0 0 0
train_jpeg/ddb469ca6c74210d5e45edadfcc9ee9b 0 0 0 0 0 1
train_jpeg/cf7b4c06372d21a1d7dc81dcd6757dfe 1 1 0 0 0 0
train_jpeg/5f8a5029da0b82f201d6430377234f53 0 0 0 0 0 1
train_jpeg/0f1eba57237922d0f9ec0dee62793435 0 0 0 0 0 0
train_jpeg/168545c5937c58f7b7ed7cdd5ed15ef7 0 0 0 0 0 1
train_jpeg/36602a28d0aaf0a0fb4fab57b07d818f 0 0 0 0 0 1
train_jpeg/23c9516db65572bae3125bcaead302d3 0 0 0 0 0 0
train_jpeg/7e2d24cf341f0969d7cc98455c2ffd3f 0 0 0 0 0 1
train_jpeg/1f60588926146538eeb34cd3215b4848 0 0 0 0 1 0
train_jpeg/d1f0951fff39e87fbea037e7daad79a6 0 0 0 0 0 1
train_jpeg/909ab0321cdc507243c58b1f95ef55bf 0 0 0 0 0 1
train_jpeg/39095bfc67751891aebabdeeb8b89f5a 0 0 0 0 0 0
train_jpeg/8acc83e610cc4023a05d0e963f74d46e 0 0 0 0 0 1
train_jpeg/e9269d70abec8d90f4790c6afaa4a924 0 0 0 0 1 0
train_jpeg/a0af7d64eecad23a41730cef8dbf2f11 0 0 0 0 0 1
train_jpeg/971017a6e889f928612db963fff2034a 0 0 0 0 0 1
train_jpeg/f0adf7b51f3c26e565e1977c4b6c235a 0 0 0 0 0 1
train_jpeg/256d3816d739fbc5da99a02e8de999b9 0 0 0 0 0 1
train_jpeg/ed73ad56c0e1f66d3acf2f9479615b99 0 0 0 0 0 1
train_jpeg/f791a58edd0f0080354090193069373d 0 0 0 0 0 0
train_jpeg/dbe77ecde7361d1c82c67b398f07f281 0 0 0 0 0 1
train_jpeg/e6e1f33532a2f3f93d17d2be963cd122 0 0 0 1 1 0
train_jpeg/c93a3276cdcbb85d7804a7280af37939 0 0 0 0 0 1
train_jpeg/e07b82a283ebdbe612c8260a552fa606 0 0 0 0 0 1
train_jpeg/fe0d0950e56c6a9e19d27077bdfc4964 0 0 0 0 0 1
train_jpeg/ed83ace3ebeac23bf40a2e2ec0fae6ae 0 0 0 0 0 1
train_jpeg/8aecb4535fbfdee0217ef2f37b735c29 1 0 1 0 0 0
train_jpeg/bce9b4cb5ff441c9c906658f1e935fb0 0 0 0 0 0 1
train_jpeg/383e5c3c75776eb23a6d245cd92dffb7 0 0 0 0 0 1
train_jpeg/364c33a7ee60c6919e8f6ba8a8972262 0 0 0 0 0 1
train_jpeg/4050d581f516b52e57e00cf3002bff3a 0 0 0 0 0 1
train_jpeg/33d38c8c30786d2f48abb5a13f784b98 0 0 0 0 0 1
train_jpeg/c8ccceee98fe70bbf400a694c93a9fbf 0 0 0 0 0 1
train_jpeg/2dd1ac22b6f66bcc79b4836f6415bf16 0 0 0 0 0 1
train_jpeg/2ac3fed2ec787236a38535de761df4a1 0 0 0 0 0 1
train_jpeg/90096c398d4c36692b487150f7dc49f2 0 0 0 0 0 1
train_jpeg/0dd1d5cdc448658c8be9d136eba8c666 0 0 0 0 0 1
train_jpeg/c3b3f4daf2c0918ba0c7626bf51e9100 0 0 0 0 0 1
train_jpeg/cf032b9405406c4b2a8a516e08531333 0 0 0 0 0 1
train_jpeg/fc804c71fbd85e74afaae31f790618f7 0 0 0 0 0 1
train_jpeg/bc38a48bbec6ee4e1ccb6eb453529cae 0 0 0 0 0 0
train_jpeg/2f6852fc4c5023e3f01eaf183c6a6954 0 0 0 0 0 1
train_jpeg/0e6af94d17007c94d858b3bb7adb7dac 1 0 1 0 0 0
train_jpeg/a15b588165f0c676cbf491018a1c86ee 0 0 0 0 0 1
train_jpeg/dc273e469e45a0a1884d581e2bf70bca 0 0 0 0 0 1
train_jpeg/cdee8199f2b74923889994f67789dae8 0 0 0 0 0 0
train_jpeg/33bcd2002f1d92524e489a70b48aaf38 0 0 0 0 0 0
train_jpeg/8a7660544edadcef8790305add37f32b 0 0 0 0 0 1
train_jpeg/fa86f62070ecf5d19f8d8662215f966f 0 0 0 0 0 1
train_jpeg/cc98da13c817495f32b5ccab2b009cd3 0 0 0 0 0 1
train_jpeg/573ff866dcd6b3a8805c5b87c4df8ff8 0 0 0 0 0 0
train_jpeg/3af25684534b7791434f7dfff22f9550 0 0 0 0 0 0
train_jpeg/0dde4c1aab003e908ec917aabbd256d4 0 0 0 0 0 1
train_jpeg/c554beccc21f36747cd721693a9480f1 0 0 0 0 0 1
train_jpeg/a553bd2b261d739ed6503b815d5fd965 0 0 0 0 0 1
train_jpeg/ad1e74e6e7d6b63bd8c3109962968721 0 0 0 0 0 1
train_jpeg/3658f7b8ea8bfd1a1dfc1806f142da79 0 0 0 0 0 1
train_jpeg/deffec9fbce51979a23bc9932988c78f 0 0 0 0 0 0
train_jpeg/4e768f77541065c7e5465fc8e049e2d0 1 0 0 0 0 0
train_jpeg/1f0e394fa5ef64c88db0037b4ea954c3 0 0 0 0 0 1
train_jpeg/9304e69006023a7d77c1bcc451bcc3c4 0 0 0 0 0 1
train_jpeg/92013d304f90f55df3decf478c443e1f 0 0 0 0 0 1
train_jpeg/a6bbf17d52ff3b1d0ca1b48879223464 0 0 0 0 0 1
train_jpeg/a1796a20b25a191f6ede84984eab7097 0 0 0 0 0 1
train_jpeg/29607b4405f0d054e91ff0ab5e864901 0 0 0 0 0 1
train_jpeg/73b9c94ef97a3dfb27f01bd4d03af1d0 0 0 0 0 0 1
train_jpeg/9d41d30b9d8cee9a95a63cd6e696a1e4 0 0 0 0 0 1
train_jpeg/9f1bdd6de55cf175cd65c01aed55ff12 1 0 1 0 0 0
train_jpeg/90b3ea11c2310559980291906a336d02 0 0 0 0 0 1
train_jpeg/9b51a26dbf9095f13c485dbc3c12a572 0 0 0 0 0 1
train_jpeg/7310cb76b0642a868c3eb66ce74e7d70 0 0 0 0 0 0
train_jpeg/5a379fa35a1b345ff2dd97594874bc0c 0 0 0 0 0 1
train_jpeg/66332eb5425bcdc6854aae970cc656b9 1 0 0 0 0 0
train_jpeg/75b703cf3b87d52796a734a89d5dc328 0 0 0 0 0 1
train_jpeg/542fb1103cb5c85fd8483eeb477743e8 0 0 0 0 0 1
train_jpeg/65e08c58565cb7c1707b3a63040837d5 0 0 0 0 0 1
train_jpeg/f7b1e8842f18b17265754367a8d92ee6 1 0 1 0 0 0
train_jpeg/be160ce4c74a01abb3536d3b0b803e11 0 0 0 0 0 1
train_jpeg/5a8832b016f4d0d530f0146cba23985d 0 0 0 0 0 1
train_jpeg/33cf3f2f72ca3c8480456091f6ccedfb 0 0 0 0 0 0
train_jpeg/796d14acc8bc0139572308bacfa65e66 0 0 0 0 0 1
train_jpeg/2e634940f1e54c351390adc796441c3f 0 0 0 0 0 1
train_jpeg/31b94fc39e55c2494665e6a7ffde03b1 0 0 0 0 0 0
train_jpeg/f645082d9f5c2eb7e152f7469864304c 0 0 0 0 0 1
train_jpeg/0e9d8df127d9e6abc3a3a053ecd8ae06 0 0 0 0 0 1
train_jpeg/f745f8829300c21e0f393c76fb2eaf65 0 0 0 0 0 1
train_jpeg/d89ccf78c040252a66c9942cd95eb5d7 0 0 0 0 0 1
train_jpeg/2ba5ad966840cccefedf8898d71935a6 0 0 0 0 0 1
train_jpeg/bdd0bebed953f69413213d387c9717e7 1 0 0 1 0 0
train_jpeg/cb02b4eec1bff78dcc95d672366a4a7b 0 0 0 0 0 1
train_jpeg/6f5cf55fa62c8546dcf50b2bad2f4f5f 0 0 0 0 0 1
train_jpeg/9dfb9f7cb365c2c8693d55d3a0682bd6 0 0 0 0 0 1
train_jpeg/a212475482b7abecd9561a76a7d73e51 0 0 0 0 0 1
train_jpeg/f1e4056384e1926c3ae33882e0dc00cb 1 0 1 0 0 0
train_jpeg/261e8ab36e8922bc3ccf4ebaaea32427 0 0 0 0 0 1
train_jpeg/986984fbecda291506c359dc91ccd960 0 0 0 0 0 1
train_jpeg/3116e8acc9b97d7a581ea891ae9bed80 0 0 0 0 0 0
train_jpeg/a984a60109cf483098a591821ddad5d8 0 0 0 0 0 1
train_jpeg/d417208e0bdc929e09db38ba0c394f10 0 0 0 0 0 1
train_jpeg/df3f7b374f16b089cbc4a9c12f5e0069 0 0 0 0 0 1
train_jpeg/c32573547f924b6b663798730d915724 0 0 1 1 0 0
train_jpeg/a54838cfed44cc0b5bf5c4e73c50a72b 0 0 0 0 0 1
train_jpeg/d07da8a9b93d7c684264ec8be14c0fe7 0 0 0 0 0 1
train_jpeg/092d380367a75cbbea280ef3d1f2c711 0 0 0 0 0 1
train_jpeg/eabf04158953bb71ac4e934f4e28d160 1 0 0 0 0 0
train_jpeg/6dd42dae2197848d13600f4a78afd019 0 0 0 0 0 1
train_jpeg/611077472d2fc78135ad2ad32059888e 0 0 0 0 0 0
train_jpeg/cad8e7e5f5034a50d4b1ebb30db533c5 0 0 0 1 0 0
train_jpeg/55f85ec5fcb63977aa18ff153842c150 0 0 0 0 0 0
train_jpeg/e42c3089f725d7a0e021107dcc847d53 0 0 0 0 0 1
train_jpeg/30fa56e5002bc1ef28eaa85ed7fabf9d 0 0 0 0 0 1
train_jpeg/b6e87644b798ae36a29fc57cccf14f8e 1 0 0 0 1 0
train_jpeg/37054193bd4e6a2f3ca764088913b0f0 0 0 0 1 0 0
train_jpeg/d31b5cfd25dbcb8bf6f294c3a257cdea 0 0 0 0 0 1
train_jpeg/807797c8ef120370d45796ed35260d81 0 0 1 0 0 0
train_jpeg/583a50f7d221cf680c5b21ebb7c14328 0 0 0 0 0 1
train_jpeg/10cc041e1091e152559dd5affd6c708f 0 0 0 0 0 1
train_jpeg/730ee58d327ab8bcdf8167683c71f565 0 0 0 0 0 1
train_jpeg/f6b575c538dee65217877a75427f6cf7 0 0 0 0 0 1
train_jpeg/d77b0f18be0825ad5360906312044dd4 0 0 0 0 0 1
train_jpeg/a673256f7b975e11bf89dbb29f4565b9 0 0 0 0 0 1
train_jpeg/a19d17172cbbd5db342510e0308d9bff 0 0 0 0 0 1
train_jpeg/6c5837e6ecbe05d3d5cf65dbc5b13b12 0 0 0 0 0 1
train_jpeg/253d35b7096d0957bd79cfb4b1c954e1 0 0 0 0 0 1
train_jpeg/425e037a20a9bce8be945b89297f7829 0 0 0 0 0 1
train_jpeg/86ed145076c4724d5a735bd6854db360 0 0 0 0 0 1
train_jpeg/8e921254be96be78069a3f9eb658b325 0 0 0 0 0 1
train_jpeg/7aff3521c214e535c920bdbd0b1a8a45 0 0 0 0 0 0
train_jpeg/3fcf06bf3f3395ba65a8b648b68e98d4 0 0 0 0 0 0
train_jpeg/9e5a4aa7369e892b8ab2140b273b4a93 0 0 0 0 0 1
train_jpeg/a9f32aee073a0ee7ea94e959ab63885c 0 0 0 0 0 1
train_jpeg/09e8d1f0104d36f9ae500392d1cd2086 0 0 0 0 0 1
train_jpeg/8fb9afec91e5d58675866b646ccc116e 0 0 0 0 0 1
train_jpeg/44227b3ea199ef4a06524f5c843e2608 0 0 0 0 0 0
train_jpeg/53b894bd3ec511ae4bec7b5b47ce260a 0 0 0 0 1 0
train_jpeg/bb9419b34b87b65f390f6129d46248ea 0 0 0 0 0 1
train_jpeg/0ea0bf774e0436aec7d1a1e62074c9cd 0 0 0 0 0 0
train_jpeg/810491951571933b11959743e41a704b 1 0 0 0 0 0
train_jpeg/7eb24aa744e7268391c0fa06b8da2ab8 0 0 0 0 0 1
train_jpeg/623a14228a9ea0c33a9012c02ef70487 1 0 0 1 1 0
train_jpeg/2849342ae0ba121002d4bc792c9d1fc3 0 0 0 0 0 1
train_jpeg/3446d2ffc6e58eeedd59567a7946d070 0 0 0 0 0 1
train_jpeg/b9bf0f1b540eaf41cb590ee0a15fe0e7 0 0 0 0 1 0
train_jpeg/a89c3ff3f55569369e8b6e8e9bd898f1 0 0 0 0 0 1
train_jpeg/edec03d88f6da9a7dcd76772432d9c23 0 0 0 0 0 0
train_jpeg/2d6c36cb32352b891ef90fb11f3215f7 0 0 0 0 0 0
train_jpeg/d32509da6cdeed96643392245b6ab8e8 0 0 0 0 0 1
train_jpeg/cd03c29f7c450cd45c3ea7ddb352ccc7 0 0 0 0 0 1
train_jpeg/7652b96082c47799544acbd7858b4280 0 0 0 0 0 0
train_jpeg/b76916b5896052a9b69ae300790c1b7a 0 0 0 0 0 1
train_jpeg/8c94145439c09911792a55a0094361a8 0 0 0 0 0 1
train_jpeg/f959f8e6ea3da784426e14ee78f849ac 0 0 0 0 0 1
train_jpeg/f1c12bf67aa441184e6576aa5ea03322 0 0 0 0 0 1
train_jpeg/569f16cfa1a0c9536565c78b092d098b 0 0 0 0 0 0
train_jpeg/14c5c3e0782fd77750815c5d2b565e72 0 0 0 1 0 0
train_jpeg/ba8cf1b843900f3e754f6e172f62efc4 0 0 0 1 0 0
train_jpeg/b87b691b9ceeaf0c9539b2844be6e1e1 0 0 0 1 1 0
train_jpeg/c25f2a0789c2f0712f6ae0413a704013 0 0 0 0 0 1
train_jpeg/0b1b897b1e1e170f1b5fd7aeff553afa 0 0 1 0 0 0
train_jpeg/736a4ee15c57cb2eb94404bfb95ac297 0 0 0 0 0 1
train_jpeg/52dd595e371586a059f0f6d247b6e35f 0 0 0 0 0 1
train_jpeg/033dae57cec0aca171d47090f299bed2 0 0 0 0 0 0
train_jpeg/0b6006be69ea1764f9bf80e5091b1e8e 0 0 0 0 0 0
train_jpeg/abc4b79db99cd7f87b59ae2ad55c169f 0 0 0 0 0 1
train_jpeg/c1483f399eea64c12fed7d3b25736d45 0 0 0 0 0 1
train_jpeg/0a18ba620458e09504405e6a0a79ce2e 0 0 0 0 0 1
train_jpeg/fc96d4be137f6141c87826b536eaae17 0 0 0 0 0 1
train_jpeg/835b1552b7be3350d697503504211aa4 1 0 1 0 0 0
train_jpeg/56d3f4cc0cff589dc336df9fcc2dea73 0 0 0 0 0 1
train_jpeg/930f9da548ab53f8edd16761660c683f 0 0 0 0 0 0
train_jpeg/228f1394daba97a4ce03ae7e866ec2ac 0 0 0 0 0 0
train_jpeg/c8623f6f7222da4f76be1d6ab830f7fb 0 0 0 0 0 1
train_jpeg/9bf1a81e6aebf87a3aa8eeb569dc9457 0 0 0 0 0 1
train_jpeg/e6fe1659a6cacb4f2ea6ef651481e0ba 0 0 0 1 0 0
train_jpeg/3b98cc0cea5e99fc3156af93f1129145 0 0 0 0 0 1
train_jpeg/5b36b00fb3360931df4f8cc106bcd56a 0 0 0 0 0 1
train_jpeg/d7d4917de30bc1fe416ca55703dfae65 0 0 0 0 0 0
train_jpeg/4a8bb8359d2b9f3abe9342a5aaf9178e 0 0 0 0 0 1
train_jpeg/1aef7fa409ee0cb4579032577e02e9cb 0 0 0 1 0 0
train_jpeg/f3dd45cb122c6b807a1c468a10511f03 0 0 0 0 0 1
train_jpeg/1b1f68f3e0583a4e6094ecd9b620792e 0 0 0 0 0 1
train_jpeg/e5ac3f7d0b2de93893dc3515490088f8 0 0 0 0 0 1
train_jpeg/ea4fd210b0300b23ee63f0b8352390be 0 0 0 0 0 0
train_jpeg/fd82f322cd3d32ba2f34959530b8a2df 0 0 0 0 0 1
train_jpeg/3e1a02b6f7ce6c76c7b778f0fcf61140 0 0 0 0 0 1
train_jpeg/d68d9e0721027d8e0532efa37d628bb3 0 0 0 0 0 1
train_jpeg/925410d022fd2a7cc1843906996d81bd 0 0 0 0 0 1
train_jpeg/73b9a39ebb5e44d41227b570a19efd2f 0 0 0 0 0 1
train_jpeg/64395316b507236056e6cf7bde367792 0 0 0 0 0 1
train_jpeg/b3c00be8bb1e193775433d45ead67f95 0 0 0 0 0 1
train_jpeg/ea50b4da99e490be7dc8a0f6b356d1f5 0 0 0 0 0 1
train_jpeg/4678c2827328c6f8c8d3d654cd6b6d7c 0 0 0 0 0 1
train_jpeg/9c0b694e2e4234c6dc7b6acde3251996 0 0 0 0 0 1
train_jpeg/44609154a1fda697600085c2a611725a 0 0 0 0 0 1
train_jpeg/de20582d856490ffd66ca3f8ee3f2678 0 0 0 0 0 1
train_jpeg/70c57f59ed881d79ba9c1071b605c42f 0 0 0 0 0 1
train_jpeg/21105b8fdb3da7b3e12ff54fca48c2db 0 0 0 0 0 1
train_jpeg/7c5f3e2c0518bba6ca3464c385d4787c 1 1 0 0 1 0
train_jpeg/a99c3ab7a161c73e76ebb10ae2230f36 0 0 0 0 0 1
train_jpeg/6aef9295c77bdb3b17320cbd587963ba 0 0 0 0 0 1
train_jpeg/6d47aabfec517967b9b34cb52a4d5064 0 0 0 0 0 1
train_jpeg/109a5db6641f01cb8199508aa8fa0a93 0 0 0 0 0 1
train_jpeg/ac686c220b4306dd28f8730b17d1dd45 0 0 0 0 0 1
train_jpeg/01d74633de293c5790e191d6a544b130 0 0 0 0 0 1
train_jpeg/a49735a0751f492444147a7223ae599e 0 0 0 0 0 1
train_jpeg/afb8a317a1c70191a4169cf5dd4e1da6 0 0 0 0 0 0
train_jpeg/53ccff63f08af78b59278f65fa89ab77 0 0 0 0 0 0
train_jpeg/a2c6dd0cabc2fc70fbb1cf2dac50d11c 1 0 1 0 0 0
train_jpeg/87036d7c5a93d5c10477d44d9609015a 0 0 0 0 0 1
train_jpeg/6503bb06d6f9dc44244a562742a16c97 0 0 0 0 0 0
train_jpeg/a3942b8f01dd54858add21b966d3986e 0 0 0 0 0 0
train_jpeg/eeee9953810eee9388b3a0c5a4ad4ef6 0 0 0 0 1 0
train_jpeg/dd1ec1034edd4e6b9696ea5cbeca6168 0 0 0 0 0 0
train_jpeg/6b98bf1e56aba7145f85c516b73dfc54 0 0 0 0 0 1
train_jpeg/46c3ef9fa99eddf70b044f56318d5420 0 0 0 0 0 1
train_jpeg/8cbbc48f4f7d217892a6caff8152dc6d 0 0 0 0 0 1
train_jpeg/bd6eb525438d6da1ced0ed1810857772 1 0 1 0 0 0
train_jpeg/722fbf1843a44a0293b4963a7690c285 0 0 0 0 0 1
train_jpeg/3ab1d5b251f54870587b6d9c6a076493 0 0 0 0 0 1
train_jpeg/352d78f6ee1c48b5f44e68e89357e1de 0 0 0 0 0 1
train_jpeg/ea7561e25ff0e7283d4197092e65d052 0 0 0 0 0 1
train_jpeg/fe9e24dbd1a10aa6af52bf1427bceda0 0 0 0 0 0 1
train_jpeg/e7136e97a466963b452941e91b6330fe 0 0 0 0 0 0
train_jpeg/86c32da60c6f07481ad2bc48ec8378d8 0 0 0 0 0 1
train_jpeg/52dbeb6b2cfb9cfa21f3b23fe65ad916 0 0 0 0 0 1
train_jpeg/23ff34554d9558e5acde83dc634b005c 0 0 0 0 0 1
train_jpeg/d45374a1b323c34b8418b36b819783e3 0 0 0 0 1 0
train_jpeg/ebe4ab991ab3c0551a697e34f5e83b36 1 0 0 1 1 0
train_jpeg/b991d978a0915452eaeb50ee93cbb769 0 0 0 0 0 1
train_jpeg/6ed469a35361b49e04971347281bc312 0 0 0 0 0 0
train_jpeg/a3d083370bb61d52f037257dc9411973 0 0 0 0 0 1
train_jpeg/f5beade7c5512c1fc557930bbaac7cff 0 0 0 0 0 1
train_jpeg/4a8bb8359d2b9f3abe9342a5aaf9178e 0 0 0 0 0 1
train_jpeg/1b070a44c3458e1639f1872768edacde 0 0 0 0 0 1
train_jpeg/0caa65414aa060e40650c4614d122578 0 0 0 0 0 1
train_jpeg/2ff6f0f9e1b56b1756220f716626e7d2 0 0 0 0 0 1
train_jpeg/159c46115f7d74337f83074f1b99114d 0 0 0 0 0 0
train_jpeg/983a8e21d86759f91db66d872bbf92ac 0 0 0 0 0 1
train_jpeg/e29eceb0a991c17d07de2fe27a8ddf44 0 0 0 0 0 0
train_jpeg/bde7cb2bd708d3d928b6ad9e32038fe1 0 0 0 0 0 0
train_jpeg/7098697fcb3e2c214f2a7a972066f5f6 0 0 0 0 0 1
train_jpeg/2ca9dac5fb539feaec32dbf027e48729 0 0 0 0 0 1
train_jpeg/3143c4090b404863d57a355e61585d0b 0 0 0 0 0 0
train_jpeg/930b73d7cabc9eaf437271ad710d0a02 0 0 0 0 0 1
train_jpeg/e8197de118ba8004e7acb25668ddbcde 0 0 0 0 0 1
train_jpeg/b30909789a5928b30bfa4739843e5bf0 0 0 0 0 0 1
train_jpeg/9e4f8b07c7cfc2e3be4481e8f3507108 0 0 0 0 0 1
train_jpeg/daa2bf07bac956d6742ac7fda965cf99 0 0 1 0 0 0
train_jpeg/eb7da1cb8ecea470078571bd8e190e69 0 0 0 0 0 1
train_jpeg/83fbff8c7d3d607f2d3bdf88e7548e77 0 0 0 0 0 1
train_jpeg/6f8d6f377c0d4ffcf13554466668be5a 0 0 1 0 0 0
train_jpeg/0a380c45055b031c116507bdc5acff33 0 0 0 0 0 1
train_jpeg/86999ecd6a24bdeee4f4abaedc058ae4 0 0 0 0 0 1
train_jpeg/b107d65f0d34e374018804bfc7c78065 0 0 0 0 0 1
train_jpeg/0e7dd1bdfcc28525205e0d01573fde8d 0 0 0 0 0 1
train_jpeg/4a8bdd1e42ac03d0ba7e5b57ff6d34ef 0 0 0 0 0 1
train_jpeg/a04c2fea8970e28401d507e5db0c915f 0 0 0 0 0 1
train_jpeg/24d6b814577360fb4d11e0e6aecfefb0 0 0 0 0 0 0
train_jpeg/3c2ca4fdfa82ef888b4e7a5aed8415f7 0 0 0 0 0 1
train_jpeg/e31a4af73d8ab3e4cff4d9efd4dc6579 0 0 0 0 0 1
train_jpeg/bcad73b36d8e807373b5cdd184ced763 0 0 0 0 0 1
train_jpeg/92ec72f76087d45365e94f60cd667002 0 0 0 0 0 0
train_jpeg/e01b7a9a5d544384f762cd0ee381414e 0 0 0 0 0 1
train_jpeg/80ece1d25930da6f8fa85e3c9f79fbcf 0 0 0 0 0 1
train_jpeg/aa4cf76226d7f21f2d98f6dbf14b0ed8 0 0 0 0 0 1
train_jpeg/8c4a869068e1f748cf808d15d63f2f7c 0 0 0 0 0 1
train_jpeg/c97f503dce347b729623652af0af9351 0 0 0 0 0 1
train_jpeg/e4ac7ebc707ed34608338b58d0917e94 0 0 0 0 0 0
train_jpeg/933dd6bee2c74bfb06c9221be751bad0 0 0 0 0 0 1
train_jpeg/77508393a893101ef38598222327703f 0 0 0 0 0 0
train_jpeg/45e35199ac5ae1af6d66f6a5193cd6e7 0 0 0 0 0 1
train_jpeg/285cdfec4d725d327266833adf3ba9d5 0 0 0 0 0 0
train_jpeg/2d4076277667dd84c623c7877ceeefff 0 0 0 0 0 0
train_jpeg/a54838cfed44cc0b5bf5c4e73c50a72b 0 0 0 0 0 1
train_jpeg/db00e203aee2c2b197e8861d0eb64e3b 0 0 0 0 0 1
train_jpeg/c39a6098dbb051020433d468602e2b2f 0 0 0 0 0 1
train_jpeg/1445d071c1122f9f9ff6414565fab8a3 0 0 0 0 0 1
train_jpeg/492bc09a9ea6dacc2a35e890caf4e937 0 0 0 0 0 1
train_jpeg/eea2d38f25bbee2095457fff9b8b2200 0 0 0 0 0 1
train_jpeg/75343f262204d784857b6b675a923cd7 0 0 0 0 0 1
train_jpeg/672ece5866dfa259ad2cede3afd0d41f 0 0 0 0 0 0
train_jpeg/2a3def0aa2b27bea4235348e5d4cf345 0 0 1 0 0 0
train_jpeg/77b358bbc115d86b69b1dd78358775fe 0 0 0 0 0 1
train_jpeg/852ec6a0bcb9608ffee9b3fda0867f91 0 0 0 0 1 0
train_jpeg/b4f096687639f07bacf4c1aa27ca89bc 0 0 0 0 0 1
train_jpeg/7037f2cc04e70b2e52c93ab38d10e19a 0 0 0 0 0 1
train_jpeg/3de802c8e4c1a89864680dd1c80a8832 0 0 0 0 0 1
train_jpeg/200fc224f935c7e4e19cdec864c8e5f5 0 0 0 0 0 1
train_jpeg/8ee700d34588f26133fe6241f875ee08 0 0 0 0 0 1
train_jpeg/1b263e462a955108b98596dea76a2061 0 0 0 0 0 1
train_jpeg/5a12a2bcdb3bf306a5ad96fc85af65ca 0 0 0 0 0 1
train_jpeg/4884d857d87fa83304898f5834044cb7 0 0 0 0 0 1
train_jpeg/756b7c079d3e9cbe980b4e1e04da546f 0 0 0 0 0 1
train_jpeg/81b8689df47e19fee5d5a2b104a3f8b1 1 0 0 0 0 0
train_jpeg/cd1662912c06606592d50b22765fd60b 0 0 0 0 0 1
train_jpeg/7b759182d86f6a44b377ffcfce8a3b53 0 0 0 0 0 0
train_jpeg/352ab0683046ce107942e9e477007b72 1 0 1 0 0 0
train_jpeg/ed1be1f76d4b97a9ab7a78b0b62f0a95 0 0 0 0 0 1
train_jpeg/e1d60fdb0e8b11d6198093e11afb562b 1 0 1 0 0 0
train_jpeg/197236029d6b8dcba218afb6a695c300 0 0 0 0 0 1
train_jpeg/ab78d7c571c5bf0d8d9c1ea6866a4547 0 0 0 0 0 1
train_jpeg/d09d12dab1ee691049e51dfd69722a09 0 0 0 0 0 0
train_jpeg/e41aead6ddd261c42d819763aa7ccffb 0 0 0 0 0 1
train_jpeg/69f5d29210d98df18120534adb990291 0 0 0 0 0 1
train_jpeg/1932e3ca2084c4ef9ee98c747cd21f16 0 0 1 0 0 0
train_jpeg/bdeeec185619e393d3cbd8f532f95c15 1 0 0 0 0 0
train_jpeg/5873d3612a0a9eace6651a79da106faa 0 0 0 0 0 1
train_jpeg/a69592721a2c215f1c77481e0eaf8751 0 0 0 0 0 0
train_jpeg/6993fe34fd90adcbbfe75229f5e22306 0 0 0 0 0 0
train_jpeg/4479ab54ba10a7609e2baaf28f04a5cb 0 0 0 0 0 1
train_jpeg/cf5553ec8426712834424234acd1e617 0 0 0 0 0 1
train_jpeg/3f05fe9d273e90ebb3d7f47b3b9be9f0 0 0 0 0 0 1
train_jpeg/7b87ff45f630da27a103b7e587bc6fd1 0 0 0 0 1 0
train_jpeg/3ca9d4cfef54c2c099c4d43dc25fa760 0 0 0 0 0 1
train_jpeg/d838d59a9362d4a4b768cea5419cf190 0 0 0 0 0 1
train_jpeg/f0b84626f469ecb58024dc1ad62036c4 0 0 0 0 0 1
train_jpeg/b5a4ee60c5e8d6e59715dd3473387170 0 0 0 0 0 1
train_jpeg/ce0c2d8c69a6a2b8861860e061c9bb4e 0 0 0 0 0 1
train_jpeg/d386c4d79d8cc447e736947e6a7c2f2a 0 0 0 0 0 1
train_jpeg/6371c2201020a3f7e4c5a56f8f7a4fea 1 0 0 0 1 0
train_jpeg/7d746268923b15615c93334eff3a6baf 0 1 0 0 0 0
train_jpeg/72d8934678a3bed17e6ffcf1b63b6aa4 0 0 0 0 0 1
train_jpeg/be6b967a2786880d85bc90397379a97f 0 0 0 0 0 1
train_jpeg/5ff1e6bd7cb14179a70db035d3aa6ba6 0 0 0 1 0 0
train_jpeg/0215ea0420992e458caa662118440fe2 0 0 0 0 0 1
train_jpeg/ab92572887da3377ccc7d68f10407b5d 0 0 0 0 0 0
train_jpeg/6cd61a95d4fbaf35fb141be2bb4c199b 0 0 0 0 0 1
train_jpeg/f8e34b28f4fa0c030e1d55b1190990f1 0 0 0 0 0 0
train_jpeg/e3cc7ffdbe05d3b7b1696c8a2a61a61c 0 0 0 0 0 0
train_jpeg/d09e357225d7ce75a4c44fe4c3c74de6 0 0 0 0 0 1
train_jpeg/ec8e6cf50b6909b8c74cdba94ea8d687 0 0 0 0 0 1
train_jpeg/bb0fca75c321ec35bed77909b7b7b6aa 0 0 0 0 0 1
train_jpeg/dd4931d788c434057fd13a062bf04cd9 0 0 0 0 0 1
train_jpeg/511b21ddb56a8b4b65b7226d976753aa 0 0 0 0 0 1
train_jpeg/19d8506a09f4f2ebd9827498ee04d2cc 0 0 0 0 0 1
train_jpeg/00c726dca086fc483d639dd5f1ca48c0 0 0 0 0 0 1
train_jpeg/a5dfcc60924b58142b382c753ef1c07e 0 0 0 0 0 1
train_jpeg/07bedc010fd13a8e5903473ebcf39cd1 0 0 0 0 0 0
train_jpeg/6259b76067c170bcd10739b177006ca2 0 0 0 0 0 1
train_jpeg/adac80611898114bb1cd5cb47d80ffb4 0 0 0 0 0 1
train_jpeg/2e5dbf1748de953162b08db82526be1a 0 0 0 0 0 1
train_jpeg/f4a6fd536b4fecf6024604beb49040cd 0 0 0 0 0 1
train_jpeg/2047ebfae1b23a9fd4fffaa5411bf566 0 0 0 0 0 1
train_jpeg/44bee0141a26e62f08e6da00b0dbf165 0 0 0 0 0 0
train_jpeg/543c47d17e15517fca858d01596a8697 0 0 0 0 0 1
train_jpeg/17fe937a857cfb757b8718ae875ab8e1 0 0 0 0 0 1
train_jpeg/3c58145fc5651bd028aaee3d5f3d6c40 1 0 0 0 0 0
train_jpeg/70b916c56dbe91ca3903bd5ecd48cce6 0 0 0 0 0 1
train_jpeg/de1d3dba205bbad553d446ae091da3ba 0 0 0 0 0 1
train_jpeg/40e919b188ff9c41cf2e3f9c37a4b808 0 1 0 0 0 0
train_jpeg/ab169e0123361323e76b3c3e5250d804 0 0 0 0 0 1
train_jpeg/2a848e44e179f5e9b7d708835cfa5109 1 0 0 0 0 0
train_jpeg/7ac59121682ceee52113882e22577686 0 0 0 0 0 1
train_jpeg/335a317bb032767650850839d887cb62 0 0 0 0 0 1
train_jpeg/ecdaa71066f64d1f0592799186135925 0 0 0 0 0 0
train_jpeg/749839e6c3338d328068bcd3dfefecc9 0 0 0 0 0 1
train_jpeg/7acec387094705b8b10ec0fe49535e29 0 0 0 0 0 1
train_jpeg/1ef008b6baf86c8889d464710f46e27b 0 0 0 0 0 1
train_jpeg/e4e6a45ca9bfadf6a01e7e451539441a 0 0 0 0 0 0
train_jpeg/e4980f36744d9a8e0dbb26bb97ccbda9 0 0 0 0 0 0
train_jpeg/70e621d1855d992b74df22c66021b25d 1 0 0 0 0 0
train_jpeg/075eed8cc3d035092115398c521152ab 0 0 0 0 0 1
train_jpeg/c69afd3a9a7d980474ef7b6a10857a7c 0 0 0 0 0 1
train_jpeg/bb9b696e424d4f7808f53aaf2306ee6e 0 0 0 0 0 1
train_jpeg/d46ada3de4529d1e72f0f327e3d7d86c 0 0 0 0 0 1
train_jpeg/80f636996b540968f24c909d3c1da685 1 0 0 0 1 0
train_jpeg/04ba2dd9ef21bb193b07b7025ffd45e7 0 0 0 0 0 1
train_jpeg/004d2bc2111d639f5e8441ced52d55cb 0 0 0 0 0 1
train_jpeg/d746a3f16ed61bfebbdfab1b9086e3aa 0 0 0 0 0 0
train_jpeg/64fb1eee6339804a99a1f73aca1c4f0f 0 0 0 0 0 1
train_jpeg/b9aae472a89c265e828445f35fa26a08 0 0 0 0 0 1
train_jpeg/862f0aaa5644a8a01e86ff585005a259 0 0 0 0 0 0
train_jpeg/c27028217abf0f4e49a1e8bc6f4e5900 0 0 0 0 0 1
train_jpeg/32ac1e21bcb8cd7bf1e434f62ae4e9dc 0 0 0 0 0 1
train_jpeg/5ccec2234a9c249b016fb879f062a852 0 0 0 0 0 1
train_jpeg/b03f7c56bbec3f8d4e2e95401ca039ed 0 0 0 0 0 1
train_jpeg/ea00fab3726550241cd51c2750892d36 0 0 0 0 0 0
train_jpeg/84fe5801e7bcf024bb26b7c9285e43bc 0 0 0 0 0 0
train_jpeg/03810755ae5721d65884360e3bccbf9b 0 0 0 0 0 0
train_jpeg/b54b56b472db108351ef8c82ee619806 0 0 0 0 0 1
train_jpeg/29110d696fc497e051c2d2eacca67c44 0 0 0 0 0 1
train_jpeg/1f9bc16c14437340bf28841980a117c5 0 0 0 0 0 1
train_jpeg/ac686c220b4306dd28f8730b17d1dd45 0 0 0 0 0 1
train_jpeg/99b2e229a6be091a83ecb4b483e87a6a 0 0 0 0 0 1
train_jpeg/5e5fe79f061418c504f40ebaafe9705a 0 0 0 0 0 1
train_jpeg/061fa33f6ba0028fbbad8caaeac8d145 0 0 0 0 1 0
train_jpeg/0f4fd2b86df83111f83444ee90edbea1 0 1 0 0 0 0
train_jpeg/fcb84a0cb71696938093ddb14dba07e3 0 0 0 0 0 1
train_jpeg/82d5f09eac7d3abea784450255fddc78 0 0 1 0 0 0
train_jpeg/399a2c70a65ba57c5f095c0eed1814a5 0 0 0 0 0 1
train_jpeg/91d8d0afb48a8cfc80d1e7c6e56f8027 0 0 0 0 0 1
train_jpeg/097c63f9c6d46cfe5bd4937f277fbdbd 1 0 0 0 0 0
train_jpeg/01551a642641ce4371d7a400666afde1 0 0 0 0 0 1
train_jpeg/9c80de4eefd3ab683accdb72a43b2961 0 0 0 0 0 1
train_jpeg/f4ffbc6f8ced17c735923931d73cd9cd 0 0 0 0 0 1
train_jpeg/b76cca59757045fa3cedad238c878354 0 0 0 1 1 0
train_jpeg/0b357271846b8fc4d32dd774b74bf276 0 0 0 0 0 1
train_jpeg/69afc1cd6a3209dfc08651a43e7628fd 0 0 0 0 0 0
train_jpeg/1d34d1439d33676b14a5b55f7e1502cc 0 0 0 0 0 1
train_jpeg/e623b23d5f16d58b332dd448eb680120 0 0 0 0 0 1
train_jpeg/f3dc45b4e1efdaf51bc35ab371110877 0 0 1 0 0 0
train_jpeg/38ccfc0fd67dcb818d05fc640e968a92 0 0 0 0 0 1
train_jpeg/564b521e3ada8a90c4ed5e218e9eafa9 0 0 0 0 0 1
train_jpeg/a4d4f7eac0de8e4c68d9a874b080adea 0 0 0 0 0 1
train_jpeg/02222df826791117f315ecb2b58c5b69 0 0 0 1 0 0
train_jpeg/65e97b1e85197353e02e399d7a5e928d 0 0 0 0 0 1
train_jpeg/6467b5c2d8ebcde331524d7d322931a7 0 0 0 0 0 1
train_jpeg/0c5ff01c7bfb4362fcd98f36e555b08c 0 1 1 0 0 0
train_jpeg/c4e6dda386e88a2c9164f19024359f45 0 0 0 0 0 0
train_jpeg/6f0a0ed8d4b4406598b05c7fbb29cf21 0 0 0 0 0 1
train_jpeg/8073cdb1628427aac2ad0bf4483907c6 0 0 0 0 0 1
train_jpeg/265a695c436289d12e653434b391971a 0 0 0 0 0 1
train_jpeg/ddd12b32eca38d67c4a3f99f5878f560 0 0 0 0 0 1
train_jpeg/25f2c7b53a6ed09a9aaf73c30357aaf6 0 0 0 0 0 0
train_jpeg/d334ba0862d6d00b86cac697698a5fca 0 0 0 0 0 1
train_jpeg/14501aa6c40628be7196aa12da5578a6 0 0 0 0 0 1
train_jpeg/3c9f08fbafe114bec914d2a6e9ca14e1 0 0 0 0 0 1
train_jpeg/959612f16d4ab164853d66bde4ec1297 0 0 0 0 0 0
train_jpeg/cdb6fe5b3e15705839d6b48828a2f5b2 0 0 0 0 0 1
train_jpeg/1ce653fe0a084d6ce581776bbec82ef5 0 0 0 0 0 1
train_jpeg/0f34355eca9e6fb0fabab21711f0a2ec 0 0 0 0 0 1
train_jpeg/84749e46e93f4ac01d4a8ae41bb2a179 0 0 0 0 0 0
train_jpeg/de15c0fca6c7441dd089122ad074a7f3 0 1 0 0 0 0
train_jpeg/ffdd027d6aa68286ea30c61ab6f58454 0 0 0 0 0 1
train_jpeg/c8f9493ed65b68adb82000cb7ca7baf3 0 0 0 0 0 0
train_jpeg/9b073559492a961b9095f6cb30ac8fd1 0 0 0 0 0 1
train_jpeg/fdcbaf21dccc1202812b5233b960de0b 0 0 0 0 0 0
train_jpeg/76a8a1a491e23dc44e0c33654f10c632 1 0 0 0 0 0
train_jpeg/ce84d3c401780408a54c9a8e17d7a8eb 0 0 0 0 0 1
train_jpeg/c8634131ee43469be8f4f75ab4595b10 1 0 0 0 1 0
train_jpeg/4a89b92ca6acb621d81b30707c95e8b8 0 0 0 0 0 1
train_jpeg/a1194482262ecf131eb824cd460e7e28 0 0 0 0 0 1
train_jpeg/77b840d6d8fcce0d2a5595d64eb1caab 0 0 0 0 0 1
train_jpeg/31a2b39d2a73f406dbef13c7cd023eb0 0 1 0 0 1 0
train_jpeg/2fdd72337c9a875cf679564355b4bef2 0 0 0 0 1 0
train_jpeg/bc50a15ada945df038725085a8ef388d 0 0 0 0 0 1
train_jpeg/172b46eea4615a72b09f23a4949678e9 0 0 0 0 0 1
train_jpeg/f8c418328ee0eb0e833b5b6655823cfd 0 0 0 0 0 1
train_jpeg/d44766bf0eb902fbc1848f418417c45f 0 0 0 0 0 0
train_jpeg/e6a08696962a275ee2dd46d9ae1c6150 0 0 0 0 1 0
train_jpeg/ef4cae228e415ff39f53fd62f02c6601 0 0 0 0 0 1
train_jpeg/bb3d26414a85af5edf485b330607860d 0 0 0 0 1 0
train_jpeg/96923fac3f812873938b5fb7280eb12d 0 0 0 0 0 1
train_jpeg/e496dd7622691291445f692fc3479f56 0 0 0 0 0 1
train_jpeg/261af362ed1f38f6e17801d41b079ae7 0 0 0 0 0 1
train_jpeg/47bf5c7c3c42cdd958c3223959f2cec8 0 0 0 0 0 1
train_jpeg/9df823bdb8130ffcea2bee7544a0db94 0 0 0 0 1 0
train_jpeg/ac98e2021c6cb0e87d323a712ae1276d 0 0 0 0 0 0
train_jpeg/cf83c13a10d87eccc1a98032d14daf67 0 0 0 0 0 1
train_jpeg/565a05fe974fa869569d974b10f27cf3 0 0 0 0 0 1
train_jpeg/ee28d5fe8bad0f0e57d563a244ecc2f9 0 0 0 0 0 1
train_jpeg/ed431222ef5a3addea4f1970136117ea 0 0 0 0 0 1
train_jpeg/430d3965420491cd83a28bac825dda61 0 0 0 0 0 1
train_jpeg/a5287677741fd52f1789ca60e863b165 0 0 0 0 0 1
train_jpeg/b0f891aceeaa1e6fe1de0fd072389686 0 0 0 0 0 0
train_jpeg/b079df263ee23cc87ab63f64180cebb1 0 0 0 0 0 1
train_jpeg/9e6d412646e80f05ca3d54a0fd550c5c 0 0 0 0 0 1
train_jpeg/0e1db1a49e1775df6b9e971869600d9f 0 0 0 0 0 1
train_jpeg/a68f8cf139999708da7b3aa3e6594d4a 0 0 0 0 0 1
train_jpeg/5675d53af4dba50022ac53d02afc7827 0 0 0 0 0 1
train_jpeg/6e32962c855cfc30ffb564152f1c6577 0 0 0 0 0 1
train_jpeg/1bf31ecce06f5cab7b82b36daea676b6 0 0 0 0 0 0
train_jpeg/3b5d47335b76a13a78ea88e06883e9a9 0 0 0 0 0 1
train_jpeg/b92720c1db5273ee665145110dadbf1f 0 0 0 0 0 1
train_jpeg/ee0b9e8fd3ad717bfd391f0adc3f459e 0 0 0 0 0 1
train_jpeg/52bda701f8278c3eab00dbdfadf06a37 0 0 0 0 0 1
train_jpeg/e0e6f4e38156ec91f3b46d36fcf65776 0 0 0 0 0 1
train_jpeg/52fb2ec0830cc3163480f0ba9aa1fd66 0 0 0 0 0 1
train_jpeg/d0a9b6cb4429547efd197194f62ad486 0 0 0 0 0 1
train_jpeg/e141a0392c795a20b3e1d8f14d8c7b05 0 0 0 0 0 1
train_jpeg/d46d82b7a42f6c95c134f2732b003c3e 0 0 0 0 0 1
train_jpeg/138502b56b9623e8e76276ba67d7e98c 0 0 0 0 0 1
train_jpeg/21ee48c826f0320183014faee6ae134d 0 0 0 0 0 1
train_jpeg/810a3894117aa4dc8d1cd1d22aa7e9de 0 0 0 0 1 0
train_jpeg/285c4b227a6c923d674fa58fdfdd2eca 0 0 1 0 1 0
train_jpeg/9f94dfffa1461683c80110786c3791a8 0 0 0 0 0 1
train_jpeg/74992b938799957c718c1f2bc069b786 0 0 0 0 0 1
train_jpeg/c67018d28d6b26ed3826a1aa8656931f 0 0 0 0 0 1
train_jpeg/6501b12350a1e1091edf6f0db9deeefc 0 0 0 0 0 1
train_jpeg/459613fae80e092b4619ccd7fc6549dd 0 0 0 0 0 1
train_jpeg/0ccb9c0866cb6c73621d45eb578d6603 0 0 0 0 0 1
train_jpeg/a9cc2f2d386fc3de3d20da289cdce689 0 0 0 1 1 0
train_jpeg/51a476e1c278cc4a59f103432c929b79 0 0 0 0 0 1
train_jpeg/ed87beb001539a3f2c81aeb1c817acbd 0 0 0 0 0 1
train_jpeg/6781a5fd25e2688ae5f8573837f89b6a 0 0 0 0 0 1
train_jpeg/c4c6f2d8872f5f35ff8fe2c145ab88a4 0 0 0 0 0 1
train_jpeg/52c9a468b4d77e79c9a4c27a8e896e67 0 0 0 0 0 1
train_jpeg/8946979e4612e3ca20b61bef83c33429 0 0 0 0 0 1
train_jpeg/47c3488b2b2c3cc1fe426ba89c5ea057 0 0 1 0 0 0
train_jpeg/e06d0f3704b4baa27380683bc25984e0 0 0 0 0 0 1
train_jpeg/653242e4127decde04e22d3b29848d36 0 0 0 0 0 1
train_jpeg/6257b0277b6dc697985febc707d83011 0 0 0 0 0 0
train_jpeg/992d78f7d7396581dedf62938ded80aa 0 0 0 0 0 1
train_jpeg/98e8ae2999c629ea39fd218fc7997d76 0 0 0 0 0 1
train_jpeg/782e3069a94382326a1ef5d47fa64468 0 0 0 0 0 1
train_jpeg/e136c6044c76e28526f649b1eea9e109 0 0 0 0 0 1
train_jpeg/2a3cc19a099f06f80007cceb75d43bf0 0 0 0 0 0 1
train_jpeg/3f0efef8e4a56b73d2b82e83e50c0b90 0 0 0 0 0 0
train_jpeg/1a36a4fb918591ad214a593f6fe52db3 0 0 0 0 0 1
train_jpeg/d07fc23907af771d70b92ffb8403d54d 0 0 0 0 0 1
train_jpeg/ef3f321dd20cafeadceadbb9ecb08b98 0 0 0 0 0 1
train_jpeg/bb4f6dad1f8b8c421f32574f5113dbe5 0 0 0 0 0 1
train_jpeg/4d7fb6d2de98b99652ab45cdf8ad81fb 0 0 0 0 0 1
train_jpeg/2998cdc708e79055543eb95842261f57 0 0 0 0 1 0
train_jpeg/dd4895fd4a9375acfc43f2f9a51a8d49 0 0 0 0 0 1
train_jpeg/45e4a17c1e5246e303bc1b2dd372bbad 0 0 0 0 0 1
train_jpeg/9cbba75970f1fc9f647a9706746e9c7e 0 0 0 0 0 1
train_jpeg/da83810bc6e3d658053acd5110902585 0 0 0 0 0 1
train_jpeg/df1480a0cd4cfb73022709bdf9e816d3 0 0 0 0 0 1
train_jpeg/a22a089ad0b37f398f957fa6533bf03d 0 0 0 0 0 1
train_jpeg/27524f993d518eff96d3a3a15a67e519 0 0 0 0 0 1
train_jpeg/8f5b64909f62324ea75a406ce24e9624 0 0 0 0 0 1
train_jpeg/fe0e5e1172c8dbe0442e46f4f9f1ff4e 0 0 0 0 0 1
train_jpeg/a6815b18ea16692006a4fc6c26fba868 0 0 0 0 0 1
train_jpeg/f809740607325f2f735035aa7cab5a05 0 0 0 0 0 1
train_jpeg/3695e9b858bf3ef80689b571e42fbebe 0 0 0 0 0 1
train_jpeg/4f5576451eef7cb6cfc23195ce071f70 0 0 0 0 0 1
train_jpeg/59ce395b4efb35e9103f5484b6e0ce17 0 0 0 0 0 1
train_jpeg/f2e56bf4b304000674dde626b3335ca7 0 0 1 0 0 0
train_jpeg/e564b890742dc08de367c1fe879fc80d 0 0 0 0 0 1
train_jpeg/91d33747aaed3a4b2e6ced7896795093 0 0 0 0 0 1
train_jpeg/29df463304de180282f55d13d254b409 0 0 0 0 0 0
train_jpeg/2c42c054b21c3a7ff91f13e3b43e5418 0 0 0 0 0 0
train_jpeg/d4591771ef5b177b0c0dfa6b049011dc 0 0 0 0 0 1
train_jpeg/60f3f88acccc1801acb5bb2e66029ee7 0 0 0 0 0 1
train_jpeg/901a00af4a5f9e17c65f510a31b552eb 0 0 0 0 0 1
train_jpeg/bde911be299cef4ecbdf6c63af33cdf6 0 0 0 0 0 0
train_jpeg/b3510302f95f75a91e0fd49e04767f02 1 0 0 0 0 0
train_jpeg/2cb59fe7e250f3e883c884e726719115 0 0 0 1 0 0
train_jpeg/616001e85ea2c6f4380f06426c6f4da5 0 0 0 0 0 1
train_jpeg/10d147dc17cedd31c86cc0a33815a1b7 0 0 0 0 0 1
train_jpeg/19f846627c7cbca2485703b5bfee2e52 0 0 0 0 0 1
train_jpeg/f5090fd5d374072ec820e693abf53e25 0 0 0 0 0 1
train_jpeg/a744309840292f82cd35b91f7884dbcf 0 0 0 0 0 1
train_jpeg/c1f010722e3b392c3837450f1b90dffa 0 0 0 0 0 1
train_jpeg/c04ee933a8fed37ebbeb697b03356a56 0 0 0 1 0 0
train_jpeg/d2e0fbc58c265cc34b5bac94dff6d8ee 0 0 0 0 0 1
train_jpeg/947ace0066ac4f63b8274c33e030f688 0 0 0 0 0 1
train_jpeg/83993c8d8053cfbc221fe1a34b7d1a03 0 0 0 0 0 1
train_jpeg/af55324212072e192d4bd3a4594d8697 0 0 0 0 0 1
train_jpeg/54ec07669753afee902241eaacf3faa5 0 0 0 0 0 1
train_jpeg/7af369bdb6e5d0ed6f93528772e86b3a 0 0 0 0 0 1
train_jpeg/4555cd23fa3c64760cddeb6628c9ad1d 0 0 0 0 0 1
train_jpeg/0211f9fe31142ba1e25fb6a2ea3fea38 0 0 0 1 0 0
train_jpeg/17a43dc27cccda142f5d54d378f4aed7 0 0 1 0 0 0
train_jpeg/923878ed8c8260135f856d361df060c9 0 0 0 0 0 0
train_jpeg/d3e275e681d082bcc003336b8355b2f2 0 0 0 0 0 0
train_jpeg/8a352d81c1b4c05e404eb34be4082022 0 0 0 0 0 1
train_jpeg/ed350f701e78e06fee07bbfa97a54358 0 0 0 0 0 1
train_jpeg/26576637eee899e19fdc98b8fcfb28a4 0 0 0 0 0 1
train_jpeg/7c8d847576d1cf0c01a80cb13a2475d1 0 0 0 0 0 1
train_jpeg/50937a47ccac712f2dd7e750207c16ba 0 0 0 0 0 0
train_jpeg/fd2892a3069f461f8a47e714b9b7f755 0 0 0 0 0 1
train_jpeg/859f9367aa7f73ecbb9747dca39957ab 0 0 0 0 0 1
train_jpeg/018ef9c5d5b20c5161a5c48703171c3b 0 0 0 0 0 0
train_jpeg/b5bd1410c0347b22fba82f6bb6a3a45c 0 0 0 0 1 0
train_jpeg/5d37206ee0084505c5509d92029ee95e 0 0 0 0 0 0
train_jpeg/eb319a3149253e25a32a6f2926cf67b2 0 0 1 1 0 0
train_jpeg/06b633b843dba6822eec95206d086dd7 0 0 0 0 0 1
train_jpeg/570181ee90c0c7b4b10d55b0eef129ef 0 0 0 0 0 1
train_jpeg/06e523e21ac668629092e85928b176a3 0 0 0 0 0 0
train_jpeg/fafb75e0e75b40acd3fe6890c8bfbfe8 0 0 0 0 0 1
train_jpeg/529de882ae3a391433f264483777a0b8 0 0 0 0 0 1
train_jpeg/8f945a424a99d144a2959d45b6e996f0 0 0 0 0 0 1
train_jpeg/78ea1df200023de69c0cf9d0c8a28658 0 0 0 0 0 1
train_jpeg/714e4c788c40892e9a5500e4fde9c753 0 0 0 1 0 0
train_jpeg/c64f24562344eddc2effcc8a1c946701 0 0 0 0 0 1
train_jpeg/d79c5fd6d2f8b96c7de39829805fb270 0 0 0 0 0 1
train_jpeg/e03da77d109fa9ff2bdc9f32a4f1bf4a 0 0 0 0 0 1
train_jpeg/e0a7b2311a978bb3c267948f2170d466 0 0 0 0 0 1
train_jpeg/5aae68523b59b7569d8e6b8765650c28 0 0 0 0 0 1
train_jpeg/eb7f447b553bc604e9e69ba12fa15b9c 0 0 0 0 0 1
train_jpeg/c4a330dbf5845a6f53f102eb3cd771e0 0 0 0 0 0 0
train_jpeg/1374c483d258203eadf6c6a525899d51 0 1 0 0 0 0
train_jpeg/428de3bd0df77dfd8d747ee481e74b15 0 0 0 0 0 1
train_jpeg/c4c9fea6b04fa09516a12fa302545bf6 0 0 0 0 0 1
train_jpeg/723dab9b702a26b38d56a985f258ff2b 0 0 0 0 0 1
train_jpeg/d15e6278a65dfc72e8a437c5836ba4a6 0 0 0 0 0 0
train_jpeg/4cc90b6675994e0b1175295d921c968b 0 0 0 0 0 1
train_jpeg/cda2cf23ab958545151b26e9faffc049 0 0 0 0 0 1
train_jpeg/b6acc59400a48d9306c1560daada75ba 0 0 0 0 0 0
train_jpeg/6da10923313fcb96f204ceae77a5b1a6 0 0 0 0 0 1
train_jpeg/7e771799f53cb06ea951e7909d3c6522 0 0 0 0 0 1
train_jpeg/bd797642567d40f2ad51baddcaef6838 0 0 0 0 0 1
train_jpeg/19092706cfc4df42ae8f3302eb73bbd3 0 0 0 0 0 1
train_jpeg/320636f4d907fe2a72073b7b5fe33f86 1 0 0 0 0 0
train_jpeg/85c5077db75674eafc432cd315a343b5 0 0 0 0 0 1
train_jpeg/e596e3b89332bde018574ca5e32c1e0d 0 0 0 0 0 1
train_jpeg/a3fc0d1857da6835ac10a5149e1d02f7 0 0 0 0 0 1
train_jpeg/4b3860f0eb60a2eb06fa776aa9efaad9 0 0 0 0 0 1
train_jpeg/4a678b609d10ce12201876712151e741 0 0 0 0 0 1
train_jpeg/c759103de50d69378c5be4382418cc89 0 0 0 0 0 1
train_jpeg/e6e11fcf16e269d36b9496612d7ca537 0 0 0 0 0 0
train_jpeg/e92c72255c583ecd16ef62066a98b92a 0 0 0 0 0 1
train_jpeg/b37cd57257591d19366e5a6f23ceb8f6 0 0 0 0 0 0
train_jpeg/aa3cac6153b96e3cdbf504543ee2f260 0 0 0 0 0 1
train_jpeg/e580dc1bdc22fca94110f5e65a45eac9 0 0 0 0 0 1
train_jpeg/909ab0321cdc507243c58b1f95ef55bf 0 0 0 0 0 1
train_jpeg/63d776d09e81262b4f697ef789829aea 0 0 0 0 0 1
train_jpeg/46355182cba3399f341d1cd6474f45ac 0 0 0 0 0 0
train_jpeg/56d8197180bcebfbf00bb64cc694ea8c 0 0 0 0 0 1
train_jpeg/dfb9686c9e1146bd8ff746390ad0ab0e 0 0 0 0 0 0
train_jpeg/2486f3a2e72578b378083e38028707e0 0 0 0 0 0 1
train_jpeg/b9ba9f91ebc313c417fba4573d5b46d4 0 0 0 0 0 1
train_jpeg/a5c5bca04df42e9949aa48cee3ad67c7 0 0 0 0 0 0
train_jpeg/c1c713b330b2cca01963d73ccb294de9 0 0 0 0 0 1
train_jpeg/b7837ea29dd8bd1386f09cc1474320f0 0 0 0 1 0 0
train_jpeg/0191b567f08216ca642e04ef05537169 0 0 0 0 0 1
train_jpeg/b720e511bfdfb393b77a26c29fc8cd91 0 0 0 0 0 0
train_jpeg/3bf8346b7d5b0743713624143004772f 0 1 1 1 1 0
train_jpeg/4547cd5697bce2198806126409b1192a 0 0 0 0 0 1
train_jpeg/04aed38b30c4de9461c8a9940e99d811 0 0 0 0 0 0
train_jpeg/beec674f95f081770ac23ecb95359631 0 0 0 0 0 1
train_jpeg/66a9bad1e0649446a618e94095d6877c 0 0 0 0 0 1
train_jpeg/245427964ba756aa267619d1a9a8587a 0 0 0 0 0 1
train_jpeg/2c5d9c4fdfc633cb9a6af8ead0c45f19 0 0 0 0 0 0
train_jpeg/e80086efbf1bf0178f202499d7379b34 0 0 0 0 0 1
train_jpeg/17a43dc27cccda142f5d54d378f4aed7 0 0 1 0 0 0
train_jpeg/b9e484fa14cf5877736daa59b2ce2b24 0 0 0 0 1 0
train_jpeg/4b4502be77b11e64bf31e62dc098da41 1 0 0 0 0 0
train_jpeg/8acbe4fb1e5a886042029febc6700af2 1 0 1 1 0 0
train_jpeg/bd6bbe058d3f37c07a78644a97d6ef42 0 0 0 0 0 1
train_jpeg/9bb5a1c72d2c871377e730d74d5b9425 0 0 0 0 0 1
train_jpeg/e74856412eeed254480c9d2f78d001d5 0 0 0 0 0 0
train_jpeg/4bc187f73382906f3da22dd5ab8de865 0 0 0 0 0 1
train_jpeg/081f985086b569c68f9a1fa0278187f4 0 0 0 0 0 1
train_jpeg/745dd954945d76615e8785c39b91b6fb 0 0 0 0 0 1
train_jpeg/656744b811b1f0e3c65dd457b3cd8cd9 0 0 0 0 0 0
train_jpeg/dbbeace91c1753403185db8ea141f2a9 0 0 0 0 0 1
train_jpeg/9607e2f142ad3dbaa2ba8db48dc81daf 0 0 0 0 0 1
train_jpeg/a398135fec0dd0d8239d5b6d8d24454b 0 0 0 0 0 0
train_jpeg/9330c9340ec37211b9e19a853242711b 0 0 0 0 0 1
train_jpeg/c5105ae71ee1b7d2b4b18122599ea6b8 0 0 0 0 0 1
train_jpeg/33caf2c1253b43950d3f3b5351308c2e 0 0 0 0 0 0
train_jpeg/f737d59bfbd9baeb93f351676ba5ac5a 0 0 0 0 0 1
train_jpeg/5a801a7c27e70b201cbd2a056e768a33 0 0 0 0 0 1
train_jpeg/87d6a8f38b07e64a2d2bd2e1594a44bf 0 0 0 0 0 0
train_jpeg/573a4270587b6c660f567c741d4fb32f 0 0 0 0 0 1
train_jpeg/132d4bdfdcec9ec341d3b4f85183cd94 0 0 0 0 0 1
train_jpeg/91f1c20e4e0753f19022f919014aaa3d 0 0 0 0 0 0
train_jpeg/ad0fae23cb517dbc4c7c1038996b08f2 0 0 0 0 0 1
train_jpeg/c75dff7f3d9e7ea9fb679a5c4c45fe02 0 0 0 0 0 1
train_jpeg/3daa0e551477dbb5c10280fd744c4087 1 0 0 0 0 0
train_jpeg/32cdd3f20f1f6beff94ee714b61d93da 0 0 0 0 0 1
train_jpeg/3da89bf577082524327d6cb2b6c75d0d 0 0 0 0 0 1
train_jpeg/2072cdb6aab12d25059bb55e7d832290 0 0 0 0 0 1
train_jpeg/86cb829bdad7b39ff9b9f85702be27ea 0 0 0 0 0 1
train_jpeg/dc67d031d4eba63b63da5e8da9ca965d 0 0 0 0 0 1
train_jpeg/60398630bcbf4f2fa6f5730fd9a9f4dc 0 0 0 0 0 0
train_jpeg/ce172d7c50f586140abb96a035db44cf 0 0 0 0 0 1
train_jpeg/8c236e145b88af99532fae385e19dbf8 0 0 0 0 0 1
train_jpeg/5b2e28bd44d10e3e10605d0d95ffba22 1 0 0 1 0 0
train_jpeg/cd1290a0b49dd799d0c77475b1953868 0 0 0 0 0 0
train_jpeg/6a76f514b4a131896ab837c776c7d04d 0 0 0 0 0 1
train_jpeg/3cde958128613bac4e504780c4fd72bc 0 0 0 0 0 1
train_jpeg/be64eb90ac7c89f0c07cdea25e4f3a20 0 0 0 0 0 1
train_jpeg/b83e69529e26ac8cfbf2403044b45920 0 0 0 0 0 1
train_jpeg/d9feb9aa5244e1d523386910bf3f986c 0 0 0 0 0 1
train_jpeg/9f6984d26939d61b940a271cb98875c0 0 0 0 0 0 1
train_jpeg/e036a57c243f3ac3d11d2fb6ae63e355 0 0 0 0 0 1
train_jpeg/9f6f6f43afa660d8dcae9175b5d2e38d 0 0 0 0 0 1
train_jpeg/e1bff512463d93b3ee34d9a987d1295f 0 0 0 0 0 1
train_jpeg/ad52065fa03e78f1a4d5046e8434ec1f 0 0 0 0 0 0
train_jpeg/15430f5f4c60bb403faa3cc96a4a83a8 0 0 0 0 0 1
train_jpeg/b71b9016800369e9cb9ca3a6e53cf5e0 0 0 0 0 0 1
train_jpeg/32c05ef69ce090ebbdaa6741c21afc01 1 0 0 0 0 0
train_jpeg/6d55788f759da917cf8b89f300764dee 1 0 0 0 0 0
train_jpeg/c8cd4cf2230684b7185aa05d0cefe6b6 0 0 0 0 0 0
train_jpeg/ad6f3b380d9d8d24b9fc87dab326c3d7 0 0 0 0 0 1
train_jpeg/cc6fc3c91c3d9061b11b65f8257a2ad0 1 0 0 0 0 0
train_jpeg/a0d944e7bc5598c15fa5dc9bb4053bf7 0 0 0 0 0 1
train_jpeg/aa964d3d679f4daa8c230d6b6abf7343 0 0 0 0 0 1
train_jpeg/a674ebdac474ce9c92552027e51d1d9b 0 0 0 0 0 1
train_jpeg/09f575260ca3169ad362eb82a5e66349 0 0 0 0 0 1
train_jpeg/98a986ffb0c71be58c4cb4d63b9e3b24 0 0 0 0 0 1
train_jpeg/a8ae76a6902d594f90596f039ffca026 1 0 0 0 0 0
train_jpeg/bf67bbd3530ec0e16297cd078c7043d5 0 0 0 0 0 1
train_jpeg/34b63ee871b59cc84249bc3c3ec8a4bf 0 0 0 1 0 0
train_jpeg/a5013530a36870ddb8efa762f08249cc 0 0 0 0 0 1
train_jpeg/48852da1ec47bc4d3fdaaa5da74bba85 0 0 0 0 0 1
train_jpeg/503e5b07d6056f0c00057e2917f1abea 0 0 0 0 0 1
train_jpeg/b117813585c3d832d90eabc3cce04721 0 0 0 0 0 0
train_jpeg/616baef26f2d2074207d8ff097193f6b 0 0 0 0 0 1
train_jpeg/a07064273b3f1112655970e8326f25df 0 0 1 0 0 0
train_jpeg/dbd95448052d2fd61f31da0c52f05845 0 0 0 0 0 1
train_jpeg/ae67349fc92ab21e9c5b257abc3eb789 0 0 0 0 0 1
train_jpeg/0335eb5b09f03f1a943d5335d7fa129d 0 0 0 0 0 1
train_jpeg/8111591b7fea74653fbd7e935a74cf36 1 0 0 0 0 0
train_jpeg/f5b2547ee619395f63368aab8996f2fb 0 0 1 0 0 0
train_jpeg/b79e0300fb06d20b515018ca4a94d646 0 0 0 0 0 1
train_jpeg/ff8e792afe941fdc029a9b898c71510d 0 0 0 0 0 1
train_jpeg/0335eb5b09f03f1a943d5335d7fa129d 0 0 0 0 0 1
train_jpeg/1606093b9d036cda7e30316ada6ea2cf 0 0 0 0 1 0
train_jpeg/464c4f4d94d999777e09aca18e381926 0 0 0 0 0 0
train_jpeg/b90ffdff145e509470fa3e65b59fd7fc 0 0 0 0 0 1
train_jpeg/db0409f17482d968dc350ae12a91d913 1 0 0 0 0 0
train_jpeg/3cd8b9b6d212008e7eac9a1fe86b15e3 0 0 0 0 0 1
train_jpeg/af992d783c81d6451c5480f07c802a05 0 0 0 0 0 1
train_jpeg/1b6b4e0d7f5f7d7ad2bf8b70783244be 0 0 0 0 1 0
train_jpeg/05d3315aef94ddf37fe9c4886816a702 0 0 0 0 0 1
train_jpeg/128f55a981d4192a2990946431a7469b 1 0 0 0 0 0
train_jpeg/c516ff097d60479f58a797cefad2c80f 0 0 0 0 1 0
train_jpeg/750dfaff21f3a058d53ef2e06a291b62 0 0 0 0 0 1
train_jpeg/d6569366db7f18f343963d9119307f89 0 0 0 0 1 0
train_jpeg/980030eec2892fd979adc481d9675550 0 0 0 0 0 0
train_jpeg/1a52acd36e0d153f9eccb125075b31bf 0 0 0 0 0 1
train_jpeg/ca6c4552248da1513a23759b61e22f65 0 0 0 0 0 1
train_jpeg/8ce1c8d29072b068ae7c6c185213e156 0 0 0 0 0 0
train_jpeg/309567fc6ae93a47b1665c7c60edd20b 0 0 0 0 0 1
train_jpeg/b2df8e7f5070e86f339c3750a6568887 0 0 0 0 0 1
train_jpeg/572e22c19f0c4a029c2746c5ca20360f 0 0 0 0 0 1
train_jpeg/5c919b023f719647c3773b04498664f5 0 0 0 0 0 1
train_jpeg/bbe274a006eb25afe1432d1dd393f6fa 0 0 0 0 0 1
train_jpeg/8b9249d6f418fdaf8879c0ec888d5950 0 0 0 0 0 1
train_jpeg/d12e5393583cc85a35fa911a88493d51 0 0 0 0 0 1
train_jpeg/8aac03244d431b932ee34b4cda0f5325 0 0 0 0 0 1
train_jpeg/d947047dbcf04119ee04c1aef5030cc0 0 0 0 0 0 1
train_jpeg/2ef0bacf191dcacaa16ceb8a8b6a7fc6 0 0 0 0 0 1
train_jpeg/f623f284f8033fcf52ff63d99448fddf 0 0 0 0 0 1
train_jpeg/db8cef631031c241d7eea067c09fde94 1 0 0 0 0 0
train_jpeg/da8e9bd37507c2e50ec087b48e581723 0 0 0 0 0 1
train_jpeg/5c9c0490f1629ab3659c7785ae22224d 0 0 0 0 0 1
train_jpeg/e29fcb9b89f4ccf3e2caeb609b99fb5f 0 0 0 0 0 1
train_jpeg/430e3d75b2b3924e82d5fcf9bec84e8b 1 0 0 0 0 0
train_jpeg/37345611042805f08784200375e7f36c 0 0 0 0 0 1
train_jpeg/5955a4d3f94e8125db08141bd25a6824 0 0 0 1 0 0
train_jpeg/4aaebe588ff727b6fd09d0a82cfd51a2 0 0 0 0 0 1
train_jpeg/e102c995058060f394b532a81bc21011 0 0 0 0 0 0
train_jpeg/942bb39f2500af10630a3847f976101b 0 0 0 0 0 1
train_jpeg/cdf9f0eb45572fe32a1c66db5755fc20 0 0 0 0 0 0
train_jpeg/27129548cc62420449c33ed5fb41eec6 0 0 0 0 0 1
train_jpeg/2015d2cd31ec277b7db2e377adc31985 0 0 0 0 0 1
train_jpeg/3a59363995006fd88ee83584b1e3f6e7 0 0 0 0 0 0
train_jpeg/b268c88c31c1ddfdc96aed38c5a88987 0 0 0 0 0 1
train_jpeg/98730cb1230d842cb14671c32e534220 0 0 0 0 0 1
train_jpeg/2e426ab34288f1f7edba1c73feb45a05 0 0 0 0 1 0
train_jpeg/cca960f7eb04e1a2cb55cb006abf7c49 0 0 0 0 0 1
train_jpeg/82749b931eca262869588926f1064ce7 0 0 0 0 0 1
train_jpeg/de433be251ac0a76b47d0106857b48b1 0 0 0 0 0 1
train_jpeg/58a22ee84492387e2ca894c1d23df268 0 0 0 0 0 1
train_jpeg/e5c83f02dfe7265bb10020c2fc7b487a 0 0 0 0 0 0
train_jpeg/1f51fbda3b0b698e7670d3d9e77176db 0 0 0 0 0 1
train_jpeg/e1872dc4c0fe4ae1b33c1aba864bc858 0 0 0 0 0 1
train_jpeg/48bb4ad46a1a86fd959ddb23e5bf3618 0 0 0 0 0 0
train_jpeg/15be011ec328fb18affff8f2f3f3c4ea 0 0 0 0 0 1
train_jpeg/c17557231bd8dce7fe3663817c146af7 0 0 0 0 0 1
train_jpeg/325fece9273ff0bf0ea08a42fe24626d 0 0 0 0 0 0
train_jpeg/8d1ed95c4f80374dea90ae4442cbe9c6 0 0 0 0 0 1
train_jpeg/6d1b437d5d0c8679c5332a7ee81a209f 0 0 0 0 0 1
train_jpeg/f04b3db35749d0bb959a9dbb8e5858c9 0 0 0 0 0 0
train_jpeg/cdf9f0eb45572fe32a1c66db5755fc20 0 0 0 0 0 0
train_jpeg/7ecd6f67f649f26c05805c8359f9e528 0 0 0 1 0 0
train_jpeg/50723f9ca4e3cc4b33cac5970f8c442f 0 0 0 0 0 0
train_jpeg/4e154f05114042c5216a7554989b8e9e 0 0 0 0 0 1
train_jpeg/ad52065fa03e78f1a4d5046e8434ec1f 0 0 1 0 0 0
train_jpeg/ceb4c84420bf3e4ac5e79dac13435ef9 0 0 0 0 0 1
train_jpeg/525c3c02095b734f5b161154df894b65 0 0 0 0 0 1
train_jpeg/de1d3dba205bbad553d446ae091da3ba 0 0 0 0 0 1
train_jpeg/eda50be538fe17c4f5e36050a8fbcc86 0 0 0 0 0 1
train_jpeg/3401b53a86a36db0ff61b87eec51b4e8 0 0 0 0 0 1
train_jpeg/a33ac819aea24b063aab9760eb32a7c3 0 0 0 0 0 1
train_jpeg/c47f990c77a3f3bf4096cd28b557cb0b 0 0 0 0 0 1
train_jpeg/6dcaaabe767bfbd5cd13ad3c966a21c4 0 0 0 0 0 1
train_jpeg/545dfeb98c767fa82f092f977057c9e6 0 0 0 0 0 1
train_jpeg/5e9cff920c50f683f16c3788bdcf2b8c 0 0 0 0 0 1
train_jpeg/285757455efb2aa9ee37477dc3ce17b6 0 0 0 0 0 1
train_jpeg/792e18fc92978e6ac54589455bddf6d9 0 0 0 0 0 1
train_jpeg/380d07a94cc4b012812119370de47192 0 0 0 0 0 0
train_jpeg/9278f10a8ff708a2cb687a2f0366ad74 1 0 0 0 1 0
train_jpeg/8e8c26669bc2c2e4b0897bd792ae87b5 0 0 0 0 0 1
train_jpeg/50ec54229eeb51ac7cdd082d2b7e8644 0 0 0 0 0 1
train_jpeg/7d1d6c683513c07e91b0f5342a9e2cdc 0 0 0 0 0 1
train_jpeg/c6821f9488fa1827726c54dbf5c862b8 1 0 0 1 0 0
train_jpeg/dee88fe5817b322335cbb11bba8807b0 0 0 0 0 0 1
train_jpeg/dd3e6f5e23e091cc2bd5d73df7af25ea 0 0 0 0 0 1
train_jpeg/18a5c8860abc63dbef3627d3e5efd951 0 0 0 0 0 0
train_jpeg/b6f857244b0ab85f69774dd2b25b85c7 0 0 0 0 0 1
train_jpeg/df43f55cec26e910637227f1a608b4db 0 0 0 0 0 1
train_jpeg/3633b8a8cffa248a55bab4084f4ff5e9 0 0 0 0 0 0
train_jpeg/13408fd9a760f2110321b4dfc67d8386 0 0 0 0 0 1
train_jpeg/69a2762d9ad4e34d46a08a58596a71e9 0 0 0 0 0 1
train_jpeg/4e7d08c8d0ad462a63427ad7c71b84fc 0 0 0 0 0 1
train_jpeg/5a6a5c5c3b4baeaab946622598483910 0 0 0 0 0 1
train_jpeg/c9273b952d07d16a9e39560eb93cfcd7 0 0 0 0 0 1
train_jpeg/a5ef63166c0cc0acf772a7f06ef54fac 0 0 0 0 0 0
train_jpeg/2fd75ce4f9359d478edcf81d606fa636 0 0 0 0 0 1
train_jpeg/b8a3c4c774a9cb44002e0d33cfdcec1c 0 0 0 0 0 1
train_jpeg/03a3ed42ca92c02bfdff57a91f4dbf4d 0 0 0 0 0 1
train_jpeg/955c561b6301bc98d02990faa70a5ec6 0 0 0 0 0 0
train_jpeg/fdcdbc6befee8ab9553039895835bad8 0 1 1 0 0 0
train_jpeg/8f53904e77e3c20fc28a489d9737d973 0 0 0 0 0 1
train_jpeg/e4980f36744d9a8e0dbb26bb97ccbda9 0 0 0 0 0 0
train_jpeg/c4179d7d6f19e1b4b27460c03810f651 0 0 1 0 0 0
train_jpeg/ff23ccee56502576223bd8b8c70b6027 0 0 0 0 0 1
train_jpeg/615d105e7b106b4af109bce392b3ccf8 0 0 0 0 0 1
train_jpeg/47ce751ae117bc7bac4784992c7190fe 0 0 0 0 0 1
train_jpeg/0b0e106a53f9dc3b28a9b15f94510b7a 0 0 1 0 0 0
train_jpeg/cd1a6e3e5352f7b0dd5f596f29b74390 0 0 0 0 0 0
train_jpeg/8e5f9d775ab631aca970ca98d32946dc 0 0 0 0 0 0
train_jpeg/de4ab903cee751d979e2a7c14f51500f 0 0 0 0 0 0
train_jpeg/4c69148b8a5c0040d9ae22149f295b37 0 0 0 0 0 1
train_jpeg/35620921ecc703db757ec699f456090e 0 0 0 0 0 1
train_jpeg/7e2c00df012b5314d02508317514e531 0 0 0 0 0 1
train_jpeg/530ec5b21e038ebc9c5664a2551198d0 0 0 0 0 0 1
train_jpeg/ce05e2dfd28685a861263561a123fb05 0 0 0 0 0 0
train_jpeg/e7375b4dfc336c7b166b688f72d86b34 0 0 0 0 0 0
train_jpeg/16f16442d947871a2f093dc95c33eefc 0 0 0 0 0 1
train_jpeg/104b915269077619e2b3bbf641506327 1 0 0 0 1 0
train_jpeg/26a01386eb1f1402efe6056e2f41de62 0 0 0 0 0 1
train_jpeg/a5dedc7c9068f198257a7afdf0d15947 0 0 0 0 0 1
train_jpeg/4f15e82336d2e7505d4c9d757d6b1e68 0 0 0 0 0 0
train_jpeg/76a40c2762929270c0282d0cc6265da5 0 0 0 0 0 1
train_jpeg/39eaf0dbdf50b88ac6b3f02b918ac86a 0 0 0 0 0 0
train_jpeg/b8de83edc69e3eb2e8837f74ff988557 0 0 0 0 0 0
train_jpeg/9852b93d2e984a4c427f7d14be534717 0 0 0 0 0 0
train_jpeg/63d8099dfee38341136186731ec2e74c 0 0 0 0 0 1
train_jpeg/f6a02c150398121cf6c809d623a0c1c0 0 0 0 0 0 1
train_jpeg/d95b66ea107fcdb1aba890cd6b51fc88 0 0 0 0 0 1
train_jpeg/c9e7fee9a81af19c2449de8d550621f5 0 0 0 0 0 1
train_jpeg/f39cd708b079301a6074426d674aabf7 0 0 0 0 0 1
train_jpeg/ae995f3866b1bd3f06dc4d713407a0be 0 0 1 1 0 0
train_jpeg/570103628c5548a5ea2c4a1c1f0a051f 0 0 0 0 0 1
train_jpeg/41d6159222d3c8aa480f2ca9acd915d3 0 0 0 0 0 1
train_jpeg/4af7096ba8b0589e8e2852d095fd55e2 0 0 0 0 0 1
train_jpeg/8930287e5b8e10afd7e6342625c232e6 0 0 0 0 0 1
train_jpeg/40e8a0f30610634447cf7f44db3f8136 0 0 0 0 0 1
train_jpeg/fd8bd7efba38113c2848079bab15f193 0 0 0 0 0 1
train_jpeg/da14c06a44aaa07f630e22a69e5ee17f 0 0 0 0 0 1
train_jpeg/75e726f1b8f916a9e805f1f1e326a02d 0 0 0 0 0 0
train_jpeg/570f86fa3c8923ee5476ac1b1e7485e0 0 0 0 0 0 0
train_jpeg/08f84015dd3811451c7a99f3357480be 0 0 0 0 0 1
train_jpeg/4fe8fedee3a990958113337559dcfbfb 0 0 0 0 0 1
train_jpeg/2e7b51cf120ec59d369331d09bba34b8 1 0 0 0 0 0
train_jpeg/54a949ae76b8899a737c80350e97bea1 0 0 0 0 0 1
train_jpeg/64d6687203ebd563296f3bb4b85c813c 0 0 0 0 0 1
train_jpeg/b3c2272bc118aea4ddac51463090d75e 0 0 0 0 0 1
train_jpeg/ba1fa858aab8cce6f76add53b7a3414d 0 0 0 0 0 1
train_jpeg/1b8929dcd5ba852afce3a24c9a33909b 0 0 0 0 0 1
train_jpeg/14f2cc0ad531303b0cf8d60bfad32bc7 0 0 0 0 0 1
train_jpeg/fd0ed5803c8a5c25831ab0c3a8778d9e 0 0 0 0 0 1
train_jpeg/c88c3cfbb6ed6198f4e13b5e4dda7f5b 0 0 0 0 0 0
train_jpeg/9b76541901a2f921699aa6ce8741c31f 0 0 0 0 0 1
train_jpeg/3fd9727ab2ea76dac5770130661a738d 0 0 0 0 0 0
train_jpeg/7efaadf8edae89fab65a9c71be3dd198 0 0 0 0 0 1
train_jpeg/8b56ad8efb24b318af4ea2d5363677b5 0 0 0 0 0 1
train_jpeg/4e1c7c8139ca923967f318edb0fec0e6 0 0 0 0 0 0
train_jpeg/33ddcbc05ab42047e14d6a9ff8f3b052 0 0 0 0 0 1
train_jpeg/32bb66e6cb8800c62203a1db2f58834d 0 0 0 0 0 1
train_jpeg/c034601e693ad916d32693ac2a5db8b1 0 0 0 0 0 1
train_jpeg/63f9a83dda6ed196317c68a725988a24 0 0 0 0 0 1
train_jpeg/f38e6047550ecab948fe98c912f3e508 0 0 0 0 0 1
train_jpeg/bcf9792862d3dc05bfe130a65f4d0dfe 0 0 0 0 0 1
train_jpeg/c11ee2ccaab6e2007b776878c1c06121 0 0 0 0 0 1
train_jpeg/719182f814fc1a742e0fbc1a751f6af7 0 0 0 0 0 0
train_jpeg/f81f93687cba8415a59774bb7dce0d77 0 0 0 0 0 1
train_jpeg/4e04cff2cf0a68cc8fc0163214ac7819 0 0 0 0 0 1
train_jpeg/5588a195d4bc9d11d1554ec73e727603 0 0 0 0 0 1
train_jpeg/afe34c8c9dc37efd1d28b7319c2c6079 0 0 0 0 0 1
train_jpeg/62071e073320c21515baab6e5c55ddf8 0 0 1 0 0 0
train_jpeg/249503ef61e9450337fc04c69e7ceed7 0 0 0 0 0 1
train_jpeg/c4693c93904132e44a2826e277b3b5da 0 0 0 0 0 1
train_jpeg/72d2a32355662fd12a16420bd689bbf9 0 0 0 0 0 0
train_jpeg/7b453829a8abc97cc04e86899c71f357 0 0 0 0 0 1
train_jpeg/b3ab21518c2389a636a13b87cf7141fb 0 0 0 0 0 1
train_jpeg/aca2dc4418182356911b47ede407b1da 0 0 0 0 0 1
train_jpeg/3c7400e326b4c475d22b21e84ac64b87 0 0 0 0 0 1
train_jpeg/0fdba5b4298773f488709251e49b26a2 0 0 0 0 0 1
train_jpeg/b23ee0544bba6ed7301111820f8de415 0 0 0 0 1 0
train_jpeg/8a482be3ab941b8b011bd9badcb6c094 0 0 0 0 0 0
train_jpeg/c3a7cdd9fb36706cfd3a4fdb86b65061 1 0 0 0 0 0
train_jpeg/33942fc734f2e141026c666c1667ca99 0 0 0 0 0 1
