train_jpeg/00053190460d56c53cc3e57321387478 0 0 0 0 0 1
train_jpeg/0006e0a85696f6bb578e84fafa9a5607 0 0 0 0 0 1
train_jpeg/003cfe5ce5c0ec5163138eb3b740e328 0 0 0 0 0 1
train_jpeg/006501b11e04aec2d403177b9ae0f34c 0 0 0 0 0 1
train_jpeg/006e5626f560c1a2a74f953d71f16c11 0 0 0 0 0 1
train_jpeg/00bedb314b716e802e72799b17edb059 0 0 0 0 0 1
train_jpeg/014b381459563f39d15b37e327f2766e 0 0 0 0 0 1
train_jpeg/015bf89fc34cde9fafe7c79366fecee7 0 0 0 0 0 1
train_jpeg/018b348fd699821cdbc5bdc0b329982c 0 0 0 0 0 0
train_jpeg/01ad4b5b1e69b4fd92ebe4e35d76eeb5 0 0 0 0 0 1
train_jpeg/01f57c9a402a8b1ba7a654d7d13b55ce 0 0 0 0 0 1
train_jpeg/02079342f9e5f558b5351c222f6394b7 0 0 0 0 0 1
train_jpeg/02cbfa27d9e4b1d8c279932cd82e0730 0 0 0 0 0 1
train_jpeg/02ee00905d908d39419eb2391b5c6f35 0 0 0 0 0 1
train_jpeg/02fb30c1dd4e6ba448c8bbe4685b77ae 0 0 0 0 0 1
train_jpeg/0343e7f7e9e4cc1ac974ab130d46eafa 0 0 0 0 0 1
train_jpeg/0344c63913224cf62e3d8bcd5dd93a9b 0 0 0 0 0 1
train_jpeg/035b53e8aabf8763537a296c291135d1 0 0 0 0 0 0
train_jpeg/036e52a7979b27826f67bde01b2bf725 0 0 0 0 0 1
train_jpeg/03ec9ca738f579b956cb4af13efa155a 0 0 0 0 0 1
train_jpeg/041081d11262c5f150e655f5e5ff0a2c 0 0 0 0 1 0
train_jpeg/0423124ca41c984335554a43267db7fa 0 0 0 0 0 1
train_jpeg/0428eb1ea4b373245cfc3934cde6d55a 0 0 0 0 0 1
train_jpeg/04494b3ea2a46c6204620592419352db 0 0 0 0 0 1
train_jpeg/04e78baf5f049a01b6b4f9a14f0b7c78 0 0 0 0 0 1
train_jpeg/04fd89a35648f61485c02b90454bf246 0 0 0 0 0 1
train_jpeg/0543f117f2447ea6552481b57d1259a8 0 0 0 0 0 1
train_jpeg/0555c4d61c2a897653377312f2c14b4f 0 0 0 0 0 1
train_jpeg/05654196490c675a03f8a30cdea330fc 0 0 0 0 0 1
train_jpeg/056c4d8c3a338b66ea0247bc5e0237c4 0 0 0 0 0 1
train_jpeg/057c60e970f445a969dca914ab8d1b8e 0 0 0 0 0 1
train_jpeg/05ba77b1cf87cd4597d988581f269b44 0 0 0 0 0 1
train_jpeg/05c9d4438807f4ecbbea5be0c60e6ec6 0 0 0 0 0 1
train_jpeg/05e560d65da399f4310a51c5bc7f44d8 0 0 0 0 0 1
train_jpeg/062a20d74974867cb8f6a100972d3426 0 0 0 0 0 1
train_jpeg/065656acda64a18d7e0cb588b9823a5a 0 0 0 0 0 1
train_jpeg/0686521b0b8cf9426f253601b805fb52 0 0 0 0 0 0
train_jpeg/06bea3c168800ffe67be48d02ffd384e 0 0 0 0 0 1
train_jpeg/06f864ba601b64bf44c312b2e5cdd894 0 0 0 0 0 1
train_jpeg/071a18b42cbae65862b7fffae03134fa 0 0 0 0 0 1
train_jpeg/0786a13cabda003d621aa54c5b875fdf 0 0 0 0 0 1
train_jpeg/07b4b2f75dd4f9b0f9915d7063e798b8 0 0 0 0 0 1
train_jpeg/07c9ba701fe26c4d6de66965e4d35157 0 0 0 0 0 1
train_jpeg/08442bce192528f64b24ec9222f44044 0 0 0 0 0 1
train_jpeg/08c182c884fec1fad1b1e4a19d482acf 0 0 0 0 0 1
train_jpeg/092f49f51e7c90f0286baece053295a6 0 0 0 0 0 1
train_jpeg/0999a23a7982827edaf16f0244d2e2d7 0 0 0 0 0 1
train_jpeg/0a01e85a77546c597ca87cd04e922a31 0 0 0 0 0 1
train_jpeg/0a16dc6491142ff8c7c36f3b3f4ebd02 0 0 0 0 0 0
train_jpeg/0a26a07d95ed851cdfc7f55f44e2ba77 0 0 0 0 0 1
train_jpeg/0a404541211c7910862e886772e31ae4 0 0 0 0 0 1
train_jpeg/0a80df703ea62ce2c98aab7e6cd995c8 0 0 0 0 0 1
train_jpeg/0a8b7a6bc6b604bd67eff9d5258b959a 0 0 0 0 0 1
train_jpeg/0a8d69d1c45bece901929db269a5e6cf 0 0 0 0 0 1
train_jpeg/0a953437a2627f2080cc6c8c5939d59b 0 0 0 0 0 1
train_jpeg/0ac148392d4a9e42884f178cd8de015a 0 0 0 0 0 1
train_jpeg/0ad8663c40dedf625c03ecc586af5c52 0 0 0 0 0 1
train_jpeg/0ae8662d977c0bdcb68f704be748f065 0 0 0 0 0 1
train_jpeg/0aee36a63b071c37c1d647d931c7a833 0 0 0 0 0 1
train_jpeg/0b154484e0e38928fc1c0dbfda760ea6 0 0 0 0 0 1
train_jpeg/0b6c10e0cd5868289d11c20da87410b8 0 0 0 0 0 1
train_jpeg/0b9dd99214ab1ef052cdfd62fdfe82c4 0 0 0 0 0 1
train_jpeg/0c23a87d02f786638b415021cb5e6278 0 0 0 0 0 1
train_jpeg/0c285f4a92ac064b0fc85f3aa01e48f7 0 0 0 0 0 1
train_jpeg/0c698358c936351c9a1dd79d3d89aabf 0 0 0 0 0 1
train_jpeg/0c7bf87c0c415d3226451214c5b382b1 0 0 0 0 0 1
train_jpeg/0c8878df2a566fd017170ebde56cc92a 0 0 0 0 0 1
train_jpeg/0c9349523719ed8208d219a3eb386021 0 0 0 0 0 1
train_jpeg/0cb20ec518beba3ffe05c176cf2769d8 0 0 0 0 0 1
train_jpeg/0cbe760fa8204491c0bfa5574da82b90 0 0 0 0 0 1
train_jpeg/0ccb9c0866cb6c73621d45eb578d6603 0 0 0 0 0 1
train_jpeg/0cd17ac8af6bb78438a190ec56085b71 0 0 0 0 0 1
train_jpeg/0d6acec8422b6fb8e214f770a1ff7d2d 0 0 0 0 0 1
train_jpeg/0d7ece5a693e80f4745a0750ec1f3cd1 0 0 0 0 0 1
train_jpeg/0dad6433acdce99fe4c8542181dc4d03 0 0 0 0 0 1
train_jpeg/0dda67e8e02513695e2bfdd5a846f03e 0 0 0 0 0 1
train_jpeg/0e6a918cc2a038ef1e8d3b0d9554f05e 0 0 0 0 0 1
train_jpeg/0e81c45fe6e9da1d0bc282077f879b99 0 0 0 0 0 1
train_jpeg/0ec4947d689af2a94cc913b312368279 0 0 0 0 0 1
train_jpeg/0ecaf0732fd979768bd7492bcb17856c 0 0 0 0 0 1
train_jpeg/0ee9cd1ab91572c302f60669056aa3f2 0 0 0 0 0 1
train_jpeg/0f27e4b742995aef46336c6c408f842a 0 0 0 0 0 1
train_jpeg/0f7ab20fb85469481df0c23360fac949 0 0 0 0 0 1
train_jpeg/101dd0689c22255c9dafaa937283caf3 0 0 0 0 0 1
train_jpeg/102cbcda64728d1f29cab99f4614e141 0 0 0 0 0 1
train_jpeg/103b82bef40be1f5f109bf5d9768030f 0 0 0 0 0 1
train_jpeg/104860ff1aa7436fb5cf53175e39d427 0 0 0 0 0 1
train_jpeg/1049692f29ed7540074d4b0b623cae6e 0 0 0 0 0 1
train_jpeg/105a6ffa3024a21b53f0dc40a35b23b1 0 0 0 0 0 1
train_jpeg/1067fc1a24a63bbc6de0c2d31b141e3f 0 0 0 0 0 1
train_jpeg/10686e7ea44bdd90fb5c73759ce2ae8f 0 0 0 0 0 1
train_jpeg/106f429f6701dbf750e07d6746082995 0 0 0 0 0 1
train_jpeg/10fa57a7b3532d96bcf34f2dd9c4b4f1 0 0 0 0 0 1
train_jpeg/113af773c1c297ec9eed8f073d8b4d26 0 0 0 0 0 1
train_jpeg/1172de6d573beff0890bdd58889464cc 0 0 0 0 0 1
train_jpeg/11b2e6db4cc87c726b30263b6afcd18d 0 0 0 0 0 1
train_jpeg/11b45b85ec598039c5b2da0ebc23d0a3 0 0 0 0 0 1
train_jpeg/11d86d613e387706418a5a550f03e742 0 0 0 0 0 1
train_jpeg/11dee4da1ff602fbb596f7792e84ba85 0 0 0 0 0 1
train_jpeg/12187bffa708115e7e67e893abb2ee6d 0 0 0 0 0 1
train_jpeg/125106a09cf148efd0c519c633d98434 0 0 0 0 0 1
train_jpeg/127c8c92b4e4393323efcde8c536de93 0 0 0 0 0 1
train_jpeg/12d07ebe6236b5dd4ae9455b37824ed1 0 0 0 0 0 1
train_jpeg/1364ef33b36720eb7c3909651532bbbf 0 0 0 0 0 1
train_jpeg/1381bbcf017f7fb86ed1f45ae52e2a1f 0 0 0 0 0 1
train_jpeg/13cfa0ce17cc9c37b5201e8660b77b19 0 0 0 0 0 1
train_jpeg/1436bbd29c4dcb04ac01e6696dd7e18d 0 0 0 0 0 1
train_jpeg/14501aa6c40628be7196aa12da5578a6 0 0 0 0 0 1
train_jpeg/14cb50f9f7121daf9cab46bab3a7421b 0 0 0 0 0 1
train_jpeg/15231685e2711bfe8eaef46418877d94 0 0 0 0 0 1
train_jpeg/152e42ed344d3522d48ca940d2458c0c 0 0 0 0 0 1
train_jpeg/157a5f10f07b0c68a0dae91fd9be51aa 0 0 0 0 0 1
train_jpeg/15af14446b411c614094e6d68f74d9ff 0 0 0 0 0 1
train_jpeg/15edc6ae9aebe34220472aa7fcf34b08 0 0 0 0 0 0
train_jpeg/16226b1bff454f0621dc499b0bf05fcc 0 0 0 0 0 1
train_jpeg/162713b8cd6c652cf8091cf0d584899d 0 0 0 0 0 1
train_jpeg/16287c653a2cfb8ad6f5c9e822913e11 0 0 0 0 0 1
train_jpeg/175813438023e3cc287b1368154b7fdb 0 0 0 0 0 1
train_jpeg/175a32c129d93a255273bcd58c91094b 0 0 0 0 0 1
train_jpeg/17c605c7398e5c8ba72d279fcef9d95c 0 0 0 0 0 1
train_jpeg/17e313aa0692721752e196f267f0a387 0 0 0 0 0 1
train_jpeg/17f6dee4cb5a49d4831d3be2f3d276d4 0 0 0 0 0 1
train_jpeg/181a75c1249752890a7dc4a5f1f8a445 0 0 0 0 0 1
train_jpeg/186ffd90eb711d0f1a41458520bb48ea 0 0 0 0 0 1
train_jpeg/189cdd6c035ddf60e25d6b5a59483aa4 0 0 0 0 0 1
train_jpeg/18b496f16e2941e5f8e0f7db81d3098e 0 0 0 0 0 1
train_jpeg/18d7436c9658e6332cd85f06d9365ae7 0 0 0 0 0 1
train_jpeg/18d947bf4df364db859aefa2e3ef34fd 0 0 0 0 0 1
train_jpeg/18ebccea33583751bb70b9aed324b9f0 0 0 0 0 0 1
train_jpeg/18ee5156937f823acee35e15110c6521 0 0 0 0 0 1
train_jpeg/194948df6c373e542f180aabe09894e8 0 0 0 0 0 1
train_jpeg/19514c760278af2a9c30c1a066ca5a34 0 0 0 0 0 1
train_jpeg/1965a7754db07d37805473e656bbf611 0 0 0 0 0 1
train_jpeg/197e2705c99aec8cb184798cd116d4d3 0 0 0 0 0 1
train_jpeg/19f08bdb301a4041b98258cf9a5aeafb 0 0 0 0 0 1
train_jpeg/1a12a01319157c409b0874b66319bc35 0 0 0 0 0 1
train_jpeg/1a414a1cb6b545c2ee4de4abede481c7 0 0 0 1 0 0
train_jpeg/1a659fe794a9cd300aaeb3f1a0426d1f 0 0 0 0 0 1
train_jpeg/1a91a7af5c6ba164481c91f3fab7b1b2 0 0 0 0 0 1
train_jpeg/1a96431bc7903b5049ae70fc5a7d8965 0 0 0 0 0 1
train_jpeg/1ac4c387094f40ffe656dba6cda068ff 0 0 0 0 0 1
train_jpeg/1ac82901d20fd381f9aee67859846cef 0 0 0 0 0 1
train_jpeg/1aebe196c344ddae48ec99b142bcf4c2 0 1 0 0 0 0
train_jpeg/1af9eca90157fa3d3c04c3ac90ccb9a9 0 0 0 0 0 1
train_jpeg/1b1f68f3e0583a4e6094ecd9b620792e 0 0 0 0 0 1
train_jpeg/1b8929dcd5ba852afce3a24c9a33909b 0 0 0 0 0 1
train_jpeg/1bb15589efe623c1d3728a0b4dd0b19b 0 0 0 0 0 1
train_jpeg/1bb1a91b8f1b1904e54df4a344caf85e 0 0 0 0 0 1
train_jpeg/1c1852e92ee88bfdab5af701f0578076 0 0 0 0 0 1
train_jpeg/1c2d6d9e020c17e307b4b1d8a366ae56 0 0 0 0 0 1
train_jpeg/1c62f00b3228d2e131a84d1889e213cc 0 0 0 0 0 1
train_jpeg/1c75d6cd1db3342517d4bf4c251400a1 0 0 0 0 0 1
train_jpeg/1c9fc8983a2663a9feff8139697e3c6e 0 0 0 0 0 1
train_jpeg/1cbdce1ee91b08da8573de59820f6381 0 0 0 0 0 1
train_jpeg/1cd5b8ded8ace5645bb43e735915ff0b 0 0 0 0 0 1
train_jpeg/1ce7996f94d654d32b68deb552867232 0 0 0 0 0 1
train_jpeg/1d20e1e5265fd1be193171a71190cd9e 0 0 0 0 0 1
train_jpeg/1d253ac85579d2171e2a34f88cb1d5b5 0 0 0 0 0 1
train_jpeg/1d6460bc60fe5460e73fc82ef58721bc 0 0 0 0 0 1
train_jpeg/1d69b391a2f49b4a927a1f9224a18984 0 0 0 0 0 1
train_jpeg/1d6f52262ce8e0a70b4f6ab9155cb2e7 0 0 0 0 0 1
train_jpeg/1d75607de6fa81fc60677492c41dc65d 0 0 0 0 0 1
train_jpeg/1e2e7ff1a872f81ade3d67702dd3a95e 0 0 0 0 0 1
train_jpeg/1e44d1d04900b6bd6deb631b33c1e9fb 0 0 0 0 0 1
train_jpeg/1e789b5c3710a03a6f4493c69b04620d 0 0 0 0 0 1
train_jpeg/1e91bcfb6d3af8862003b143dd70b7db 0 0 0 0 0 1
train_jpeg/1f0df0b923228e9219ae3bf0d7f5e17a 0 0 0 0 0 1
train_jpeg/1f15edb18cab49f1996f395c217e5d14 0 0 0 0 0 1
train_jpeg/1f6f8c2879f30ba6f555ff256a3531d3 0 0 0 0 0 1
train_jpeg/1f89ad7a71ca8d38e0a27ff861ce3076 0 0 0 0 0 1
train_jpeg/1f9ef17f74453e53b8db567408e07610 0 0 0 0 0 1
train_jpeg/1fa4d2ef6f03cb740524f7794e361332 0 0 0 0 0 1
train_jpeg/1fce42f55a0de66eb161fc831cd33cc3 1 0 1 0 0 0
train_jpeg/200036706168231979f66a89287ec68b 0 0 0 0 0 1
train_jpeg/2015d2cd31ec277b7db2e377adc31985 0 0 0 0 0 1
train_jpeg/20255a87a5b092cc5fd834b177e9c37a 0 0 0 0 0 1
train_jpeg/202cdbe91ad9e9d4e99be4b09611fa84 0 0 0 0 0 1
train_jpeg/2055ec1aef57503407b483c3be8ca71c 0 0 0 0 0 1
train_jpeg/205ac8294ffe4c5592494261fdb68e2f 0 0 0 0 0 1
train_jpeg/2094cd7cf01e7e283818e836115596c4 0 0 0 0 0 1
train_jpeg/20b5bd22f9b48da4107b6db7479001ff 0 0 0 0 0 1
train_jpeg/212863572a589065a200069a59d5223c 0 0 0 0 0 1
train_jpeg/212e39d070d362d7edc9b2bb2b3f6944 0 0 0 0 0 1
train_jpeg/21ae8b5e6e2a0647a7bb648c15241feb 0 0 0 0 0 1
train_jpeg/21e14e9b837be036c1ca616888d50a03 0 0 0 0 0 1
train_jpeg/221d68705e17ec11935e410fcc483b0f 0 0 0 0 0 0
train_jpeg/222c75d9eed5a032f38820a5716af2ec 0 0 0 0 0 1
train_jpeg/224bad08be27f3a91bcfefee9a555095 0 0 0 0 0 1
train_jpeg/2285e92d66a166fa72444a73f4c5fc52 0 0 0 0 0 0
train_jpeg/2299719539408b58ea880159438ae8a0 0 0 0 0 0 1
train_jpeg/22c9c7ace328496817b0791450e3a221 0 0 0 0 0 1
train_jpeg/2333d8915a42791bd09ab3fd2e47ab21 0 0 0 0 0 1
train_jpeg/233f57606de7ccc838a608e40af9978d 0 0 0 0 0 1
train_jpeg/23b5a0775b57978b873274fd8e155ffb 0 0 0 0 0 1
train_jpeg/23cce180577f430196777b952a26b5db 0 0 0 0 0 1
train_jpeg/23d21fefa17763a4434cd67b576f09f1 0 0 0 0 0 1
train_jpeg/23f29659e174d2c4651857bf304a5d75 0 0 0 0 0 0
train_jpeg/240d00319b493f9f071d7bd274e95cb8 0 0 0 0 0 1
train_jpeg/2412fb603ff9c9de19798196c9556482 0 0 0 0 0 1
train_jpeg/2433a65f5918f29c15db691cf3e9a17a 0 0 0 0 0 1
train_jpeg/243b9d66004caed384eb9566e3928aeb 0 0 0 0 0 1
train_jpeg/24bfefea72970330a9a8013298cf5f51 0 0 0 0 0 1
train_jpeg/256506ed7f2d47b1fca0d52a863e7b2b 0 0 0 0 0 1
train_jpeg/2575c2c2b42a316dada58c33b80170e1 0 0 0 0 0 1
train_jpeg/25c342addb22487b245ba09784e3efc9 0 0 0 0 0 1
train_jpeg/25e47d32d64f7f416d6fb1bf497b4b1a 0 0 0 0 0 1
train_jpeg/25fa2dd8f2b4ddf5ee619c5e42cc9153 0 0 0 0 0 1
train_jpeg/25fc84c56b2ebff7be79a6f849904f64 0 0 0 0 0 1
train_jpeg/25ff8b552455880a4e5d50fc65998fa1 0 0 0 0 0 1
train_jpeg/2644af03ef7f572fadb7daa3a347ed57 0 0 0 0 0 1
train_jpeg/264ec145f2b9b1c4d93562e582de902b 0 0 0 0 0 1
train_jpeg/26576637eee899e19fdc98b8fcfb28a4 0 0 0 0 0 1
train_jpeg/2669255639f769ffd6248fc802c55345 0 0 0 0 0 1
train_jpeg/26d753574ab2e8477d69d00b2a1459ed 0 0 0 0 0 1
train_jpeg/26eac57443b8167355a9f1d74aa34f15 0 0 0 0 0 1
train_jpeg/2701ad8a2b944ab70d52c1b14abb2bf0 0 0 0 0 0 1
train_jpeg/27072bd43805ed0ed2031bcb2fe6ec20 0 0 0 0 0 1
train_jpeg/276de0cc9affcee266d655c8b89f4fdd 0 0 0 0 0 1
train_jpeg/27ecab6bd831b11db5b502f8d6288f29 0 0 0 0 0 1
train_jpeg/27fffe0d97f2808e5744ca084ef602d9 0 0 0 0 0 1
train_jpeg/282ba241b3414b41510d4bcbcebddb56 0 0 0 0 0 1
train_jpeg/285275edb6916a9c32336a0a685deae1 0 0 0 0 0 1
train_jpeg/285757455efb2aa9ee37477dc3ce17b6 0 0 0 0 0 1
train_jpeg/28ea7d2896bc5e5ad1aa88b53e499a0c 0 0 0 0 0 1
train_jpeg/28eb28a9feba4a3fd37327417aba1ed7 0 0 0 0 0 0
train_jpeg/29d8e9835d2168042a86e85957835fa2 0 0 0 0 0 1
train_jpeg/29e243ad1a2b17ef44c1a21723ec4752 0 0 0 0 0 1
train_jpeg/2a06d515b883f6dd5d9f0eb096d63bdb 0 0 0 0 0 1
train_jpeg/2a1dc5c079020cec39c0c27ff0607bf3 0 0 0 0 0 1
train_jpeg/2a1fcf5a5313b721f2fdbfee711bb098 0 0 0 0 0 1
train_jpeg/2a4a459820226a8b7683df0df4adac6f 0 0 0 0 0 1
train_jpeg/2a59e57437c724c8b7d0e978b3a06d32 0 0 0 0 0 1
train_jpeg/2a7e7275289739cdbf6ab64cf2287a48 0 0 0 0 0 1
train_jpeg/2a8b9d2e09ada919e6ce45cb6c451d21 0 0 0 0 0 1
train_jpeg/2ad83371c8e883b4cc2e9c1b55a176fe 0 0 0 0 0 1
train_jpeg/2b33f3a742af2c0d8fce8a2a808ea409 0 0 0 0 0 1
train_jpeg/2b53263b9e1c1bb5be138fa99a44d51b 0 0 0 0 0 1
train_jpeg/2b729047edae55396dd5a9940b858137 0 0 0 0 0 1
train_jpeg/2c24bf86a6838bddee3bde0ca6fb7509 0 0 0 0 0 1
train_jpeg/2c2551cc5f69dc282a7dea8202492a85 0 0 0 0 0 1
train_jpeg/2c7fbcdc37fba555a38a39db3d9e41a5 0 0 0 0 0 1
train_jpeg/2ca96021f8f968d4c3f0b9f5fc250470 0 0 0 0 0 1
train_jpeg/2cc27e3c32eea31bb6c57b7164a3c867 0 0 0 0 0 1
train_jpeg/2ccc864540e75e9c6d8ac7d3423b875d 0 0 0 0 0 1
train_jpeg/2cef6674b94ed9b9e24bbf9d280545d6 0 0 0 0 0 1
train_jpeg/2d2095859e039db2d0201950a208dfe1 0 0 0 0 0 1
train_jpeg/2d2ed136d5f942317aa539fcc455e42b 0 0 0 0 0 1
train_jpeg/2d5241a2f2800671da3f56606fe86d60 0 0 0 0 0 1
train_jpeg/2da15b8fd2790ca092771940ce03071d 0 0 0 0 0 1
train_jpeg/2dd1ac22b6f66bcc79b4836f6415bf16 0 0 0 0 0 1
train_jpeg/2e0698f428a55f5af56ce5a727ed2486 0 0 0 0 0 1
train_jpeg/2e400d384acd12f3569df70ad088af11 0 0 0 0 0 1
train_jpeg/2e437cc9845683e509f2434604f6bff2 0 0 0 0 0 1
train_jpeg/2e4698e538724a69d239744c8460de50 0 0 0 0 0 1
train_jpeg/2ea39599aeefff928759cb241558a69e 0 0 0 0 0 1
train_jpeg/2ebb05b4c603d590854c621fa4f1fd5c 1 0 0 0 0 0
train_jpeg/2edca0566958dd1bc36822fe12bfab36 0 0 0 0 0 1
train_jpeg/2f0f78896da7bfed5082d51ad78bf973 0 0 0 0 0 1
train_jpeg/2f15bfa8cb07d5d0caff34b728a20bca 0 0 0 0 0 1
train_jpeg/2f1cefbcabb4d047b8944af78ac0d8f4 0 0 0 0 0 1
train_jpeg/2f228c3eed72cc2d769cf6d42ef335d3 0 0 0 0 0 1
train_jpeg/2f26aa8a91c030eab136daa53d5027ed 0 0 0 0 0 1
train_jpeg/2f5ce240ae96f86a5bcf3f7a8fabd645 0 0 0 0 0 1
train_jpeg/2fd75ce4f9359d478edcf81d606fa636 0 0 0 0 0 1
train_jpeg/2feffb96dba2bff70d3f255f93490eb9 0 0 0 0 0 1
train_jpeg/2ff6f0f9e1b56b1756220f716626e7d2 0 0 0 0 0 1
train_jpeg/2ff9a75c852526ba45eb78e55d11783b 0 0 0 0 0 1
train_jpeg/2ffbc003cbd77857cd7ec7a69d8f6ce8 0 0 0 0 0 0
train_jpeg/3015a7c28d079188fda71d42f870ad51 0 0 0 0 0 1
train_jpeg/302b0d070d5150b91bafc935e94a847b 0 0 0 0 0 1
train_jpeg/30449fde0f51f26ca4c1bcb2bf482ff8 0 0 0 0 0 1
train_jpeg/30466896de60f54644199811cfb542f1 0 0 0 0 0 1
train_jpeg/3085ed0a12c197811897a37ca8702d89 0 0 0 0 0 1
train_jpeg/30b7c5887272f0d0fd2b78925dfd7518 0 0 0 0 0 1
train_jpeg/30d1bfc51f3587dff2045b637507768b 0 0 0 0 0 1
train_jpeg/30fa56e5002bc1ef28eaa85ed7fabf9d 0 0 0 0 0 1
train_jpeg/30ffccb29347646a0484a0cc3c642748 0 0 0 0 0 1
train_jpeg/315f5a29c40340bec713b41617891019 0 0 0 0 0 1
train_jpeg/31888073bae500036f309435dac99c03 0 0 0 0 0 1
train_jpeg/31ab750de5cb0c76b49d45ab1d2186a6 0 0 0 0 0 0
train_jpeg/31c7020f6e83cd92ecddc801ebd4c1a0 0 0 0 0 0 1
train_jpeg/32712661995a66ff7b5193dd351ce5d3 0 0 0 0 0 1
train_jpeg/32a367a5baa263fa8c3d6f47cf5efc3e 0 0 0 0 0 1
train_jpeg/32d655e807135e9acfa04223a579b83d 0 0 0 0 0 1
train_jpeg/32fde91b99bae97d18e444d506e9ac45 0 0 0 0 0 1
train_jpeg/335e60bc5c466210bd4f928d86c76e55 0 0 0 0 0 1
train_jpeg/33d8ae7467ce9d541f67f240f3a99f0e 0 0 0 0 0 1
train_jpeg/33db825e2ba6c18e0e5d1ef2c8e0f075 0 0 0 0 0 1
train_jpeg/33e50d8affccee27af22b7692af554d7 0 0 0 0 0 1
train_jpeg/33fbdb351c16ce9efa9e9ef68bad8b6b 0 0 0 0 0 1
train_jpeg/340162a33a2a57d13809cb19d818c6d8 0 0 0 0 0 1
train_jpeg/340b0fcd5c4442fb653a1abc3a90ee5e 0 0 0 0 0 1
train_jpeg/343948314c3ec023c0e7ad634f126527 0 0 0 0 0 1
train_jpeg/3460c8020f8edd51b37ebc33f350d914 0 0 0 0 0 1
train_jpeg/3487e46c9030e3b3743bbbb8febd897c 0 0 0 0 0 1
train_jpeg/34fb5523032710f8174eb8cec1b42a0e 0 0 0 0 0 1
train_jpeg/354c9f9f89a18443d22dfc9fd2465df3 0 0 0 0 0 1
train_jpeg/355d1c27824a343cde65516686c0a425 0 0 0 1 0 0
train_jpeg/355e8c797dab7a8beecd99c306fce4b1 0 0 0 0 0 1
train_jpeg/35b16ece367c122526fba693096b367c 0 0 0 0 0 1
train_jpeg/360a688352f87c7439063929bf33a0d1 0 0 0 0 0 1
train_jpeg/365f94e8ed81d2e9b8c134cf8bfdf21e 0 0 0 0 0 1
train_jpeg/36ae6c2c7d9e20269827b793706c3255 0 0 0 0 0 1
train_jpeg/36bd6eab0e53e5b1c62f8c51fee5b892 0 0 0 0 0 1
train_jpeg/36ce2f8a18e417f01c12aae3b8fc9144 0 0 0 0 0 1
train_jpeg/36db6b73eba7e697b761515a8e1e7455 0 0 0 0 0 1
train_jpeg/379f083410e64a2fb74761b795bd0a41 0 0 0 0 0 1
train_jpeg/37a64f131e20057e6649e0cf60a3efce 0 0 0 0 0 0
train_jpeg/37b7002617b3a7f6b92365e34675d102 0 0 0 0 0 1
train_jpeg/37da73c72e20a4a8e5cf92a000a14dea 0 0 0 0 0 1
train_jpeg/385f2129e57dc69626fb3a2bda8ecfa5 0 0 0 0 0 1
train_jpeg/3884726ab4793df899a6f3767c971d0e 0 0 0 0 0 1
train_jpeg/388bddb20ee04d97f64e49c1472c9f2d 0 0 0 0 0 1
train_jpeg/38927202c50f031792fd867e607ff068 0 0 0 0 0 1
train_jpeg/38b97efbca19ea22d60a2dd91a27e257 0 0 0 0 0 1
train_jpeg/38f6516bedc817cd5480efc4f8076874 0 0 0 0 0 1
train_jpeg/392e6895aed532dc01d58682542e0daf 0 0 0 0 0 1
train_jpeg/394e48783c48ba38f5a8376b623f3f8d 0 0 0 0 0 1
train_jpeg/396a2b32af68125392e457567dbe24e6 0 0 0 0 0 1
train_jpeg/39784ca691902bc2cf6b54c0d4d46289 0 0 0 0 0 1
train_jpeg/3981cb75f8ba83f76950d9b9745337d5 0 0 0 0 0 1
train_jpeg/3998abd4fc8f8535b85dbcc3bba21759 0 0 0 0 0 1
train_jpeg/39f25c209ca0c31c6da6a6e87b0933a4 0 0 0 0 0 1
train_jpeg/3a250bb0e3cc59b014e2e2bb6c860fb3 0 0 0 0 0 1
train_jpeg/3a6e3a84bd03049935b8254d28485251 0 0 0 0 0 1
train_jpeg/3a7a9cd8aaaa550f5f72ae9fe1707ab9 0 0 0 0 0 1
train_jpeg/3accdf89b7cb094f5691d73484a13dc4 0 0 0 0 0 1
train_jpeg/3ae2db9d6b4c9969b32b99fd33e07da5 0 0 0 0 0 1
train_jpeg/3b3a5593272c4440893c3acca186d897 0 0 0 0 0 1
train_jpeg/3b954ff67ca7bcf8d10be0d2a9b193ae 0 0 0 0 0 1
train_jpeg/3b9c1ab510d5d088a5668af119552350 0 0 0 0 0 1
train_jpeg/3c1120f73511411616db8f63a6663829 0 0 0 0 0 1
train_jpeg/3c2a0c9e8e2ecac81bf6019d87d66201 0 0 0 0 0 1
train_jpeg/3c533d9961c9f23cbc39f2e50db572dd 0 0 0 0 0 1
train_jpeg/3cd8b9b6d212008e7eac9a1fe86b15e3 0 0 0 0 0 1
train_jpeg/3cdcd43f230d185be9a3ea2463f348dc 0 0 0 0 1 0
train_jpeg/3d13a22e76206fe0ec7290d11675fc55 0 0 0 0 0 1
train_jpeg/3d39ca4c351d61ce5e3f952d2152066f 0 0 0 0 0 1
train_jpeg/3d99c31c358e664d2b39d312dbabcd33 0 0 0 0 0 1
train_jpeg/3db1bd2d51eb272a8fe105d6488fbf49 0 0 0 0 0 1
train_jpeg/3dcd69d586c76d7ccee18e292742ff85 0 0 0 0 0 1
train_jpeg/3de366aa826bd76b997fb4d9d3b33553 0 0 0 0 0 1
train_jpeg/3e2c52e066e6bc9e28a58d7f13c64296 0 0 0 0 0 1
train_jpeg/3e70eb3adaa0387af4396b3c68841dfa 0 0 0 0 0 1
train_jpeg/3eeb4cc69cd1ad58977c23d880360fe4 0 0 0 0 0 1
train_jpeg/3eec1d86865131f5df6d4f240a0d4755 0 0 0 0 0 1
train_jpeg/3f083f710e5cf1497091bae4b0ae60ba 0 0 0 0 0 1
train_jpeg/3f4c0ff4b6e48838d7d9ddd9573f14b7 0 0 0 0 0 1
train_jpeg/3f8496260e5b67482d2c6a36f104a53b 0 0 0 0 0 1
train_jpeg/3fbd2b45de32afd8618a53b9d5b9c917 0 0 0 0 0 1
train_jpeg/3ff6d58f4598eb7d1dc08ad35bf0a7d9 0 0 0 0 0 1
train_jpeg/40470986188cf8c9714e0cb9ffe8dc03 0 0 0 0 0 1
train_jpeg/4050d581f516b52e57e00cf3002bff3a 0 0 0 0 0 1
train_jpeg/4073cfd56d5ed0cb3dd2c1680d9361ee 0 0 0 0 0 1
train_jpeg/40dcb513437e7adde4414b51b273ade8 0 0 0 0 0 1
train_jpeg/40e919b188ff9c41cf2e3f9c37a4b808 0 1 0 0 0 0
train_jpeg/40ea42113164f63625a196207c4bd0af 0 0 0 0 0 1
train_jpeg/4136016fd53cb7cd6a3ac0a6f02ad0d1 0 0 0 0 0 1
train_jpeg/41b3ba8c3998b6947018ce3bf0a4e546 0 0 0 0 0 1
train_jpeg/423aea36851130d0e2e6c7bf80224378 0 0 0 0 0 1
train_jpeg/425c95d8d95b788f765369fac0f21674 0 0 0 0 0 1
train_jpeg/4279368bcbf7e98171be56cc9855ef67 0 0 0 0 0 1
train_jpeg/42b9796b7f9ec65822586dbb948a3d82 0 0 0 0 0 1
train_jpeg/42e45c17b9e92a9108ef6f2f47804d8a 0 0 0 0 0 0
train_jpeg/42fba4329860d5995fea57553104907a 0 0 0 0 1 0
train_jpeg/4325459899364084f6d63bcbee5c586e 0 0 0 0 0 1
train_jpeg/437da32e6a31f7abf53187e87fc46ed7 0 0 0 0 0 1
train_jpeg/43c1a3c5da7dd571c469e5fb3212de6b 0 0 0 0 0 1
train_jpeg/44400b94c2cfe4e0395d1a98cfa7a665 0 0 0 0 0 1
train_jpeg/4462595f31d1a2c5aac2b3a8a49536d4 0 1 0 0 0 0
train_jpeg/4475c6ecebccd1c67344edb7a61a489b 0 0 0 0 0 1
train_jpeg/4479ab54ba10a7609e2baaf28f04a5cb 0 0 0 0 0 1
train_jpeg/449cb0cf7ab20dc024d288502c7e56e1 0 0 0 0 0 1
train_jpeg/44b30aa87ad06bd8263adbaab603da4a 0 0 0 0 0 1
train_jpeg/44e0f233a3ade73cab164079b182bf41 0 0 0 0 0 0
train_jpeg/4522ac24e7673ada4b9d4424e6cb1da4 0 0 0 0 0 1
train_jpeg/45dc873d2b7736057ab1705252a1d1f1 0 0 0 0 0 1
train_jpeg/45ec586e0a472504040b222a93587336 0 0 0 0 0 1
train_jpeg/460a6a35d0eb20fb8f7ff0e984bfdc60 0 0 0 0 0 1
train_jpeg/46146ca33aff63a17f30385d1ea90b10 0 0 0 0 0 1
train_jpeg/464459bb5425646aca85cfe361661a14 0 0 0 0 0 1
train_jpeg/465ad9a4411cbf4dd5edef11b3055189 0 0 0 0 0 1
train_jpeg/46633cbe0ddaef3d0dc44ef5bcd19439 0 0 0 0 0 1
train_jpeg/469bd3f41e12a8f03a8ef0ce191743ce 0 0 0 0 0 1
train_jpeg/46d87ff1664797fab0eab2daf99550af 0 0 0 0 0 1
train_jpeg/4721648c0f5fa94283a62a33f7caa38a 0 0 0 0 0 1
train_jpeg/472f3026622ada341776f965a62e17a0 0 0 0 0 0 1
train_jpeg/4737dc6ce8a5c9b9ebae0fd9e6c7ae64 0 0 0 0 0 1
train_jpeg/473e37c62215eca1498bf0584e59b69a 0 0 0 0 0 1
train_jpeg/4776617e574fa45d09e2c46a0e7357d1 0 0 0 0 0 1
train_jpeg/477d4f6f3dd7d7963718978b471aca4f 0 0 0 0 0 1
train_jpeg/47db2377baf03ae64eb421d6a9613a6f 0 0 0 0 0 1
train_jpeg/48465c9d545808a10b77b1186afb0227 0 0 0 0 0 1
train_jpeg/484a9835755d5041ab8af0ebdedef31f 0 0 0 0 0 1
train_jpeg/48689c774903b4e601615f4dcf83380e 0 0 0 0 0 1
train_jpeg/4876181d5f69da92e9e6191b0d01a1bf 0 0 0 0 0 1
train_jpeg/48e59d6f94bf9e8a3acf7fef51ac3d77 0 0 0 0 0 1
train_jpeg/494ff71dc671dfe9fa10126064b9ce15 0 0 0 0 0 0
train_jpeg/49658111ee6f9bdbf080646f9e0efabb 0 0 0 0 0 1
train_jpeg/49a33cbe93e696af8a9ca3864c7e0776 0 0 0 0 0 1
train_jpeg/4a003fe10a49ccef31c7c3875b534e33 0 0 0 0 0 1
train_jpeg/4a4a73ec783c1cdf4bd15d5e2a9b52bb 0 0 0 0 0 1
train_jpeg/4a4b4c829cb8ca8ae24318d9163ec734 0 0 0 0 0 1
train_jpeg/4a5e5b9720f90005e6a1ac99b38f63da 0 0 0 0 0 1
train_jpeg/4aaebe588ff727b6fd09d0a82cfd51a2 0 0 0 0 0 1
train_jpeg/4ac75e0209fe0cd9b920c2fb0cd1e1b6 0 0 0 0 0 1
train_jpeg/4accb02a87e27e8f75ff6195eca04b41 0 0 0 0 0 1
train_jpeg/4afccda5fa0674d8cc99b342938db8f7 0 0 0 0 0 1
train_jpeg/4b070a47be8f61230a040e122b281c66 0 0 0 0 0 1
train_jpeg/4b074c4182d4d43ff94d2378aad17a7e 0 0 0 0 0 1
train_jpeg/4b2807b2f02514ee36b6706f5f09b8fc 0 0 0 0 0 1
train_jpeg/4b514fdcb1c194983b7b34c9fc3e0ad5 0 0 0 0 0 1
train_jpeg/4bcc35b719babdca7601e8f6af06d537 0 0 0 0 0 1
train_jpeg/4c127b111ebdba8c59de22a06ca00a7f 0 0 0 0 0 1
train_jpeg/4c25ea1a88a172df4226c96bd4a4d9ed 0 0 0 0 0 1
train_jpeg/4c69148b8a5c0040d9ae22149f295b37 0 0 0 0 0 1
train_jpeg/4c7d33b4c5bf485af4df30bb8500a002 0 0 0 0 0 0
train_jpeg/4c8452a2c235923536dc3d778e6593ab 0 0 0 0 0 1
train_jpeg/4ccc63ecf9efef91deef0f5849e3ad34 1 0 0 0 0 0
train_jpeg/4cdc062257b3f9570bef2afe986605a8 0 0 0 0 0 1
train_jpeg/4cedc7409a0eb3421e200e78ea5325ad 0 0 0 0 0 1
train_jpeg/4d0664ac3d522bb232afecc65ebb40ca 0 0 0 0 0 1
train_jpeg/4d382aae3f8589c113589533ffdb3545 0 0 0 0 0 1
train_jpeg/4d88ede382258cdf9b4cef728d9fd8dc 0 0 0 0 0 1
train_jpeg/4d953ee949a27aeca11ae925b2905872 0 0 0 0 0 1
train_jpeg/4d9ec9438fb6b72cb4fd117809521132 0 0 0 0 0 1
train_jpeg/4da4add743ec6f1d8705f8ceca14e454 0 0 0 0 0 1
train_jpeg/4dd58e524414390db1636117f1281554 0 0 0 0 0 1
train_jpeg/4e02c3b1100ced219b8d06cd65d09425 0 0 0 0 0 1
train_jpeg/4e05e0eb20d51d18764289ce2c240942 0 0 0 0 0 0
train_jpeg/4e0a6b7c284703ea4ab306f3a5a8ad84 0 0 0 0 0 1
train_jpeg/4e211dbf20063986d7589aae1ed1e521 0 0 0 0 0 1
train_jpeg/4e5644149c48a827796a096c0a9aa3f6 0 0 0 0 0 1
train_jpeg/4e591732049659e63f5ede8d6669bb5d 0 0 0 0 0 1
train_jpeg/4e6bcd280e3c03f7fd4e4846c6d560c1 0 0 0 0 0 1
train_jpeg/4eba4a7398dcb610dfc7bd794e52b9e4 0 0 0 0 0 0
train_jpeg/4f0931c2ed68bf3838e35108ec0fbf55 0 0 0 0 0 1
train_jpeg/4f29e68be3ff463ba57cfcf7ebfddfbc 0 0 0 0 0 1
train_jpeg/4f3a001347620cd760469c7656a98afa 0 0 0 0 0 1
train_jpeg/4f3f0a46e8ad80ae8811dc255e5ae294 0 0 0 0 0 1
train_jpeg/4f4674e95b0a0de0263bc63b457a7c9d 0 0 0 0 0 1
train_jpeg/4f7a8f69990e8a2212ebc51bb502fc7c 0 0 0 0 0 1
train_jpeg/4f9883a177fe8bb9dc1ec89256bca42b 0 0 0 0 0 1
train_jpeg/4fb8b42ce575d32e3bc864ac4b72b46f 0 0 0 0 0 1
train_jpeg/4fbadd9601a2a98892407eff3f194de7 0 0 0 0 0 1
train_jpeg/4fc49c5102e8cc394d6e7c4194c45b4c 0 0 0 0 0 1
train_jpeg/4ff71ca20844206cc9680124fd80c4c5 0 0 0 0 0 1
train_jpeg/50493f86bb23f2aa97989846eba9600d 0 0 0 0 0 1
train_jpeg/509a74bd4cedeaac2a90ab9d305e5ef7 0 0 0 0 0 1
train_jpeg/50a418190bc3fb1ef1633bf9678929b3 0 0 0 0 0 1
train_jpeg/510cf94dc828c654636613b2d5839cad 0 0 0 0 0 1
train_jpeg/511a55fa01b995f09cdb64b543b2d241 0 0 0 0 0 1
train_jpeg/512a2d752e167ea768cf32a32193f894 0 0 0 0 0 1
train_jpeg/512e7a3cb8427dccc274f5425a3121dd 0 0 0 0 0 1
train_jpeg/5173630835619ecf790205be89775f7f 0 0 0 0 0 1
train_jpeg/5177f7590914eb9d8447c911b59d4beb 0 0 0 0 0 1
train_jpeg/517bf111bb27adb3d6f5cae2e08c8a7e 0 0 0 0 0 1
train_jpeg/518aa7c956507e5de5742c14bfd717ed 0 0 0 0 0 1
train_jpeg/518ae8e9f5a79f0a361127a0e6c6ba70 0 0 0 0 0 1
train_jpeg/51a8a2d913f12d2b39d9fe43fe27aa2d 0 0 0 0 0 0
train_jpeg/522f0c06d9e1f4a71a80d3c3977d2224 0 0 0 0 0 1
train_jpeg/52350d607fd79c62393eb7f2671f7194 0 0 0 0 0 1
train_jpeg/528a04e45f2ca14007ffb8e276c83a0d 0 0 0 0 0 1
train_jpeg/5298eaa148b15070786b0ec4ae41a933 0 0 0 0 0 1
train_jpeg/52a31de57ce1d76896720fe4e047dac8 0 0 0 0 0 1
train_jpeg/52dcfe5c13bcee52bb9e3f85c7587252 0 0 0 0 0 1
train_jpeg/5303496f0f979e8cc2414a3c1522302e 0 0 0 0 0 1
train_jpeg/531b6e868f39771ca9e1865a9d9efdfc 0 0 0 0 0 1
train_jpeg/531f8567fe4e0c8700e7b5fe59567747 0 0 0 0 0 1
train_jpeg/534443416c43495999d82d84f9f4ae69 0 0 0 0 0 1
train_jpeg/534a53462a8950ec15163afc8dcd7767 0 0 0 0 0 1
train_jpeg/534e7dc7c241654e8e0c5b1ce519406e 0 0 0 0 0 1
train_jpeg/541e1c8eccc493eca63cb8482f1ad36f 0 0 0 0 0 1
train_jpeg/542fb1103cb5c85fd8483eeb477743e8 0 0 0 0 0 1
train_jpeg/5456e22a6fab981152b831952dded13c 0 0 0 0 0 1
train_jpeg/54646f3243174b65ff1a0cd363cb1a5b 0 0 0 0 0 1
train_jpeg/547023ac98169150d0803f796bba88e0 0 0 0 0 0 1
train_jpeg/54a949ae76b8899a737c80350e97bea1 0 0 0 0 0 1
train_jpeg/54b6300453339c50d8c741ea17c64270 0 0 0 0 0 1
train_jpeg/54e0ba972c320dff17869991619db028 0 0 0 0 0 1
train_jpeg/54ec07669753afee902241eaacf3faa5 0 0 0 0 0 1
train_jpeg/552455480cb87fa37530826ea8612739 0 0 0 0 0 1
train_jpeg/55254db127c8122d04686b5b0e7f1ae2 0 0 0 0 0 1
train_jpeg/554226bc3c0d84ab8feca75f233a2f2e 0 0 0 0 0 1
train_jpeg/5576d293dfccbc926d92d3ec0d20b9af 0 0 0 0 0 1
train_jpeg/55794edcf6b27d7b8af0ac89eac453a6 0 0 0 0 0 1
train_jpeg/559079022efa926d72a579f1cc6de548 0 0 0 0 0 1
train_jpeg/55e6279aac033f9a68822a4f84d765fc 0 0 0 0 0 1
train_jpeg/5613c1062034062f5eda252ecc07bfb0 0 0 0 0 0 1
train_jpeg/5627800c6ffea2c62748812fb2ba1dd6 0 0 0 0 0 1
train_jpeg/564a53cd8024bc37490355d2f36b3642 0 0 0 0 0 1
train_jpeg/565f761092a0cbc6f85c8195de091343 0 0 0 0 0 1
train_jpeg/5681acf08a5a878d7f88eaed8ddf16a3 0 0 0 0 0 1
train_jpeg/569265e9ba8363c44d32599f9851158b 0 0 0 0 0 1
train_jpeg/5693c05f27a960d3f1eb833095c2325c 0 0 0 0 0 1
train_jpeg/56a6d57292da3fb9cd59b65a7a01009a 0 0 0 0 0 1
train_jpeg/56fc900d3d2f8bfec66a7b5577cf2b59 0 0 0 0 0 0
train_jpeg/570b01357f936d484c60c80de7c74b86 0 0 0 0 0 1
train_jpeg/572e22c19f0c4a029c2746c5ca20360f 0 0 0 0 0 1
train_jpeg/576bf32b4e63adbbc622b07ea09a0394 0 0 0 0 0 1
train_jpeg/5779eaa03b6ed1441cd09b841902a40b 0 0 0 0 0 1
train_jpeg/57986acaa315af9d51fe809704856768 0 0 0 0 0 1
train_jpeg/57c9ecc9749eb1860f37a308d0b284ec 0 0 0 0 0 1
train_jpeg/57d50fa4f8377dc74779a0a5972d49a5 0 0 0 0 0 1
train_jpeg/57ea8252280fae29b410732f1f84bbae 0 0 0 0 0 1
train_jpeg/57f2a1834a03f38792b4c118af510804 0 0 0 0 0 1
train_jpeg/580c89541c6628c7a03da49defd6bd50 0 0 0 0 0 1
train_jpeg/582c59383b7c0bc1c29b0f5bae10521e 0 0 0 0 0 1
train_jpeg/583a50f7d221cf680c5b21ebb7c14328 0 0 0 0 0 1
train_jpeg/583d8b41ad8fb8bc5322630ff2083739 0 0 0 0 0 1
train_jpeg/584ec5b449687a6442a75e7136754aae 0 0 0 0 0 1
train_jpeg/587528f7700a11f9cbeae13bc7c24bc8 0 0 0 0 0 1
train_jpeg/587f503bd90e2207e12164e04e9b41c9 0 0 0 0 0 1
train_jpeg/588a72f7d1d7c20849baf37480524c2f 0 0 0 0 0 1
train_jpeg/58c402c36cd3b9eec1056ba64752fc1f 0 0 0 0 0 1
train_jpeg/59b9ceea384d3f443daca91e8ca743ae 0 0 0 0 0 1
train_jpeg/59d215990b0e15b66e129d47f1b34943 0 0 0 0 0 0
train_jpeg/59e209dfdfd98104e5f8777b4ab02434 0 0 0 0 0 1
train_jpeg/59e3589ef8b6f4eae14759c975704622 0 0 0 0 0 1
train_jpeg/59f163522f9e49ab143f88d3febb8a33 0 0 0 0 0 1
train_jpeg/5a379fa35a1b345ff2dd97594874bc0c 0 0 0 0 0 1
train_jpeg/5a64fc260f8abd7849fffb45acc39505 0 0 0 0 0 1
train_jpeg/5a6a5c5c3b4baeaab946622598483910 0 0 0 0 0 1
train_jpeg/5a6cd45b4f10da4125427c348d21fa01 0 0 0 0 0 1
train_jpeg/5a8a028d06d49b8daf3c20c8e53ab805 0 0 0 0 0 1
train_jpeg/5ac5435c720d458c118c8fe6aa71b2b6 0 0 0 0 0 1
train_jpeg/5ac6fe5ae417ae91eb0f7719db3021e8 0 0 0 0 0 1
train_jpeg/5acd7b8821e15e1de9f6b85fcff5432e 0 0 0 0 0 1
train_jpeg/5af7ba3901d0937dea00f84257c5c8c2 0 0 0 0 0 1
train_jpeg/5afdac86fe6a4934f69ba9a5d113c5eb 0 0 0 0 0 1
train_jpeg/5afdc4e7edfdefd26c0c8381ac79b358 0 0 0 0 0 1
train_jpeg/5b1670d49882cd6d4718a5bb8616b34f 0 0 0 0 0 0
train_jpeg/5bcc6e26a5dae4bcb41bebf8661bdde2 0 0 0 0 0 1
train_jpeg/5bd0a4fb48956b4c2a8262d8be988b32 0 0 0 0 0 1
train_jpeg/5be4da337b8308d279aac1090c980b1b 0 0 0 0 0 1
train_jpeg/5bf341e0d1f01bfe9be035593a6b5369 0 0 0 0 0 1
train_jpeg/5c58db1eba882ffdcffab9fc2259b25d 0 0 0 0 0 1
train_jpeg/5c90e7611ea68b1c7eaff09690e8a3a0 0 0 0 0 0 1
train_jpeg/5cbf1220606242111b9d4c6754c71777 0 0 0 0 0 1
train_jpeg/5d3325c2fb25ebe16e226158f65e7552 0 0 0 0 0 1
train_jpeg/5da097c62789fb3e38b0fa433f85d913 0 0 0 0 0 1
train_jpeg/5dd4285ef3206e6de7cb4f8c040e88b3 0 0 0 0 0 1
train_jpeg/5ddead13c81182b80ac84286d5edfd1d 0 0 0 0 0 1
train_jpeg/5defd4142147d0760d083cf87eb97e4c 0 0 0 0 0 1
train_jpeg/5e194561328ca9c3336e33297698d21f 0 0 0 0 0 1
train_jpeg/5e24ece4ca0e38ffebf6d92a74b944a7 0 0 0 0 0 1
train_jpeg/5e4b467b5955aff40df0f551a3842383 0 0 0 0 0 1
train_jpeg/5e7b3a88943d8c021ad176490a9db454 0 0 0 0 0 1
train_jpeg/5ea233bb0768709612169057aed71051 0 0 0 0 0 1
train_jpeg/5ec73b313975b1a2fdb77e792aab5d88 0 0 0 0 0 1
train_jpeg/5eca9cfc89facf8925f0026936e3e39d 0 0 0 0 0 1
train_jpeg/5f209961057e6ff253148bbcfd5c5391 0 0 0 0 0 1
train_jpeg/5f61b1621d4036fbb7542ddff7acb35b 0 0 0 0 0 1
train_jpeg/5fac2346be7221dbcef8e207253bfb51 0 0 0 0 0 1
train_jpeg/5fac617f1ce097354f1a28e8fa5036e5 0 0 0 0 0 0
train_jpeg/5fbefa3cc10484d412c640c489a3efd3 0 0 0 0 0 1
train_jpeg/5fdcb8e2115a3c7b5d989d862f515692 0 0 0 0 0 1
train_jpeg/60679b51d403a3a1fc020a0a86fedd8d 0 0 0 0 0 0
train_jpeg/6081e75c58a050442a9ff3a5a2a51ffc 0 0 0 0 0 0
train_jpeg/60986d7663ddef20ff9e775f3fc30e12 0 0 0 0 0 1
train_jpeg/60de4d1a777eb52dcbbdc3db3f8b4fec 0 0 0 0 0 1
train_jpeg/615e9d83e0d43d797ba1204866cb61cd 0 0 0 0 0 1
train_jpeg/61833001d7788af329f8bafee65a64af 0 0 0 0 0 1
train_jpeg/61966d6f39bef799d5a19a7bc8215ab7 0 0 0 0 0 1
train_jpeg/61fbcd848aeaece25f62c1fe20bf327a 0 0 0 0 0 1
train_jpeg/622f218f5432f7b56cf58102be942094 0 0 0 0 0 1
train_jpeg/624decabb72afef84b63d24305cecf3d 0 0 0 0 0 1
train_jpeg/6260a671232c600e16c6d5ab67566449 0 0 0 0 0 1
train_jpeg/629f7adb357049205885894711a12343 0 0 0 0 0 1
train_jpeg/62aaaa8d5b9997ba1dbd718e2e8671dd 0 0 0 0 0 1
train_jpeg/62c14fe41339b118b7fa4a0bb569f3f9 0 0 0 0 0 1
train_jpeg/62cb8ed416eae186969bca828ff184ae 0 0 0 0 0 1
train_jpeg/62e1eedc69d6ad4a5119578eced73aac 0 0 0 0 0 1
train_jpeg/62ff6f2b73fd5c1a71aed31b0b6d5cc1 0 0 0 0 0 1
train_jpeg/63236a382e8f97864ea5af5d1c7a5d5a 0 0 0 0 0 0
train_jpeg/6361d94fa69df5c475218c305123eaa6 0 0 0 0 0 1
train_jpeg/6392ea0d9845c559fa4b8214cc578f18 0 0 0 0 0 1
train_jpeg/639db849c89d0bd85cb07e5d83cd32df 0 0 0 0 0 1
train_jpeg/639e53252ed92c51e57bede9afeb6d5d 0 0 0 0 0 1
train_jpeg/63f40a011824d0ee7237bd302c030910 0 0 0 0 0 1
train_jpeg/63f912f3d277cbcc65aca626565d5aab 0 0 0 0 0 1
train_jpeg/63f9a83dda6ed196317c68a725988a24 0 0 0 0 0 1
train_jpeg/644b2b3c6b3e706926b92840144ab869 0 0 0 0 0 1
train_jpeg/644ce5af82ecc76391728df8cd2bfb3d 0 0 0 0 0 1
train_jpeg/6454d66882ada8edffcca06d09f05ff9 0 0 0 0 0 1
train_jpeg/645f1b91f9866a5b1029ace92faca75b 0 0 0 0 0 1
train_jpeg/6496f25a409ae303ee6f158b8727db87 0 0 0 0 0 1
train_jpeg/64bceb5dcc35fe0c189ef814e7ce570f 0 0 0 0 0 1
train_jpeg/64d3cdee64cc3a892b85575eccce7b92 0 0 0 0 0 1
train_jpeg/64f085326690cc9c79ba64fb315d2dff 0 0 0 0 0 1
train_jpeg/653242e4127decde04e22d3b29848d36 0 0 0 0 0 1
train_jpeg/65bbf9fd1188133c1271e68b39df7237 0 0 0 0 0 1
train_jpeg/65bf9b6e18eb51eee8efa638a2958a69 0 0 0 0 0 1
train_jpeg/65ddd0d6de9415820477378428567272 0 0 0 0 0 1
train_jpeg/65e5a2cd5b5b333cce079db1ec116309 0 0 0 0 0 1
train_jpeg/65e97b1e85197353e02e399d7a5e928d 0 0 0 0 0 1
train_jpeg/65e9c983b94490a5a11f07d404659585 0 0 0 0 0 1
train_jpeg/65f20aa52e358f08999408baf843c0e1 0 0 0 0 0 1
train_jpeg/65f8ad4e09c9cc420a65407a92c01b9a 0 0 0 0 0 1
train_jpeg/663398b01c450ec10ae8a6d89879db99 0 0 0 0 0 1
train_jpeg/663ad0607f11d47207efad55a52ff010 0 0 0 0 0 1
train_jpeg/66933a35e5d688feb7c68a2e01e73e70 0 0 0 0 0 1
train_jpeg/66bbe3b0df8f9b8bda1f11d3adb5940a 0 0 0 0 0 1
train_jpeg/66c78b116b4324190d18d2997a00e354 0 0 0 0 0 1
train_jpeg/67172a0f02403cdca81f2eeb3e6ee86d 0 0 0 0 0 1
train_jpeg/6747f99ef0ff341a8b25787e3436db5c 0 0 0 0 0 1
train_jpeg/6778474a9e212d1aef73a32583e78f37 0 0 0 0 0 1
train_jpeg/67d2aa041a3556a12994b0ba36fbdc68 0 0 0 0 0 1
train_jpeg/67f6b4a6c560951eef3128e2e71419c7 0 0 0 0 0 1
train_jpeg/685bc45acca1b32bdb80ba6ac986e7da 0 0 0 0 0 1
train_jpeg/68669ec2e73171c79b6f9d2225fbd4f0 0 0 0 0 0 1
train_jpeg/687ca0b62889d06335ba7a3d147baf76 0 0 0 0 0 1
train_jpeg/688061c46a310e823d2b0a498729f316 0 0 0 0 0 1
train_jpeg/6889a840d82b81c8de902c601a075b8c 0 0 0 0 0 1
train_jpeg/68c1e59d39af3592616bbb2937d61f6a 0 0 0 0 0 1
train_jpeg/68ea6e99b40d33995282a81f1baf0ae3 0 0 0 0 0 1
train_jpeg/68f347bba1a73081fae36215e7bd19d0 0 0 0 0 0 1
train_jpeg/68ffaf79e68c2d29606f985adf059803 0 0 0 0 0 1
train_jpeg/6949ec318132a36d802e2cb19cc5622b 0 0 0 0 0 1
train_jpeg/698c98b21c5706e11a271b2ec73b1647 0 0 0 0 0 1
train_jpeg/699a1e44e265a9a8d41b404cedae6842 0 0 0 0 0 1
train_jpeg/69b3738d1a9f0dde5ec8b01df42b035b 0 0 0 0 0 1
train_jpeg/69ff3c692e683c861e29f83d58e17659 0 0 0 0 0 1
train_jpeg/6a015e935e17740e22b6b246aed892c5 0 0 0 0 0 1
train_jpeg/6a047bc525812f5fb0fb8bc57e246709 0 0 0 0 0 1
train_jpeg/6a21c27cbd42e68576a134fca3c0266e 0 0 0 0 0 0
train_jpeg/6a31bb9432012fe6afec634c68b623ab 0 0 0 0 0 1
train_jpeg/6a54971c60216631888bc0b559f12a46 0 0 0 0 0 1
train_jpeg/6a5a92798a840e7b12533ada2e2816cb 0 0 0 0 0 0
train_jpeg/6a81576a220d65cbde7df55c3a3de1b6 0 0 0 0 0 1
train_jpeg/6ab3e34c4ca6b734884a56d43fec64dc 0 0 0 0 0 1
train_jpeg/6ac75953da6e3587b8bf97673ee7049f 0 0 0 0 0 1
train_jpeg/6acc13406eda521dedfca734ddbe3e25 0 0 0 0 0 0
train_jpeg/6aedf1ea4a43bfd9e6ba864a74421f30 0 0 0 0 0 1
train_jpeg/6afd09ccb84477f3c701982d27dfe54d 0 0 0 0 0 1
train_jpeg/6b1629617f13b37b41af2c15243bf277 0 0 0 0 0 1
train_jpeg/6b26d8dbe5f1ef8a3de2d2815417d278 0 0 0 0 0 1
train_jpeg/6b495865e970c5ccd5d4ad4214047918 0 0 0 0 0 1
train_jpeg/6b7a5ee6ec7702b7fd9ed5ab4668cbe6 0 0 0 0 0 1
train_jpeg/6ba1d0209f95d342399db2231e62af00 0 0 0 0 0 1
train_jpeg/6bcaa8ca1344287b61e15b3e8cffcaf2 0 0 0 0 0 1
train_jpeg/6bd52343cfed0e05957523773708492b 0 0 0 0 0 1
train_jpeg/6c07e9a9fc06aa20e54a83cded97aa7a 0 0 0 0 0 0
train_jpeg/6c2e955de0010853a3fe23c1d140fb54 0 0 0 0 0 1
train_jpeg/6c570356c5cdb674231769b436f31d1f 0 0 0 0 0 1
train_jpeg/6c6be811848dd824c450d7193353dac7 0 0 0 0 0 1
train_jpeg/6ca6bd22cfa20b11f14517f4f73717f1 0 0 0 0 0 1
train_jpeg/6cbb600a8aaf873bb91b799c31c84a2b 0 0 0 0 0 1
train_jpeg/6d1b437d5d0c8679c5332a7ee81a209f 0 0 0 0 0 1
train_jpeg/6d33e69f8f399100be31330a61c5c01f 0 0 0 0 0 1
train_jpeg/6dc197d0503400617170a11ab7812d73 0 0 0 0 0 0
train_jpeg/6e15ed316697b660047c597450de7a8b 0 0 0 0 0 1
train_jpeg/6e26e1092a0297a1cbf0a867e3b90326 0 0 0 0 0 1
train_jpeg/6e395f737d2b004443f033eb9ad7ba17 0 0 0 0 0 1
train_jpeg/6e9e267d562814554eca67e91814408e 0 0 0 0 0 1
train_jpeg/6ecf4d9fc47523ed028206ab33244f8c 0 0 0 0 0 1
train_jpeg/6ed00537ef9858ef4cbddbf83d7931c2 0 0 0 0 0 1
train_jpeg/6ede739b7c358e914aaa260095586168 0 0 0 0 0 1
train_jpeg/6f06f1e3ba325f73320fd50ff5ffe2c5 0 0 0 0 0 1
train_jpeg/6f2549a9061a1598f083000b1992f119 0 0 0 0 0 1
train_jpeg/6f5cf55fa62c8546dcf50b2bad2f4f5f 0 0 0 0 0 1
train_jpeg/6f751fcb085b56e3e53a3bca83810db5 0 0 0 0 0 1
train_jpeg/6f95a9001875b9dd105324cac339e4f0 0 0 0 0 0 1
train_jpeg/6fa1438e182fd577efba73531c0c35a8 0 0 0 0 0 1
train_jpeg/70118a32803d77ba3518b6a02e1041c9 0 0 0 0 0 1
train_jpeg/702fc66f36194d6bf93d6c3f5b8cfbb5 0 0 0 0 0 1
train_jpeg/7037f2cc04e70b2e52c93ab38d10e19a 0 0 0 0 0 1
train_jpeg/7079c0eb6355a5dfbd9873d6abdf0a34 0 0 0 0 0 1
train_jpeg/7094e1216b84eab268c7c719818c00e2 0 0 0 0 0 1
train_jpeg/70e567ae5cbd788e91527948ced9c237 0 0 0 0 0 1
train_jpeg/719ef3ece6314f7962ffe89cfd4cdb7f 0 0 0 0 0 0
train_jpeg/71c1082bc237ebf8fe85306389b3634c 0 0 0 0 0 1
train_jpeg/71e10644f08c83fb33735cee1c32d63a 0 0 0 0 0 1
train_jpeg/720e1df9d2d6a6125c6a6241495d4a20 0 0 0 0 0 1
train_jpeg/723172eb9b2b9922d740149bcdd18720 0 0 0 0 0 1
train_jpeg/7237fe007c5cab239011e89137eee3a7 0 0 0 0 1 0
train_jpeg/72b204187cbdb56d351d1af57c9ae364 0 0 0 0 0 1
train_jpeg/72c909d2fb1087e9588136505e9e7020 0 0 0 0 0 1
train_jpeg/72e97629bdb1cfffb805a0a260a81e71 0 0 0 0 0 1
train_jpeg/745dd954945d76615e8785c39b91b6fb 0 0 0 0 0 1
train_jpeg/747eec98df4c54df053df178cc8c2395 0 0 0 0 0 0
train_jpeg/7488b55daad469b5a4df154e88e69cc3 0 0 0 0 0 1
train_jpeg/74c11011583806a161e5f3e66c945da5 0 0 0 0 0 1
train_jpeg/74d7567d6aef1fd896f3904205d3a2fb 0 0 0 0 0 1
train_jpeg/750dfaff21f3a058d53ef2e06a291b62 0 0 0 0 0 1
train_jpeg/753581089bcd75c2ba28375ac72ed77a 0 0 0 0 0 1
train_jpeg/75577c0d1e94e28e99fa2e5d852928b1 0 0 0 0 0 1
train_jpeg/7559efc210307a6938b6c754663368bc 0 0 0 0 0 1
train_jpeg/75bb589fb887060db918ff9b4e75744d 0 0 0 0 0 1
train_jpeg/75be37d48999ddb3d534c634fd87deb4 0 0 0 0 0 1
train_jpeg/75c70312985c506280ee77675cc07a1e 0 0 0 0 0 1
train_jpeg/75deb2e5ffef549b73f591a03f346bb0 0 0 0 0 0 1
train_jpeg/75ec0ee63192335d1ec00e6b9ccab4fd 0 0 0 0 0 1
train_jpeg/75f6585ed7753c64c462ed9c76dd826a 0 0 0 0 0 1
train_jpeg/762d7c92fc97f018326c42e196fcedbf 0 0 0 0 0 1
train_jpeg/76339ec8c17dbcdd117914581cee59f5 1 0 0 0 0 0
train_jpeg/76450ba6a16dedd0408b69bc02c61663 0 0 0 0 0 1
train_jpeg/76fb116b28162859a0d96dc0bdb28203 0 0 0 0 0 1
train_jpeg/77132a2617da1a0f4e0f3e48a55c053a 0 0 0 0 0 1
train_jpeg/7731e2602ff496070a711a8c92ed9190 0 0 0 0 0 1
train_jpeg/7786f1b33cde8d933f58a7940b925113 0 0 0 0 0 1
train_jpeg/7792774f9cce897c741875f11aad61e2 0 0 0 0 0 1
train_jpeg/77b13d39f6c20a45830c2a09659eb00a 0 0 0 0 0 1
train_jpeg/77b840d6d8fcce0d2a5595d64eb1caab 0 0 0 0 0 1
train_jpeg/77c0b7ebeae94c2c4f61fdaa170522b0 0 0 0 0 0 1
train_jpeg/77d3620998cc503217bf563868f80fe9 0 0 0 0 0 1
train_jpeg/77e3309bc816385c8c6acedb3af3403d 0 0 0 0 0 1
train_jpeg/77f37186853d232b9b2db7e4e150ced9 0 0 0 0 0 1
train_jpeg/782e3069a94382326a1ef5d47fa64468 0 0 0 0 0 1
train_jpeg/7868a5eefc5e79174cc349f5e1e1965a 0 0 0 0 0 1
train_jpeg/78aa8415fbf1c792f7d7c53349d44d4f 0 0 0 0 0 1
train_jpeg/78da90acc43f4955f1c5bd83507b3c76 0 0 0 0 0 1
train_jpeg/78dc6be929546ace08d685d570a7dc99 0 0 0 0 0 1
train_jpeg/78f34747eb66eb091fbc011c24c1a367 0 0 0 0 0 1
train_jpeg/793a364da23e0939a38d82c44629f95d 0 0 0 0 0 1
train_jpeg/798a227007845dc3ffdca15e0d66d724 0 0 0 0 0 1
train_jpeg/79edf950abd9ddc4dac37e113e40da5d 0 0 0 0 0 1
train_jpeg/79ef441bfa234970dd72d7f5739fb483 0 0 0 0 0 1
train_jpeg/7a012e9ca947bbe8b46b47cd3257fc62 0 0 0 0 0 1
train_jpeg/7a285cbd9aa6dd6481abd690aa8a0776 0 0 0 0 0 1
train_jpeg/7a293252be89795118fdf620def0c098 0 0 0 0 0 1
train_jpeg/7a4ce7fce3df81a83c774e5a091e3bf2 0 0 0 0 0 1
train_jpeg/7a775d2937b716a76da7b36fc00b0294 0 0 0 0 0 1
train_jpeg/7a96c5f15fb08c98d2489dc2d1ad05d9 0 0 0 0 0 1
train_jpeg/7ac59121682ceee52113882e22577686 0 0 0 0 0 1
train_jpeg/7b27a4a3676a98b6de3bd3c19a1ca1cd 0 0 0 0 0 1
train_jpeg/7b28527cbbf8fdd46cae166b95e1bf64 0 0 0 0 0 1
train_jpeg/7b453829a8abc97cc04e86899c71f357 0 0 0 0 0 1
train_jpeg/7b5a51c10c8a810fa04c4f24e4db2bc8 0 0 0 0 0 1
train_jpeg/7b6c00f300b0aa2c2c2bd0b51edea43a 0 0 0 0 0 1
train_jpeg/7b821f90210ba7eda5160549ba6138ff 0 0 0 0 0 1
train_jpeg/7c085051d3a071b41c420630e9d513b7 0 0 0 0 0 1
train_jpeg/7c5b494a527957a9546a926623fd18a4 0 0 0 0 0 1
train_jpeg/7caf5c1d325ee863f7bd575a2cd5b5a4 0 0 0 0 0 1
train_jpeg/7ccc4a3d0979aaafc7613f9d4c9c92b0 0 0 0 0 0 1
train_jpeg/7d011004fcaaf921cd782bc6503dd250 0 0 0 0 0 1
train_jpeg/7d06c9906257d557aa101e9c73cb10e6 0 0 0 0 0 1
train_jpeg/7d16d01782a0fc7e4558ead1a8d029dc 0 0 0 0 0 1
train_jpeg/7d5c70800f518f6584e25b2a88238a22 0 0 1 0 0 0
train_jpeg/7d73640c06cf3a247cf7157f3f7bcaac 0 0 0 0 0 1
train_jpeg/7d7ebec69dcf4ec6e88f58b8eaf4e4df 0 0 0 0 0 1
train_jpeg/7d96035b3771e1c56dc1f47f37a35672 0 0 0 0 0 1
train_jpeg/7db4679c0dde8f15c8e04cf3c075a34a 0 0 0 0 0 1
train_jpeg/7dd3431114dfd02e5847c79a203f6dec 0 0 0 0 0 1
train_jpeg/7e1dfef82f07c334200f6bc1564fdb3a 0 0 0 0 0 1
train_jpeg/7e20b83bce6da017ebe4ce49535232d3 0 0 0 0 0 1
train_jpeg/7e654a20f77fd1d6d902cb78f4c779e6 0 0 0 0 0 1
train_jpeg/7e8745952e9e7ea9b363bc537719cdf9 0 0 0 0 0 1
train_jpeg/7ea1e4cded4ece38e3ffa27a3bf2e937 0 0 0 0 0 1
train_jpeg/7ece84e40353ac77a296eb5f03dbf25a 0 0 0 0 0 1
train_jpeg/7ed29376d88dd0a4e81a55a1cea68572 0 0 0 0 0 1
train_jpeg/7ed785a857df71b0d131736b7f64f6cb 0 0 0 0 0 1
train_jpeg/7efccd93a8f6bebfd5b3d1443ded4cbc 0 0 0 0 0 1
train_jpeg/7f4740eeb1ebdf4d7572eb959fa9700b 0 0 0 0 0 1
train_jpeg/7f77642e1e77897f5bc2545278153c40 0 0 0 0 0 1
train_jpeg/7f9b5f993fe4c07680eeba3f4b1b7c58 0 0 0 0 0 1
train_jpeg/7fccbf8d7cf537f74586ca8f1ab56fc1 0 0 0 0 0 0
train_jpeg/7fdc392cd9d16ef9b2f02577851c6433 0 0 0 0 0 1
train_jpeg/802d38d25aa72427102b3b92741b690b 0 0 0 0 0 1
train_jpeg/80494023b09f661f00cca8ebaef860c2 0 0 0 0 0 1
train_jpeg/806c20c1d5b38e2ca7941854ec66659f 0 0 0 0 0 0
train_jpeg/808e6eee81bd214e86012cd3539e4c06 0 0 0 0 0 1
train_jpeg/8098dc94fc5ba23973dae0e0912c0053 0 0 0 0 0 1
train_jpeg/80ae70d50e38a2be0e324371c1e41bad 0 0 0 0 0 1
train_jpeg/80c4323662c296de12f4e9768fd8addf 0 0 0 0 0 1
train_jpeg/80db2b87a1596458b6188888391ab4d6 0 0 0 0 0 1
train_jpeg/811cbe1980f67f2a98f182451cc5da99 0 0 0 0 0 1
train_jpeg/812ed04068507604227752b581ea7dbb 0 0 0 0 0 1
train_jpeg/81379203cd3cd758dc3bb8bd754067d9 0 0 0 0 0 1
train_jpeg/813baea3385e698664e12a7bd3d1ff51 0 0 0 0 0 1
train_jpeg/819c130c4f0913a8b96b8fd858935c81 0 0 0 0 0 1
train_jpeg/81a095d04f870581fd87cafb1116fa83 0 0 0 0 0 1
train_jpeg/81f85fdddcf92d722fe509354de978d5 0 0 0 0 0 1
train_jpeg/8211d579bf654c694955d5b6bed67cf3 0 0 0 0 0 1
train_jpeg/8244bfb4b2a346678d4a6f84b33070d2 0 0 0 0 0 1
train_jpeg/825f962cc7bbbaeb7acb2a9120e6113d 0 0 0 0 0 1
train_jpeg/827769f3b7e528a56c241ea967a985d6 0 0 0 0 0 1
train_jpeg/8283bb622dac7655a4887fef90d0bfc5 0 0 0 0 0 1
train_jpeg/82b0803c018e309b370168b0ac9f2c9a 0 0 0 0 0 1
train_jpeg/82cc080c1b41686a81fcf03aedae2442 0 0 0 0 0 1
train_jpeg/83110a53968abb4c902aa0043fb1a672 0 0 0 0 0 1
train_jpeg/8334ec77ae89a19bbe944deae4338769 0 0 0 0 0 1
train_jpeg/8387908e191592ccf24bf9ef2c66c01e 0 0 0 0 0 1
train_jpeg/838c14f5e2f5428ba84b4bf9f7d4eef6 0 0 0 0 0 1
train_jpeg/83993c8d8053cfbc221fe1a34b7d1a03 0 0 0 0 0 1
train_jpeg/83a17ed23c12f2d4bd03cfa2b34264d4 0 0 0 0 0 1
train_jpeg/83c30c1b04b487fb45a186aedcb8971d 0 0 0 0 0 1
train_jpeg/83d5daa9e2dfbb786f5be821a8255c7e 0 0 0 0 0 1
train_jpeg/83dd247bd08d6eb65a536e43796c69b0 0 0 0 0 0 1
train_jpeg/842382f14b9eeb1dcdd862e5372dad0d 0 0 0 0 0 1
train_jpeg/84242444166ae74f45003d228d9897c8 0 0 0 0 0 1
train_jpeg/84547a6761681374285126a29b0b2941 0 0 0 0 0 1
train_jpeg/845a3c7468557044569c6e9965fb3cc2 0 0 0 0 0 1
train_jpeg/847952e50e77e2904359c23acc3f89a2 0 0 0 0 0 1
train_jpeg/8481205d34f45d5f90cd889f2a980b49 0 0 0 0 0 1
train_jpeg/848166a69e2fd9493d9c82d964c4b0fd 0 0 0 0 0 1
train_jpeg/84ccfc2b291a2986d20f22861de7f699 1 0 0 0 0 0
train_jpeg/84d90853ca259d66bebb7de3985a44a1 0 0 0 0 0 1
train_jpeg/84e40e31ede36c012e3784591369d622 0 0 0 0 0 1
train_jpeg/84edb910948a3bf76a5dc6d133140c7f 0 0 0 0 0 1
train_jpeg/84fe236b6e242fd16ee90fbd9fbf0c26 0 0 0 0 0 1
train_jpeg/85041ac1ad6809cdf9d2900226fe5194 0 0 0 0 0 1
train_jpeg/8565824b9fcef8da112174a0f064f1e3 0 0 0 0 0 1
train_jpeg/857ab59ae027e1e079d3c2d8e3809352 0 0 0 0 0 1
train_jpeg/858c55ba335e1eea7985c5dde1a21918 0 0 0 0 0 1
train_jpeg/85d1b400cd6c4f2fcdb62e6d882a66aa 0 0 0 0 0 1
train_jpeg/8626cbfd0205ec64b6fb89650aacabf0 0 0 0 0 0 1
train_jpeg/866a996e613e21783bb4524ca1679ab1 0 0 0 0 0 1
train_jpeg/866dbe49745ba415cdf982849e49ac72 0 0 0 0 0 1
train_jpeg/86bd0cea376e57b1d04ec36ee55f0bed 0 0 0 0 0 1
train_jpeg/86c32da60c6f07481ad2bc48ec8378d8 0 0 0 0 0 1
train_jpeg/86cb829bdad7b39ff9b9f85702be27ea 0 0 0 0 0 1
train_jpeg/86d28573de77dd3966c78b2b471117d1 0 0 0 0 0 1
train_jpeg/86e8ce292daefc9328a104fa2116d6de 0 0 0 0 0 1
train_jpeg/86ed421be69c3316eb5167e59c4c0d03 0 0 0 0 0 1
train_jpeg/87036d7c5a93d5c10477d44d9609015a 0 0 0 0 0 1
train_jpeg/871f50e5eb6df22069dbd23eca0ceaed 0 0 0 0 0 1
train_jpeg/87338831ec1c16676d1fae3f33346fb4 0 0 0 0 0 1
train_jpeg/873efd8425f855fb012c27db58c9a76a 0 0 0 0 0 1
train_jpeg/874317c4604b813be6e377b963b50583 0 0 0 0 0 1
train_jpeg/8744237e216189b00132b35c7af1b1c5 0 0 0 0 0 1
train_jpeg/8788745c121bcbce59873c943afa0ebd 1 0 0 0 0 0
train_jpeg/879fec3afbd7f3e8815abb4a207db7e5 0 0 0 0 0 1
train_jpeg/87a989904bd66047cb190d9575f4834e 0 0 0 0 0 1
train_jpeg/87c4ea8eda3ab708a06c555e2bc6040b 0 0 0 0 0 1
train_jpeg/8818a7c544a2ecef61660ee15701b418 0 0 0 0 0 1
train_jpeg/88269fab0e6f26be07c3b6a8f566b845 0 0 0 0 0 1
train_jpeg/886159a41e7589ba0d0713980591e27d 0 0 0 0 0 0
train_jpeg/886287a985cb25fb5cd072a9d3e3d0c5 0 0 0 0 0 1
train_jpeg/887361080ccbd381147d15c8da41eca4 0 0 0 0 0 1
train_jpeg/88a0b5919b1cdeb9eaf6ba2bb6995430 0 0 0 0 0 1
train_jpeg/88d426cc4eac97da6e32f5533597fb59 0 0 0 0 0 1
train_jpeg/88d9194c48b5943eb9349491a3c31830 0 0 0 0 0 1
train_jpeg/8912ff28e4b5fd0a5e101fef66dabaa5 0 0 0 0 0 1
train_jpeg/89431ff737f91d37f64794633903a0f4 0 0 0 0 0 1
train_jpeg/89524feaa558a7a2fbed12b38afcf61b 0 0 0 0 0 1
train_jpeg/89a42d2cbb43c51f6541b17130f3c03e 0 0 0 0 0 1
train_jpeg/89d4a88b244a0a0d67c9aae4f597f6fa 0 0 0 0 0 1
train_jpeg/8a0f681da75ca7a69658c793951d9c37 0 0 0 0 0 1
train_jpeg/8a2b708c8e7018591f673d99feb9b788 0 0 0 0 0 1
train_jpeg/8a332b6177f437bbe9a11797b4245a53 0 0 0 0 0 1
train_jpeg/8a41ef300e52bbb24cf55906fce4252f 0 0 0 0 0 1
train_jpeg/8a654a0fc53909fa09b27597e3c1d069 0 0 0 0 0 1
train_jpeg/8a6d6cfef94546b6833aca6e9acaa406 0 0 0 0 0 1
train_jpeg/8a72ffa869927722e05660e3c0f79477 0 0 0 0 0 1
train_jpeg/8a8a9743760cf5d321e5fcbdd604f71f 0 0 0 0 0 1
train_jpeg/8a9339280f46474c9d9f0513ddc48d95 0 0 0 0 0 1
train_jpeg/8addd3663bd32b2822cf252f7870dfc4 0 0 0 0 0 1
train_jpeg/8b064a6141622b0843758de6778784ac 0 0 0 0 0 1
train_jpeg/8b0839b2cc2d11420e6cfbc46b5f0f87 0 0 0 0 0 1
train_jpeg/8b9249d6f418fdaf8879c0ec888d5950 0 0 0 0 0 1
train_jpeg/8ba443808c86de6a1720ec9bc25bfab2 0 0 0 0 0 1
train_jpeg/8bac2b75c86fcfd46a1dc55032449ffc 0 0 0 0 0 1
train_jpeg/8bc39f906a38931070b45fe1ea57b244 0 0 0 0 0 1
train_jpeg/8bd12223f6668343caadd2fcb79b8d56 0 0 0 0 0 1
train_jpeg/8c2904da3c81a948576addbd1b3fb1c2 0 0 0 0 0 1
train_jpeg/8c30534a32debf2b8fa0aca4b04490c6 0 0 0 0 0 1
train_jpeg/8c372c0f1adb6fb0b1a8d85ffe94fe3e 0 0 0 0 0 1
train_jpeg/8c93071f4d3c65844fe16c44a12a7213 0 0 0 0 0 1
train_jpeg/8d0e4996d9d4eb04ffe8e7d1401e3528 0 0 0 0 0 1
train_jpeg/8d483805b3489befc1afdd2c8c2aa352 0 0 0 0 0 1
train_jpeg/8d5ae6709ee97782416cb2c949e3ae03 0 0 0 0 0 1
train_jpeg/8d6484b46b15bc346ccd29c4b4ca374e 0 0 0 0 0 1
train_jpeg/8e36ae96a199bbaea285e074edde991a 0 0 0 0 0 1
train_jpeg/8efb21b013126830b501e4189c1c231a 0 0 0 0 0 1
train_jpeg/8f01cb0cd50d9df7e34dcea44dcf7e4f 0 0 0 0 0 1
train_jpeg/8f1dc4cdee710c505afeb711377c07be 0 0 0 0 0 1
train_jpeg/8f5d2902d94b8b34007b77368b84b0e8 0 0 0 0 0 1
train_jpeg/8f61254c4c216a69d02f10b357c9f651 0 0 0 0 0 1
train_jpeg/8f7efcc6cd39b2236c46adc146ad4b9e 0 0 0 0 0 1
train_jpeg/8f9d7553d513eef9bee8ed9ddf5db054 0 0 0 0 0 1
train_jpeg/8fee4f9f9c8e1b85708e42ac0f990d81 0 0 0 0 0 1
train_jpeg/901d3c3375a1938dc760bb36e9408d5a 0 0 0 0 0 1
train_jpeg/905d6346bebc810030ee08c1baf5af91 0 0 0 0 0 1
train_jpeg/906a43ceed5a95c81a94cc7c6ea41027 0 0 0 0 0 0
train_jpeg/90b772304bf722df5a97185e76f296e7 0 0 0 0 0 1
train_jpeg/911c04a6e6222a44ef3847876dc1c0b9 0 0 0 0 0 1
train_jpeg/915e7fbda46ac956e163de4485710390 0 0 0 0 0 1
train_jpeg/91bb24bb201df1ba3dad62dca0fd683f 0 0 0 0 0 1
train_jpeg/91ce578ebdd959abb3c14b7c24711d19 0 0 0 0 0 1
train_jpeg/91d33747aaed3a4b2e6ced7896795093 0 0 0 0 0 1
train_jpeg/91e543800b9556e90ddae5aea114780d 0 0 0 0 0 1
train_jpeg/921d5ed749decfda94dbea42ce7b5e52 0 0 0 0 0 1
train_jpeg/924f9b4d5fe1d28b46d93ff6c9431b35 0 0 0 0 0 1
train_jpeg/9273bd554f5d9340a11722070a53c65b 0 0 0 0 0 0
train_jpeg/92a6f2283b4c2fb5b3e077cef3a94444 0 0 0 0 0 1
train_jpeg/92c14158ad4ee88ff2e43fdae12f47fc 0 0 0 0 0 1
train_jpeg/932d244bca353f89e7b19a22d01372a9 0 0 0 0 0 1
train_jpeg/938ce965d372654fbfcc844ecd3e77ca 0 0 0 0 0 1
train_jpeg/938ddf240a2723a10c58e4a94e8b5e9a 0 0 0 0 0 1
train_jpeg/9392bf868724b18bb06b2ee710d69e12 0 0 0 0 0 1
train_jpeg/93cb971f3c5504f1362de4367f9199d1 0 0 0 0 0 0
train_jpeg/93da74ab74e53d90f7cd3a79c5b2d78d 0 0 0 0 0 1
train_jpeg/9442ea6c07348514a3f2231dc38454ed 0 0 0 0 0 1
train_jpeg/945eb0f9c575a45a148e7e64f7cf402a 0 0 0 0 0 1
train_jpeg/9461f0417adb7494c8655031cb73febd 0 0 0 0 0 1
train_jpeg/9467830e0f4dc6dc755718f994cc7a3b 0 0 0 0 0 1
train_jpeg/94679d2c30666bb4e0df31c7b2f37b09 0 0 0 0 0 1
train_jpeg/94887c081f4be59d246c59170d05dfc6 0 0 0 0 0 1
train_jpeg/948c5398a7c0fe56094764659ca93772 0 0 0 0 0 1
train_jpeg/94a727826ddb7c3fe4db682ded5c0541 0 0 0 0 0 1
train_jpeg/94b260ae59de72c78bd1a9d0ea75f988 0 0 0 0 0 1
train_jpeg/94e6eafb543e30f06bf5e109a15fbbf4 0 0 0 0 0 1
train_jpeg/94f5266733fddfd19a323974176bf30b 0 0 0 0 0 1
train_jpeg/9626d5cb5be3a7bdd9abe92d669f51bf 0 0 0 0 0 1
train_jpeg/964cafc7a5ad06e8af2f1ff34ac9f463 0 0 0 0 0 1
train_jpeg/9658074bb66e4e68d6fab1fd949fa62b 0 0 0 0 0 1
train_jpeg/96aa1d32c29e15dd9d4c77207cf0a613 0 0 0 0 0 1
train_jpeg/96c7ef3c46e2d5a625dfd742d29e48e0 0 0 0 0 0 1
train_jpeg/9709f93498e2b1d53bab7f4bb558d154 0 0 0 0 0 1
train_jpeg/972883603a2d4af98176583261a2f334 0 0 0 0 0 1
train_jpeg/97332631991f5ae0cdf08fd97f248830 0 0 0 0 0 1
train_jpeg/973b11ed160c27c132551b977e2035a2 0 0 0 0 0 1
train_jpeg/977ffac5480e144c480bdad2412d3d58 0 0 0 0 0 1
train_jpeg/97a962584e7cc87fb219bb9b0c6f78ba 0 0 0 0 0 1
train_jpeg/97b6462ef16212a075882c76cbb02c72 0 0 0 0 0 1
train_jpeg/97cbef53fe25e40a55dfb40847d28ec0 0 0 0 0 0 1
train_jpeg/97dd3aff199f6be7eea5acf9e3c9a22d 0 0 0 0 0 1
train_jpeg/97fd11ea81a44af39e0f8bac372acb75 0 0 0 0 0 1
train_jpeg/97fd30dd8242d9f8047fbbbe18e1335a 0 0 0 0 0 1
train_jpeg/97fe3100065217d8818a7391c0fdaa99 0 0 0 0 0 1
train_jpeg/9833a8301a8aa0832ef6ed89a728d77f 0 0 0 0 0 1
train_jpeg/983bb1fe3d1c3d009b4dbc470a2be49e 0 0 0 0 0 1
train_jpeg/984ac58f23a149ab7a6216c3289273a9 0 0 0 0 0 1
train_jpeg/9850d20ee4d2bf722154a90ae07ddff8 0 0 0 1 0 0
train_jpeg/9894680ab449c562b30df83ee3faa9de 0 0 0 0 0 1
train_jpeg/98d438ae085cd4fcf430fa9bdce295f6 0 0 0 0 0 1
train_jpeg/98eaef80b97edb9dfd16982d4eeab78c 0 0 0 0 0 1
train_jpeg/992f66595e0c21609287c0023b2c721c 0 0 0 0 0 1
train_jpeg/9957e7e58690f10dcdb02b0048a3a1df 0 0 0 0 0 1
train_jpeg/996cf9196ebda9f2b449e2ec38ac17c4 0 0 0 0 0 0
train_jpeg/997018ea56a7f8300ed36818913a6c3e 0 0 0 0 0 1
train_jpeg/99706658a6881193653ca61b840abf70 0 0 0 0 0 1
train_jpeg/9980931c04540540bd8a092b4f8cf769 0 0 0 0 0 1
train_jpeg/99c9f80ddc48480a4562f47530a6b573 0 0 0 0 0 1
train_jpeg/9a896e0b230f590251ce2b5149cf241a 0 0 0 0 0 1
train_jpeg/9ac0c9b5c28f252ec7ee7323b7ecf704 0 0 0 0 0 1
train_jpeg/9b071f4135a205e917524a712c5cef98 0 0 0 0 0 1
train_jpeg/9b073559492a961b9095f6cb30ac8fd1 0 0 0 0 0 1
train_jpeg/9b1d076abcb937c2e19f7c2e10dbcbc0 0 0 0 1 1 0
train_jpeg/9b3c46e22c6d7280065ddeaf9230d730 0 0 0 0 0 1
train_jpeg/9b977611e75084a16e5edbcfb4a07efd 0 0 0 0 0 1
train_jpeg/9bb5a1c72d2c871377e730d74d5b9425 0 0 0 0 0 1
train_jpeg/9bda9a00fb6bb9a1bc1e511e69f269de 0 0 0 0 0 1
train_jpeg/9bf651ff4849732663eb74736c46e5c6 0 0 0 0 0 1
train_jpeg/9c3b5b630780ec04680da02ac412cd8a 0 0 0 0 0 1
train_jpeg/9c442dd90183b3bdfc38a3f81845658f 0 0 0 0 0 1
train_jpeg/9c6ef524f6e29ace53a1a9b60f6186e6 0 0 0 0 0 1
train_jpeg/9c89004f6827ca42cc151098ce8bd986 0 0 0 0 0 0
train_jpeg/9c9f556eea533f066368e0f4a452bee7 0 0 0 1 0 0
train_jpeg/9ca2725b69db57ebc2df26a7da70affb 0 0 0 0 0 0
train_jpeg/9cca7376a85ea556ff392a89545e7072 0 0 0 0 0 1
train_jpeg/9d06afcc249491a4b681dac8d70dbb8d 0 0 0 0 0 1
train_jpeg/9da7ef57422ca0f006253c7d94075efb 0 0 0 0 0 1
train_jpeg/9de53ac168516aa1a9cc5a36733a3426 0 0 0 0 0 1
train_jpeg/9df823bdb8130ffcea2bee7544a0db94 0 0 0 0 0 0
train_jpeg/9e9275fe0c1b710cd55212796bb80e61 0 0 0 0 0 1
train_jpeg/9f07e60e794aa839e814e8b9c1243443 0 0 0 0 0 1
train_jpeg/9f4cf94c0c29ccded84379b0792453f3 0 0 0 0 0 1
train_jpeg/9f6f6f43afa660d8dcae9175b5d2e38d 0 0 0 0 0 1
train_jpeg/9f89a5b66a98b03666db2c9d36a7dc0e 0 0 0 0 0 1
train_jpeg/9fa1f57835a35ba90dade380288ca769 0 0 0 0 0 1
train_jpeg/9fd12d311ea007b2cd5b6f0973dbc6de 0 0 0 0 1 0
train_jpeg/9fd7f8bc66d606ffee290028c4d5d1f3 0 0 0 1 0 0
train_jpeg/9ff1b4b5c1c0b2a7b272cbd8d05b3053 0 0 0 0 0 1
train_jpeg/a04461580fbcff37fe7eb38e975ac1fa 0 0 0 0 0 1
train_jpeg/a083b9235a837f1f0171174a00ea538c 0 0 0 0 0 1
train_jpeg/a0ad8f24ca2cff284cfb950bad1b6914 0 0 0 0 0 1
train_jpeg/a0af09ebd6ae1c8b35ae81f0a4547080 0 0 0 0 0 1
train_jpeg/a0fe70a9b3f7050837ac5bc5b99ea6f8 0 0 0 0 0 1
train_jpeg/a1134e92282815efb505a93105083393 1 0 0 1 0 0
train_jpeg/a1375f9466915186308ef31e0766db3f 0 0 0 0 0 0
train_jpeg/a1554d4363bfee858ee0240b0efbb5a5 0 0 0 0 0 1
train_jpeg/a19a21ec280299bbff94db032c7bbf05 0 0 0 0 0 1
train_jpeg/a1c28c6577b846888f74e51aa2bf60b4 0 0 0 0 0 1
train_jpeg/a1c80226c0de6d63b6e9e46f7447dc40 0 0 0 0 0 1
train_jpeg/a1d1cbb23e3efdbbbcfccc03e9624356 0 0 0 0 0 1
train_jpeg/a25c8aab1ffce568f063ad78b34bd708 0 0 0 0 0 1
train_jpeg/a2cb3324f157241988e4061a60c9e136 0 0 0 0 0 1
train_jpeg/a31b1d98d512c9d593a6718e996eb0c6 0 0 0 0 0 1
train_jpeg/a33cd2473556d2cdfd77ba3d2fa78349 0 0 0 0 0 0
train_jpeg/a341ed51756547e8d43f052b7994d0ec 0 0 0 0 0 1
train_jpeg/a35386b052f859af1ee92051c2726369 0 0 0 0 0 1
train_jpeg/a3c14e9849589c82d4d7cbe592b3136d 0 0 0 0 0 1
train_jpeg/a43c810e2146200eb9680c18ba885aeb 0 0 0 0 0 1
train_jpeg/a4606afe5fe398c62a18163214f921fe 0 0 0 0 0 1
train_jpeg/a463c0f3cc9f4945ce7f70d7b3f94819 0 0 0 0 0 1
train_jpeg/a46630aee2bd7da6617637604eca3086 0 0 0 0 0 1
train_jpeg/a4b5b5a24eb519e88751619d6977d832 0 0 0 0 0 1
train_jpeg/a4f53850cb70bbfa9f3ea93f0117a9c1 0 0 0 0 0 1
train_jpeg/a50bf19ef674805de9483fed10948be3 0 0 0 0 0 1
train_jpeg/a51a0cb0da15ea00fd9d1c711b7eb0d6 0 0 0 0 0 1
train_jpeg/a592ab7261f7319a4815f58e5cb9c472 0 0 0 0 0 1
train_jpeg/a5bc9fa0a8b25993a08b1874156a170a 0 0 0 0 0 1
train_jpeg/a6317cca482e4c5e020ab5e4c94fe921 0 0 0 0 0 1
train_jpeg/a66aa5583aaebc075eaf73317da6557f 0 0 0 0 0 1
train_jpeg/a673c55470f775d286249e189896c376 1 0 0 0 0 0
train_jpeg/a674ebdac474ce9c92552027e51d1d9b 0 0 0 0 0 1
train_jpeg/a6c0cadaed94c0183782c4e26b47ad1d 0 0 0 0 0 1
train_jpeg/a71215df1b1029e81d3f9b856caff97b 0 0 0 0 0 1
train_jpeg/a7636b14b718140d3e75a0e679fe496f 0 0 0 0 0 1
train_jpeg/a79e4b1c72a57047464f65c65f2b7ff3 0 0 0 0 0 1
train_jpeg/a7b86aecc12e1226286773d1210eea88 0 0 0 0 0 1
train_jpeg/a7c0ab62b8c68897140a919aad35714b 0 0 0 0 0 1
train_jpeg/a7e7dbcc763a3e07babd629dfd16c5e4 0 0 0 0 0 1
train_jpeg/a7f9c65263578dbf6a92a2157b8627c9 0 0 0 0 0 1
train_jpeg/a83297bc8c4a9c45652fe1a249af666f 0 0 0 0 0 1
train_jpeg/a8ba44710ed9f78bdf9a52c28da82ace 0 0 0 0 0 1
train_jpeg/a92879d1bc65ab8fbda2755e55f6462a 0 0 0 0 0 1
train_jpeg/a974043780305d3ab4eb663db352fbad 0 0 0 0 0 1
train_jpeg/a9833de8a15ca2840b3bf23d4f6226ef 0 0 0 0 0 1
train_jpeg/a98bf3259fda4941663b88ff1efc7625 0 0 0 0 0 1
train_jpeg/a9f17d3eb4a8221c3ef0dd12bfec0ba0 0 0 0 0 0 1
train_jpeg/aa95074ff365c4d60210bed08e92fc23 0 0 0 0 0 1
train_jpeg/ab07ec4195cddf34f4268bd0f1a6432a 0 0 0 0 0 1
train_jpeg/ab3bb85af032f68c098006f698e0726a 0 0 0 0 0 1
train_jpeg/ab6bf055e889a10969270fb9a0c4a3b2 0 0 0 0 0 1
train_jpeg/ab6ed4b7e99b6cf19c7979cf1cbe3944 0 0 0 0 0 1
train_jpeg/ab77771bd9ac7881c2f19fe8015eb1d3 0 0 0 0 0 1
train_jpeg/ab78d7c571c5bf0d8d9c1ea6866a4547 0 0 0 0 0 1
train_jpeg/abab3c0545772de7b3d73d7b457319d2 0 0 0 0 0 1
train_jpeg/abf2de30e99766e09019774137219511 0 0 0 0 0 1
train_jpeg/ac023841616ad1f665c0ce60ba5ed7b5 0 0 0 0 0 1
train_jpeg/ac15bceeef1a522585cef021754d3ef0 0 0 0 0 0 1
train_jpeg/ac2939eff010727042e67d61771b3610 0 0 0 0 0 1
train_jpeg/ac3e0af6a22d73ed96f05d43037a1e7a 0 0 0 0 0 0
train_jpeg/ac3ee36ca1334f477f6ac48ec8f3c5d8 0 0 0 0 0 1
train_jpeg/ac8ab1b46874eda6380c8bf63f849f81 0 0 0 0 0 1
train_jpeg/aca2dc4418182356911b47ede407b1da 0 0 0 0 0 1
train_jpeg/aca77acac2ff24bbc7d12f7ff63f597e 0 0 0 0 0 1
train_jpeg/acc683e2a47d5d1a475ef4f0c1c4fe05 0 0 0 0 0 1
train_jpeg/aceb52fe7e0ecdd14840c61b4625e6ff 0 0 0 0 0 1
train_jpeg/acef18ad4b72908e61fb185c1b26273b 0 0 0 0 0 1
train_jpeg/acf43f7566b4f7b9fa28c839a48f9d61 0 0 0 0 0 1
train_jpeg/ad0ca7c65ff59150b9317bac429a1f4e 0 0 0 0 0 1
train_jpeg/ad65ef4667adaa5e3bc774ad80158540 0 0 0 0 0 0
train_jpeg/ad677e2177c7cdccc1ff9026563cc285 0 0 0 0 0 1
train_jpeg/ad6f3b380d9d8d24b9fc87dab326c3d7 0 0 0 0 0 1
train_jpeg/ad7406ca14d69d62db43ff0afed1d042 0 0 0 0 0 1
train_jpeg/ad7509d83d7cb53bd2f1f0081372af0b 0 0 0 0 0 1
train_jpeg/ad75de5b414c17583e706fb1627be1e7 0 0 0 0 0 1
train_jpeg/ad888fa74b0e53e43daf1bba7e0098e4 0 0 0 0 0 1
train_jpeg/adac80611898114bb1cd5cb47d80ffb4 0 0 0 0 0 1
train_jpeg/add8f54131f52bd0ef36a509d9d1fd6d 0 0 0 0 0 1
train_jpeg/adfeecc2c9520591fa8e12688bcebda9 0 0 0 0 0 1
train_jpeg/ae067560d404de903c68858d9916b6f7 0 0 0 0 0 1
train_jpeg/ae2abc5907b9184169848b9bf847e68e 0 0 0 0 0 1
train_jpeg/ae7af5afcaa8f1a3f985daad432d6241 0 0 0 0 0 1
train_jpeg/ae7b53264e15eb70be99f742a591e705 0 0 0 0 0 1
train_jpeg/aefa0a033f021f7e0755000a83e57acd 0 0 0 0 0 1
train_jpeg/af15833e946fa12ce1815ffbb05a2f51 0 0 0 0 0 1
train_jpeg/af218542c3b79c55efc30ad23392695b 0 0 0 0 0 1
train_jpeg/af500ca6d56045b3f0fc2d8c4d9a2439 0 0 0 0 0 1
train_jpeg/af610bd6b734035ba61ca77f66f7c1a2 0 0 0 0 0 1
train_jpeg/af8c3c5b00e34b6b5c4471aae6dc5a90 0 0 0 0 0 1
train_jpeg/af90c9b87be3b231c36290d95afbf19c 0 0 0 0 0 1
train_jpeg/afc6fb73eec576696b80c9deec2d3463 0 0 0 0 0 1
train_jpeg/afcd69673091136cc76bbf0bf6ec1ddc 0 0 0 0 0 1
train_jpeg/b02ba01faa0de8e8f8fef2487923b42c 0 0 0 0 0 1
train_jpeg/b02bad5e6c84150860e63d2ac09abda2 0 0 0 0 0 1
train_jpeg/b06508a46843af6469b1d15e2dd345f6 0 0 0 0 0 1
train_jpeg/b093dc47d46f13eb652e4438148341da 0 0 0 0 0 1
train_jpeg/b0bef1b57611726c4b0c636264fe5061 0 0 0 0 0 0
train_jpeg/b0ee3d70e40b9d28e965e4b5acce557a 0 0 0 0 0 1
train_jpeg/b13d914db2c2fd9b1b443dca87cb3ab7 0 0 0 0 0 1
train_jpeg/b14e41bf98655037ab84678990a51851 0 0 0 0 0 1
train_jpeg/b16924478a215a2e4e400d1d1a46eed8 0 0 0 0 0 1
train_jpeg/b17aab39efcdd82ea338168d4b2f8355 0 0 0 0 0 1
train_jpeg/b1c50f14b8ed2fe9d3478b115600eee3 0 0 0 0 0 1
train_jpeg/b1d77ef5e81e364764c2f97a3a317be6 0 0 0 0 0 1
train_jpeg/b1d91f35ae0878e9ac830ccf817dd478 0 0 0 0 0 1
train_jpeg/b232e2ebbf7d6abc27c4613ba5ae28a2 0 0 0 0 0 1
train_jpeg/b24c3d8375c213fd824efbb30f080e16 0 0 0 0 0 1
train_jpeg/b276829738d95b883de85328c278f158 0 0 0 0 0 1
train_jpeg/b27aac98cb0e07e2159a78c5075bf3e7 0 0 0 0 0 1
train_jpeg/b2d8c14b3a4efc8017572c6c228ee2b6 0 0 0 0 0 1
train_jpeg/b2f4f8240bd95be245cd8bcc7d418ae1 0 0 0 0 0 1
train_jpeg/b335c0fe90be85d8f1a62ca56a9ade3c 0 0 0 0 0 1
train_jpeg/b34ee3a0c652dc8b310e0000ad73c81b 0 0 0 0 0 1
train_jpeg/b359c14158afff8ef7d00c59d2211ebc 0 0 0 0 0 1
train_jpeg/b3d5920231e3276e18f6c32182f5963d 0 0 0 0 0 1
train_jpeg/b416e8ae9a9c25356fdc122b662cd9bc 0 0 0 0 0 1
train_jpeg/b43de31870d5c31db4eb73ff293d2343 0 0 0 0 0 1
train_jpeg/b449953750213bffd341b4ddede8a12a 0 0 0 0 0 1
train_jpeg/b4857bdfdc10e2c02e2efcb08d0a1fef 0 0 0 0 0 1
train_jpeg/b4a7390909a64331a6df9a72e5485b31 0 0 0 0 0 1
train_jpeg/b4ac31f43ba855561901b59ec7e44870 0 0 0 0 0 1
train_jpeg/b4b0f434c648200745c6ca48b6aceb6c 0 0 0 0 0 1
train_jpeg/b5098e112de84d36d96fb65d0895740a 0 0 0 0 0 1
train_jpeg/b51d25cce226fb14cd5a734bfbec93d4 0 0 0 0 0 1
train_jpeg/b5351b37d8d3944228ff46e9cc7139a4 0 0 0 0 0 1
train_jpeg/b53acd38edbe65510c310fd0738cbc5e 0 0 0 0 0 1
train_jpeg/b5d7ceebb4e72780ceda496a333ec935 0 0 0 0 0 1
train_jpeg/b649709e399f4ee636dec128f3122ffe 0 0 0 0 0 1
train_jpeg/b666309acbdd37be5fa51d68fba5222e 0 0 0 0 0 1
train_jpeg/b6bdd9362c76be8fbc3a1d20a8ce9819 0 0 0 0 0 1
train_jpeg/b6e62116c75557a63d2a8a48348ae906 0 0 0 0 0 1
train_jpeg/b725034dffed579254bb178c33d6289e 0 0 0 0 0 1
train_jpeg/b73e16e580992f545e375c2d3d6f7387 0 0 0 0 0 0
train_jpeg/b74c127b414efc5fb3aaab93b4de2a33 0 0 0 0 0 1
train_jpeg/b75075aceaa139ea4a971c652005c665 0 0 0 0 0 1
train_jpeg/b76ad070314f34864342db8c2d19a6fd 0 0 0 0 0 1
train_jpeg/b77f1cee9bb5bf6df1f5bdd7641f7d15 0 0 0 0 0 1
train_jpeg/b7a22567a2065839a7439702beb93e3f 0 0 0 0 0 1
train_jpeg/b7c7d2be58a4403ee78094c31bdfc616 0 0 0 0 0 1
train_jpeg/b7cb4aab02fe2cdcf2de5b7a93f49d73 0 0 0 1 0 0
train_jpeg/b7cbff9ceb2ee43fc694961c647cfa77 0 0 0 0 0 1
train_jpeg/b8144dc71cd140626c0fea33641ed5c5 0 0 0 0 0 1
train_jpeg/b84f3ca1815191737e4e635dc93d124a 0 0 0 0 0 1
train_jpeg/b87b4dd432034f5d42565032155ca20f 0 0 0 0 0 1
train_jpeg/b8d9fa1b48f97af1ac25015629c03336 0 0 0 0 0 1
train_jpeg/b934eceb5d64cfbe4ffe98374e0fc34d 0 0 0 0 0 1
train_jpeg/b94aacb47e639df00707eae5332dc629 0 0 0 0 0 1
train_jpeg/b960659a95557990c86edc623531c03c 0 0 0 0 0 1
train_jpeg/b98cbc2d0ae8f887570e75c361373a0c 0 0 0 0 0 1
train_jpeg/b9aae472a89c265e828445f35fa26a08 0 0 0 0 0 1
train_jpeg/b9af0907a5e041559a1b204cf1604114 0 0 0 0 0 1
train_jpeg/b9b2a7a46b88db57379c59db58cc2228 0 0 0 0 0 0
train_jpeg/b9d3dae0d48a4f9233780f2eedb5950a 0 0 0 0 0 1
train_jpeg/ba039c491afed09da2133bd93292f5e8 0 0 0 0 0 1
train_jpeg/ba1fa858aab8cce6f76add53b7a3414d 0 0 0 0 0 1
train_jpeg/ba62176d342518adc0cc93933ba6050a 0 0 0 0 0 1
train_jpeg/bad4e3988bfcf1aa7ba7203ac56a2883 0 0 0 0 0 1
train_jpeg/bb07391f53ede1bc0582086b927d78ed 0 0 0 0 0 1
train_jpeg/bb315b4bc113c0506a9e24593cb06a6b 0 0 0 0 0 0
train_jpeg/bb3526c4f2c4e54833f93c91de0fae8e 0 0 0 0 0 1
train_jpeg/bb5723c9d3c47a3d92ffaed0f9b4c4fd 0 0 0 0 0 1
train_jpeg/bb622ba843175245222c40d8e962370e 0 0 0 0 0 1
train_jpeg/bb67aca944fb48947c777e0ad22b8ccc 0 0 0 0 0 1
train_jpeg/bbb04e8cb2084365abbff57987075e4c 0 0 0 0 0 1
train_jpeg/bbddec90a8d4ed86861978fb09267338 0 0 0 0 0 1
train_jpeg/bbf7e1f98708b3e698b20b788bc7aeb4 0 0 0 0 0 1
train_jpeg/bc14bbda870cfa51f6a00fe31a5e5ac4 0 0 0 0 0 1
train_jpeg/bc2e0835298890d24f1bea40167610b0 0 0 0 0 0 1
train_jpeg/bc46c6a65d46f457b076e6fded74d067 0 0 0 0 0 1
train_jpeg/bc4e63f16cfe447864a13439dc3a74db 0 0 0 0 0 1
train_jpeg/bc578a3cd54d394be32d4c1742f08f49 0 0 0 0 0 1
train_jpeg/bc990779bb48677e96e8fc746cb2d9c4 0 0 0 0 0 1
train_jpeg/bce076b117178591a7dad5ab9296ba74 0 0 0 0 0 1
train_jpeg/bcfc0cff94763e41ce12a7e01645de1b 0 0 0 0 0 1
train_jpeg/bd1aeb3b9a96232d36037a08070a2149 0 0 0 0 0 1
train_jpeg/bd59874bcc0d7a297901f541d6dc85c8 0 0 0 0 0 1
train_jpeg/bd69b2eb44e7446186b53e3f48fddffc 0 0 0 0 0 1
train_jpeg/bd955417a3ab5c46ea2d4b77f7d159b2 0 0 0 0 0 1
train_jpeg/bdaf7f95f5b055ca6b6772484f9f790e 0 0 0 0 0 1
train_jpeg/bdde108a7d024a734cdbed2952f64fe1 0 0 0 1 0 0
train_jpeg/bde1094ed57f1b0190facedc7f79426f 0 0 0 0 0 1
train_jpeg/be6b07923e33b791410d42b507c4eeae 0 0 0 0 0 1
train_jpeg/be9503d3b32da3ca2d06d6df8b1a997b 0 0 0 0 0 1
train_jpeg/bed065cabd97df1997e183c2c504c366 0 0 0 0 0 1
train_jpeg/bee0a17bc4809761b82b39cb3dd9508f 0 0 0 0 0 1
train_jpeg/bef844d1170fb7200d1ae296c150c0fb 0 0 0 0 0 1
train_jpeg/bf0f872ccba6d521fd1dbe4e55903cac 0 0 0 0 0 1
train_jpeg/bf11e636d1e0d4c9813fdd8dfd24a4c0 0 0 0 0 0 1
train_jpeg/bf163928c2fd8b13d3369cfbb55177b8 0 0 0 0 0 1
train_jpeg/bf9497075e540a85c7cd0140974e9dd5 0 0 0 0 0 1
train_jpeg/c00800903f8ad4d52f6f292c83d649ac 0 0 0 0 0 1
train_jpeg/c01011537715b0857c86240cb7fa9521 0 0 0 0 0 1
train_jpeg/c02439f8d2f87a85e5bab5c5e55a81c5 0 0 0 0 0 1
train_jpeg/c0440c09698f89df168dc146af067fe7 0 0 0 0 1 0
train_jpeg/c13e753de1d74be1900ca9d70721472a 0 0 0 0 0 1
train_jpeg/c13fe1df2a06cc56d5b15e569c616fbc 0 0 0 0 0 1
train_jpeg/c14b94a6ebfb3a4b828bd71537f682c7 0 0 0 0 0 0
train_jpeg/c154dfadd6193efa9b979f5fcecc24af 0 0 0 0 0 1
train_jpeg/c15780a1800258280c80ab54047af86b 0 0 0 0 0 1
train_jpeg/c19542c20f3b1eac0d80c66ce56eded3 0 0 0 0 0 1
train_jpeg/c1f08438b014f0b3f2b61fd39df9c881 0 0 0 0 0 1
train_jpeg/c1fe966fafa39724332514048cc662a9 0 0 0 0 0 1
train_jpeg/c201c69926e59f0c1dfeeeb8365ff05a 1 1 0 0 1 0
train_jpeg/c2209aca8dc71cfeba0ac0f9ad5f0f45 0 0 0 0 0 1
train_jpeg/c25370b989806c860e4f2025a7ecefbe 0 0 0 0 0 1
train_jpeg/c2ab6b85e69e76bb848992caf649e405 0 0 0 0 0 1
train_jpeg/c2c566adadddae9d4fdb76aed863c3d0 0 0 0 0 0 1
train_jpeg/c30419a1d623962f8c3303bb40da7ce6 0 0 0 0 0 1
train_jpeg/c305cccb673fd704a2e305fdbfa07f01 0 0 0 0 0 1
train_jpeg/c31df920586bafb55cf284149ec99f5a 0 0 0 0 0 1
train_jpeg/c3272110970723c11f7e3bb4c2cec0e0 0 0 0 0 0 1
train_jpeg/c349be7e4665f40957aed354d8d56d58 0 0 0 0 0 1
train_jpeg/c3fffdde3c71da55078f310761551e88 0 0 0 0 0 1
train_jpeg/c41ed0b1964a1e973e25e02c3b44920f 0 0 0 0 0 1
train_jpeg/c46115d83cbc0da233c4ea92f5ec1831 0 0 0 0 0 1
train_jpeg/c4a36b7b9d14a32c067f5dc2fad874b5 0 0 0 0 0 1
train_jpeg/c4ccbba58e672de865d0543105512101 0 0 0 0 0 1
train_jpeg/c55180585712f9450f731270cb881511 0 0 0 0 0 1
train_jpeg/c554beccc21f36747cd721693a9480f1 0 0 0 0 0 1
train_jpeg/c55e52dc6e7524f6aa036d523ef3fcbc 0 0 0 0 0 1
train_jpeg/c5a0f7622e5eebeb8d8e21b8bdd93692 0 0 0 0 0 1
train_jpeg/c5d97710f6f2c62e878401019504228f 0 0 0 0 0 1
train_jpeg/c5ef832658761351be48a891f129a2d5 0 0 0 0 0 1
train_jpeg/c5f28e4cb80cb30289e4dc4f79304dfa 0 0 0 0 0 1
train_jpeg/c643e66eb419e001130ab5b842a3b8de 0 0 0 0 0 1
train_jpeg/c6e0ab2470d98a6a8c701e774df929cc 0 0 0 0 0 1
train_jpeg/c703d14204953de254f131ee437b1b84 0 0 0 0 0 1
train_jpeg/c720af678e1925d7c499f5a127c2c292 0 0 0 0 0 1
train_jpeg/c728f9a81daa8122eb4b4fc4a35bc75f 0 0 0 0 0 1
train_jpeg/c7420d0f97c166eb21091233673febb4 0 0 0 0 0 1
train_jpeg/c76f352a04d9506b6c7108837cf13894 0 0 0 0 0 1
train_jpeg/c7893142c2019a079db2ec5d8891cc1f 0 0 0 0 0 1
train_jpeg/c7a03a292d749dd79fcabd033a379a39 0 0 0 0 0 1
train_jpeg/c7f6e450c609d2e752a6e40849422501 0 0 0 0 0 1
train_jpeg/c813e85dd9f9e07aca07f8d7267e6898 0 0 0 0 0 1
train_jpeg/c818d6475857ec85919ebcea94da3a8b 0 0 0 0 0 1
train_jpeg/c8205cbdfff77ee90770156c3075a38f 0 0 0 0 0 0
train_jpeg/c830bfa2f244f63cf2ded1ec5bd4dc40 0 0 0 0 0 1
train_jpeg/c83253a4bc999610f2c688c337a9d90c 0 0 0 0 0 1
train_jpeg/c886a55f2eb056b9a6c6afd6eaed72f4 0 0 0 0 0 1
train_jpeg/c88c3cfbb6ed6198f4e13b5e4dda7f5b 0 0 0 0 0 0
train_jpeg/c890e59919d68b8940fec64e89afd97a 0 0 0 0 0 1
train_jpeg/c8aa0e18d7a53024d44efc9f45863514 0 0 0 0 0 1
train_jpeg/c93a3276cdcbb85d7804a7280af37939 0 0 0 0 0 1
train_jpeg/c93d43336ef6d28348794b5ced1886a4 0 0 0 0 1 0
train_jpeg/c96b6f449f9529dda0daafefbbd769e5 0 0 0 0 0 1
train_jpeg/c979e14779c28ffbf7aff116d9f6628b 0 0 0 0 0 1
train_jpeg/ca0b4436113ffbfc5dc34f3f7cd206f9 0 0 0 0 0 1
train_jpeg/ca13f1b67c91de2779649137564243da 0 0 0 0 0 1
train_jpeg/ca2f7614284d6bd9b78b6b9117c24261 0 0 0 0 0 1
train_jpeg/ca34a257cdf676ad462893fe3325e22f 0 0 0 0 0 1
train_jpeg/ca43a7cae1f4b3d62ffc778b33b65011 0 0 0 0 0 1
train_jpeg/ca527d7c532ec5810f5b73ab2ff7170a 0 0 0 0 0 1
train_jpeg/cb2ffa8eeb9a11d1c968f5582651f93c 0 0 0 0 0 1
train_jpeg/cb42c66229ad0a116e354b1468cc5548 0 0 0 0 0 1
train_jpeg/cc0da199c9bae6ff20c44672e5ca7415 0 0 0 0 0 1
train_jpeg/cc2bf52452b0da5182ad0f6e8953c946 0 0 0 0 0 1
train_jpeg/ccc0b93c6cc7b616906958d88d02c846 0 0 0 0 0 1
train_jpeg/cce32db352bebcaf35187e32a1a1c1f6 0 0 0 0 0 1
train_jpeg/cda2cf23ab958545151b26e9faffc049 0 0 0 0 0 1
train_jpeg/ce6877e88fc20990497099e6196b6ae4 0 0 0 0 0 0
train_jpeg/cec7d7744eecb716dc8543f650ba5ae6 0 0 0 0 0 1
train_jpeg/cf032b9405406c4b2a8a516e08531333 0 0 0 0 0 1
train_jpeg/cf08d47db64605ede9e0946893ab1f09 0 0 0 0 0 1
train_jpeg/cf32a2bc41deeb7436a36bcc4ff324fb 0 0 0 0 0 0
train_jpeg/cf39c28c29e15231c3956e0f83a8bf97 0 0 0 0 0 1
train_jpeg/cf647252e6947033ed61dd0290da5a9c 0 0 0 0 0 1
train_jpeg/cfbac484f94686cd93d564487d9e5a8a 0 0 1 0 0 0
train_jpeg/d058b141769a9791bb2547c44f08c79e 0 0 0 0 0 0
train_jpeg/d059a758010e50fc0b9d511c45bc9836 0 0 0 0 0 1
train_jpeg/d07fc23907af771d70b92ffb8403d54d 0 0 0 0 0 1
train_jpeg/d0a77e651ebb7469776fd9701e651405 0 0 0 0 0 1
train_jpeg/d0c002130841e793bfca41ddb53fbda5 0 0 0 0 0 1
train_jpeg/d0d9778108b9059fd91572f77ed96e51 0 0 0 0 0 1
train_jpeg/d0ee1f0d610ba10422616672c0b06b80 0 0 0 0 0 1
train_jpeg/d11ead83ee9d8f4657916b654b0687d1 0 0 0 0 0 1
train_jpeg/d14520629d5f688b79308ae790d63f45 0 0 0 0 0 1
train_jpeg/d16b67fee07971da41a3d08707ccd864 0 0 0 0 0 0
train_jpeg/d19b822e1f1cb392d172d1ee4fa73005 0 0 0 0 0 0
train_jpeg/d1a6c358df0731c5bd8d3ab94705cf30 0 0 0 0 0 0
train_jpeg/d1b8c72886e8cd40c25e2e95e70f1264 0 0 0 0 0 1
train_jpeg/d1dfd6ac02ac34ebaf9788ec9b2de1f3 0 1 0 0 1 0
train_jpeg/d205caf408bce9af5b0302b767a3ebbd 0 0 0 0 0 1
train_jpeg/d2218e693c5f8bd961d3cde598a9b437 0 0 0 0 0 1
train_jpeg/d233017534707d09cf6d9b8c34b3ab10 0 0 0 0 0 1
train_jpeg/d281927a65e081c3a2853bca2382a3b8 0 0 0 0 0 1
train_jpeg/d28f1f4fdbb37d98f802678fc174ff21 0 0 0 0 0 1
train_jpeg/d2a91257c0e7c22041b4b80643df0079 0 0 0 0 0 1
train_jpeg/d2bf100975851a741b3770d128110fdc 0 0 0 0 0 1
train_jpeg/d2dee39867d39782f7c921b7aefe5b8f 0 0 0 0 0 1
train_jpeg/d2e2ee47077011f2329f3dd5df7c795f 0 0 0 0 0 1
train_jpeg/d30b766ceeae64732a6b3c8926b77e98 0 0 0 0 0 1
train_jpeg/d320c01e0eb75da6cda33cd0b7d3cec3 0 0 0 0 0 1
train_jpeg/d35ffd8afe3f0ff397f387509049885e 0 0 0 0 0 1
train_jpeg/d3627a59bdf97f89094cbcee823ba057 0 0 0 0 0 1
train_jpeg/d375c5de61134db9af28d80aac3ef41b 0 0 0 0 0 1
train_jpeg/d37f792f8fd5cdccb160bc62a7315295 0 0 0 0 0 1
train_jpeg/d38141932d16e6729db676b625c1f1d4 0 0 0 0 0 1
train_jpeg/d39f64f6fd449db87754893c4214f8c8 0 0 0 0 0 1
train_jpeg/d3e275e681d082bcc003336b8355b2f2 0 0 0 0 0 0
train_jpeg/d40b35c2f594b89524c67af46ac342f6 0 0 0 0 0 1
train_jpeg/d41c05973e6b7a4a676759923007a01a 0 0 0 0 0 1
train_jpeg/d422971dcb2e5d13f06aa08656a249e8 0 0 0 0 0 1
train_jpeg/d42c8cdbeea7094d8a3e4899742cdda0 0 0 0 0 0 1
train_jpeg/d461101a96937c7b9f6d97314b66ac7b 0 0 0 0 0 1
train_jpeg/d489ae2f1581a928309d06d59c3ff33e 0 0 0 0 0 1
train_jpeg/d51149e2a32bb891c514dfb14ad66d4a 0 0 0 0 0 1
train_jpeg/d513454347dd168afa0b6bb6c328a2ee 0 0 0 0 0 0
train_jpeg/d558c4e784e7c5808e1226f1f0f3559b 0 0 0 0 0 1
train_jpeg/d56ea61e0f01104d8e27e9372141ecd8 0 0 0 0 0 1
train_jpeg/d581c05e21d31a55edf271d435ced1ec 0 0 0 0 0 1
train_jpeg/d5a12f4363fc2a15bbc8214e39e2253b 0 0 0 0 0 1
train_jpeg/d5b2a2c4177eb355dd3c0bfacbfd39bd 1 0 0 0 1 0
train_jpeg/d5b45273cf25f8caafe4d7efaa7187c9 0 0 0 0 0 1
train_jpeg/d5dc5fa9ce3cbb0ebb5a8201fce34367 0 0 0 0 0 1
train_jpeg/d5e5f81a3274cd07502c1aa063a7e78c 0 0 0 0 0 1
train_jpeg/d616cf5432e267f43024bc93734c2397 0 0 0 0 0 1
train_jpeg/d625c5cde62b9fe8caed92b9a8971579 0 0 0 0 0 1
train_jpeg/d64ce56d57c57b5cb6ea43a8b274dc13 0 0 0 0 0 1
train_jpeg/d6569366db7f18f343963d9119307f89 0 0 0 0 0 0
train_jpeg/d6599d989c75982e68a7f277ddf170ff 0 0 0 0 0 1
train_jpeg/d661504676709e84d3075bb96462e7a5 0 0 0 0 0 1
train_jpeg/d673addf6e6cb1071177731309bdd89d 0 0 0 0 0 1
train_jpeg/d6796f328c92d66ae9f7299a02f6c9a1 0 0 0 0 0 1
train_jpeg/d68d9e0721027d8e0532efa37d628bb3 0 0 0 0 0 1
train_jpeg/d6a3597fb6185fe33d3efbe567dd1072 0 0 0 0 0 1
train_jpeg/d6ae6b5679baa03a2aff209b1a1e68d8 0 0 0 0 0 1
train_jpeg/d6bdd032d9806eeab0eed80760252d7c 0 0 0 0 0 1
train_jpeg/d6fb22a067e4c9d6380ad86b5d99383f 0 0 0 0 0 1
train_jpeg/d700b6d551571eafad199d9aa3f82da1 0 0 0 0 0 1
train_jpeg/d7126dbdc94e1ac90542ba529e21ab27 0 0 0 0 0 1
train_jpeg/d718d8b21873829e97441a619f189576 0 0 0 0 0 1
train_jpeg/d736050c55ac8a3815d7d3c82f8d16db 0 0 0 0 0 1
train_jpeg/d77b0f18be0825ad5360906312044dd4 0 0 0 0 0 1
train_jpeg/d790c8ade28cbc2ed3aa6c561b986bd2 0 0 0 0 0 1
train_jpeg/d7b69078f953c292ffe719e864f53b21 0 0 0 0 0 1
train_jpeg/d7eb94980cc0b411e02e7e792f686eef 0 0 0 0 0 1
train_jpeg/d8220f2e082dae72b6db9b8a86637695 0 0 0 0 0 0
train_jpeg/d8320524c2cce187d2d2bb4ef6afe524 0 0 0 0 0 1
train_jpeg/d88748230c0c7978f6b1200e97b77268 0 0 0 0 0 1
train_jpeg/d88889702d40b5b13d15fe27608816a2 0 0 0 0 0 1
train_jpeg/d8af05d89a0e8a3a839a645d99c4bf6a 0 0 0 0 0 1
train_jpeg/d8f7be06b6549916a936bfe51bd1efd3 0 0 0 0 0 1
train_jpeg/d947047dbcf04119ee04c1aef5030cc0 0 0 0 0 0 1
train_jpeg/d9915cf91649c057fe8526d6df81232f 0 0 0 0 0 1
train_jpeg/d9cfc85d3bb7c32f82ab2c718f74ea0a 0 0 0 0 0 1
train_jpeg/d9df53d03c643caba9becf1d87e733ab 0 0 0 0 0 1
train_jpeg/da4cfaa6343960e89066e60b678bbbd7 0 0 0 0 0 0
train_jpeg/da8d39508b91606b10b2d9951ad21203 0 0 0 0 0 1
train_jpeg/da9cac31724d9382e725c0147e001044 0 0 0 0 0 1
train_jpeg/db49c96665f4fe0ff5f4420578e2f185 0 0 0 0 0 0
train_jpeg/db78dd82a4b44d2d329e624a1c0ccec8 0 0 0 0 0 1
train_jpeg/db87c0d448f759840500df5bfffd90c2 0 0 0 0 0 1
train_jpeg/dbbeace91c1753403185db8ea141f2a9 0 0 0 0 0 1
train_jpeg/dbf9daa139b1156c4bacc7f3ec242289 0 0 0 0 0 1
train_jpeg/dc0fcb0e8d98ec8065bee19fb06670df 0 0 0 0 0 0
train_jpeg/dc50912f4b027506434b409550322d6c 0 0 0 0 0 1
train_jpeg/dc9bdc272849c5232b78990a1c27dd34 0 0 0 0 0 1
train_jpeg/dca0304c85dfd51bb8668a3da32e36cf 0 0 0 0 0 1
train_jpeg/dcb081bb5e1dac41000e96fc37c8c322 0 0 1 0 0 0
train_jpeg/dccf33bf2a9b18e9c98abd9f32e9f4ae 0 0 0 0 0 1
train_jpeg/dcec5915cfae252e47445594b40a1f63 0 0 0 0 0 1
train_jpeg/dcee5c339d220a9906de111253338580 0 0 0 0 0 1
train_jpeg/dd06c0b4a7d96df7a013af987b97459e 0 0 0 0 0 1
train_jpeg/dd1ec1034edd4e6b9696ea5cbeca6168 0 0 0 0 0 0
train_jpeg/dd56e45f5a420deeea392f45fedee77c 0 0 0 0 0 0
train_jpeg/dd9cc01c6dbb317d0e2f2460e7150675 0 0 0 0 0 1
train_jpeg/ddc577f43160157e52fc6c93a5fd2b04 0 0 0 0 0 1
train_jpeg/dde109688e3f9deac4ab260b9b512ffd 0 0 0 0 0 1
train_jpeg/ddea1271d3e59d7e26c8f5d7ae93165b 0 0 0 0 0 1
train_jpeg/de16372ec8bfa3b590a001fa5d864df5 0 0 0 0 0 1
train_jpeg/de20b8c80c04bd2dbe0782fb21738588 0 0 0 0 0 0
train_jpeg/de2940b8addeb5078d4e1a65369a6a3f 0 0 0 0 0 1
train_jpeg/df1fd0c37d5f245799db4baf4af5256b 0 0 0 0 0 1
train_jpeg/df22170b3f5ebed270d0de29adae140a 0 0 0 0 0 1
train_jpeg/df5159425dcde64a05197d569fb36907 0 0 0 0 0 1
train_jpeg/df544adb13d9b365837715f3750db864 0 0 0 0 0 1
train_jpeg/df7c4e1c53d9ed99d2daaaf9086ca8d1 0 0 0 0 0 1
train_jpeg/dff58c96349034f1b759bbbd5e95fa9a 0 0 0 0 0 1
train_jpeg/e0020913cd1889e9ee9a5196f24af33a 0 0 0 0 0 1
train_jpeg/e03da77d109fa9ff2bdc9f32a4f1bf4a 0 0 0 0 0 1
train_jpeg/e0411c35eb55676ee2ee29ca269187a4 0 0 0 0 0 1
train_jpeg/e0821fd23cebcb9caa45b2038cfe33c3 0 0 0 0 0 1
train_jpeg/e090f8b1cf17d7c7f64b73446a694483 0 0 0 0 0 1
train_jpeg/e0a7b2311a978bb3c267948f2170d466 0 0 0 0 0 1
train_jpeg/e0f5aff4daedec8ea01e4125d854eb98 0 0 0 0 0 1
train_jpeg/e10ec027649f41e4c906ca0fb9063372 0 0 0 0 0 1
train_jpeg/e116b6bde060443258fdae111bdef5e9 0 0 0 0 0 1
train_jpeg/e13b88ac798eca3b87203f545659cee8 0 0 0 0 0 1
train_jpeg/e14a2079083f20c4f638a2d627514ccd 0 0 0 0 0 1
train_jpeg/e160c0d5a552332fa3a112e60226294f 0 0 0 0 0 1
train_jpeg/e19df85c8020cae432a0b825d45b27eb 0 0 0 0 0 1
train_jpeg/e1c0b0ced144d120031e7f60048bd3a0 0 0 0 0 0 1
train_jpeg/e1c88be08dcb3f9baca7cb67c77fbcf9 0 0 0 0 0 1
train_jpeg/e1d88505ef370baf781a42ba0580286a 0 0 0 0 0 1
train_jpeg/e1edc5f003883e5027f0e63e67f883d2 0 0 0 0 0 1
train_jpeg/e2022cc39523ea951fb72fcb2029f08e 0 0 0 0 0 1
train_jpeg/e240a9679b3ddb0131b9792a83b7ecb5 0 0 0 0 0 1
train_jpeg/e2441e5b3cbecdd27c65aea20353cc1d 0 0 0 0 0 0
train_jpeg/e24f7e6e85956a7865e4830aee1091dd 0 0 0 0 0 1
train_jpeg/e2576b69e9a80213a93f7f22e76351d8 0 0 0 0 0 1
train_jpeg/e257b3d290a5033b6a6e8a4414fb6e68 0 0 0 0 0 1
train_jpeg/e26ff6648ca1758df295c0a4e259d926 0 0 0 0 0 1
train_jpeg/e2b2f50550d1dc76448410e7ff060251 0 0 0 0 0 1
train_jpeg/e314fce6ebcdcfb6575a7aa6b98e9049 0 0 0 0 0 1
train_jpeg/e345cc1bc62b3ad7f37e7fbb540311f0 0 0 0 0 0 1
train_jpeg/e3769a9e37c159ac96c5d2f155d1826c 0 0 0 0 0 1
train_jpeg/e3916480a0f9e8abbe0d89ad90570d55 0 0 0 0 0 1
train_jpeg/e42cb49246d4e0215129cb3bb72cbee7 0 0 0 0 0 1
train_jpeg/e473c0cd11f27d0429c27c1f468eb70b 0 0 0 0 0 1
train_jpeg/e4a528876744e3a37158645935028c57 0 0 0 0 0 0
train_jpeg/e5605e4e67f03122628099846c49cbae 0 0 0 0 0 1
train_jpeg/e563c35ddd67c5124a6787e474dfa319 0 0 0 0 0 1
train_jpeg/e596e3b89332bde018574ca5e32c1e0d 0 0 0 0 0 1
train_jpeg/e59951085f8df82d8bd283779a88b442 0 0 0 0 0 1
train_jpeg/e5ac3f7d0b2de93893dc3515490088f8 0 0 0 0 0 1
train_jpeg/e5bb131acdbdaa4d269b0e7b9160998b 0 0 0 0 0 1
train_jpeg/e5ce2da7174ba1d61d5b03c0ffecb614 0 0 0 0 0 1
train_jpeg/e5d08b7bdc2922b20a5bfa6ee36edf5c 0 0 0 0 0 1
train_jpeg/e5f555e04bd705502f7ca5e36e9e845a 0 0 0 0 0 1
train_jpeg/e690dec63fc0ce9e73eaf32e679b6ceb 0 0 0 0 0 1
train_jpeg/e6d737cf8600e9b07168c04ca7541980 0 0 0 0 0 1
train_jpeg/e72717b9fa7bb66e711c9a162bb13121 0 0 0 0 0 1
train_jpeg/e732e04b5ca9b45181f1c5fd640b845c 0 0 0 0 0 1
train_jpeg/e7b18432198a02e57268535b75ef5abf 0 0 0 0 0 1
train_jpeg/e84a9853202c413ac29099e9389386f6 0 0 0 0 0 1
train_jpeg/e87ee0d8a82849df6f6317b47478bfec 0 0 0 0 0 1
train_jpeg/e881cb07c2bc435ff59e27faa676b70f 0 0 0 0 0 1
train_jpeg/e8a937d5b2e028085395b7ec1449248a 0 0 0 0 0 1
train_jpeg/e8c0cf0cffaffbcf57f9d0b467ca7c61 0 0 0 0 0 1
train_jpeg/e8d1151eb83dba0687ebf59cb06dce20 0 0 0 0 0 1
train_jpeg/e8da654fb9044ccb66b765aa4085c791 0 0 0 0 0 1
train_jpeg/e8f086c656b612cf3195a5fb6fb45c47 0 0 0 0 0 1
train_jpeg/e919de94f21a893445b9c2414871256e 0 0 0 0 0 1
train_jpeg/e93e946c8648ac0b2a94effdc80af933 0 0 0 0 0 1
train_jpeg/e978c7217ee6c39060974c9dd3253b7f 0 0 0 0 0 1
train_jpeg/e98adf2184ec33f2943df9bb4e810bec 0 0 0 0 0 1
train_jpeg/e9ff892454b40672f41ead3020a084a6 0 0 0 0 0 1
train_jpeg/ea093d1bc4c55df28e9e9ed3fd2db38a 0 0 0 0 0 1
train_jpeg/ea261b4def6621c845b84dab0229e1fa 0 0 0 0 0 1
train_jpeg/eab0be019f53390dbbb3225e86506c09 0 0 0 0 0 1
train_jpeg/eab826351c8c1e24ec3ae8cd57240b31 0 0 0 0 0 1
train_jpeg/eabff4780c183c33d17681a21f1356b4 0 0 0 0 0 0
train_jpeg/eac852d871c2cc7e1bd93b96d9028aad 0 0 0 0 0 1
train_jpeg/eaf829bee4a01226020af0b13daa49d3 0 0 0 0 0 1
train_jpeg/eafabce713e83112f3951b7ed8f6bed8 0 0 0 0 0 1
train_jpeg/eafcfb8ed6dc13a4558a2b7578e5d564 0 0 0 0 0 1
train_jpeg/eb93d3b49c4746ad92ae7e800bdf516d 0 0 0 0 0 1
train_jpeg/ebaaf1d69d6b58e08be6b5ad0dd1a6d1 0 0 0 0 0 1
train_jpeg/ebd09e28619c48589667fe0b3bde9e3f 0 0 0 0 0 1
train_jpeg/ebf68a2caca0ac6a30a0a7641f62b44a 0 0 0 0 0 1
train_jpeg/ec0871209b1793349aa870487286276b 0 0 0 0 0 1
train_jpeg/ec0d8913ff9030adb35299f746685ef3 0 0 0 0 0 1
train_jpeg/ec4086162a82f8fced63253032a89ddd 0 0 0 0 0 1
train_jpeg/ec7bb483a75b599dcdc56d8d371e21ee 0 0 0 0 0 1
train_jpeg/ec87555191135994a80fa2804228b79a 0 0 0 0 0 1
train_jpeg/ecb439e4fe716d926152ba6501696589 0 0 0 0 0 1
train_jpeg/ecd05dac56544c97ab2cbc4fcf2b5035 0 0 0 0 0 1
train_jpeg/ed191c6015c1884b4c3792cdb5bb03c4 0 0 0 0 0 1
train_jpeg/ed2e21e1544f6ce672b01697ddf46776 0 0 0 0 0 1
train_jpeg/ed350f701e78e06fee07bbfa97a54358 0 0 0 0 0 1
train_jpeg/ed57637a8ae14f12291bd0bd0deecffc 0 0 0 0 0 1
train_jpeg/ed5dc278e2170bf5766529cdc1e60f29 0 0 0 0 0 1
train_jpeg/ed83ace3ebeac23bf40a2e2ec0fae6ae 0 0 0 0 0 1
train_jpeg/ed8ad1f4cdd154bafc1e852032b15e65 0 0 0 0 0 1
train_jpeg/eda73e10819c025c32693190a120b7b1 0 0 0 0 0 1
train_jpeg/ee0038c59a1b52cd027e0108418e0500 0 0 0 0 0 1
train_jpeg/ee04fa64f7e9a47abee0be3cfc22f5e7 0 0 0 0 0 1
train_jpeg/ee5f83857d2f92db7596c009c1ce3dba 0 0 0 0 0 1
train_jpeg/eed9ea04a58ca180187196dd641b09bc 0 0 0 0 0 1
train_jpeg/ef358452261a2dd62a493f5283939919 0 0 0 0 0 1
train_jpeg/ef608794f57405fb9a7468e3ef1e98fc 0 0 0 0 0 1
train_jpeg/ef85cda3a115da5e7399342ac986d489 1 0 0 0 0 0
train_jpeg/ef9168430cdc998d6ede42e8173ffa5f 0 0 0 0 0 1
train_jpeg/efb4c40bcdca8c2e5100a9febf5fbd4b 0 0 0 0 0 0
train_jpeg/efbeb0059099d754a3174143968bbe58 0 0 0 0 0 1
train_jpeg/efea0c46d7679075d3b7456f7ce0a3df 0 0 0 0 0 1
train_jpeg/efebd8c8b98c08c6d5dec1a4f522a3fe 0 0 0 0 0 1
train_jpeg/eff97b3e26cd8cfd6b8d0142ada11b87 0 0 0 0 0 1
train_jpeg/f017493b1d51bdf5613383b731d0d72e 0 0 0 0 0 1
train_jpeg/f06bc45fe2ac2fcbb47e6f5c9e0280d3 0 0 0 0 0 1
train_jpeg/f08b2100e00b9754597dd5170ee877ab 0 0 0 0 0 1
train_jpeg/f097e57e777a346c7cb513dea782fb63 0 0 0 0 0 1
train_jpeg/f0a815b05901cb71692cd1532a142b17 0 0 0 0 0 1
train_jpeg/f0dac9f8581ef45abcd6bd909696846c 0 0 0 0 0 1
train_jpeg/f0e34da4bc3b961851dec9f690430e36 0 0 0 0 0 1
train_jpeg/f11d8a1547f9331c3483c8693ec49b65 0 0 0 0 0 1
train_jpeg/f1ba5da6f133d329f7ab9bb241fc0b7b 0 0 0 0 0 0
train_jpeg/f1cbcf9205d98d491f92f5aec2cd08a5 0 0 0 0 0 1
train_jpeg/f1d5d21120f5370c55efc2ab3d2db8bc 0 0 0 0 0 1
train_jpeg/f1e7feabd0d43dc3d823995002eb6cd7 0 0 0 0 0 1
train_jpeg/f21b875faf5d86d8433c8590348e92e3 0 0 0 0 0 1
train_jpeg/f27211729f43d69b1162fc2d5f1881a1 0 0 0 0 0 1
train_jpeg/f273e3857c8f4d067c0bb517f39e2e69 0 0 0 0 0 1
train_jpeg/f27993d9a75ad1e69611b81b783d98a0 0 0 0 0 0 1
train_jpeg/f2b788aa6c36630eab0bb755f291178f 0 0 0 0 0 1
train_jpeg/f2dcb040bf2586f5e1042408cb9b0c7f 0 0 0 0 0 1
train_jpeg/f2e441ac70b4634bfbf704ba82e028a0 0 0 0 0 0 1
train_jpeg/f306e010dac1de055d97b9230aecf923 0 0 0 0 0 1
train_jpeg/f3185be657c553fac1498f0d8088d56d 0 0 0 0 0 1
train_jpeg/f32ab457c492c30221d3a89fe7c6b25a 0 0 0 0 0 0
train_jpeg/f335c8362628b5f90c281eed171f9ab8 0 0 0 0 0 1
train_jpeg/f344e6e15a4f63685f522336942dc735 0 0 0 0 0 1
train_jpeg/f363f5cac9a75f1fbb54196ee313454e 0 0 0 0 0 1
train_jpeg/f384ca39bd5710003c8f4277057afd81 0 0 0 0 0 1
train_jpeg/f38a99ed14e4bfad8ccde72309af48c2 0 0 0 0 0 1
train_jpeg/f3adcfd01d642fb478c008211b135c12 0 0 0 0 0 1
train_jpeg/f3e2acc29575948204c9bf9df9289de4 0 0 0 0 0 1
train_jpeg/f3eacf0f4778fcba5d17d0d2ed70f2e4 0 0 0 0 0 1
train_jpeg/f3ec1e1f0778f79e8d45f54c74e4d7cc 0 0 0 0 0 1
train_jpeg/f42d9fd08054e844cb30da620eff1b47 0 0 0 0 0 1
train_jpeg/f4600d99aba992cfb3807e4cebd240e7 0 0 0 0 0 1
train_jpeg/f4bce728f0331c8a9d9ee0c3fb18735b 0 0 0 0 0 1
train_jpeg/f52c1bf308db55a73521eb1a048b1c92 0 0 0 0 1 0
train_jpeg/f57499c072f081f12ce8006e81a20d74 0 0 0 0 0 1
train_jpeg/f5beade7c5512c1fc557930bbaac7cff 0 0 0 0 0 1
train_jpeg/f5f0ce7c7c2a1958797bf900ede184fa 0 0 0 0 0 1
train_jpeg/f62866eeed52ef0f27315d736d3fedb3 0 0 0 0 0 1
train_jpeg/f63316842ec5f38c785d225dda1ea190 0 0 0 0 0 1
train_jpeg/f6af2a5e063c579c60c35a75d2f1eaf2 0 0 0 0 0 1
train_jpeg/f6bfd8d4909347c1cf1b73f094b3bd35 0 0 0 0 0 1
train_jpeg/f71641309f591c6ccd3e0c98ff3d60c6 0 0 0 0 0 1
train_jpeg/f730c80ec55bf2f6b80001ec0686f245 0 1 0 0 0 0
train_jpeg/f77169bed7bd86515d0f93e9eccdc4f9 0 0 0 0 0 1
train_jpeg/f774dada729622b4f5e2e1c352169d77 0 0 0 0 0 1
train_jpeg/f7975e0d3f833ad7f395b1c895db6189 0 0 0 0 0 1
train_jpeg/f7f52e9e7c634b8a2b6e933d29ffe1ae 0 0 0 0 0 1
train_jpeg/f7f7736401b22c94a9d2b09425adeab9 0 0 0 0 0 1
train_jpeg/f8be03d9194788a85dd0e3d14dad98af 0 0 0 0 0 1
train_jpeg/f8e09e1878afbde523ffbccbf3f7eded 0 0 0 0 0 1
train_jpeg/f90b90dfd11066369f7f1f938e2f4969 0 0 0 0 0 1
train_jpeg/f922af148dc5c9f586a9a316aa76fda5 0 0 0 0 0 1
train_jpeg/f922ffb5dd692c52065db7efe0240403 0 0 0 0 0 1
train_jpeg/f9cea0b9278b1932bd20439171c8dcfe 0 0 0 0 0 1
train_jpeg/fa0fb07164598860fb12b95d6be14a6d 0 0 0 0 0 1
train_jpeg/fa1ffc0e890d0d6fa472f8abb1590b88 0 0 0 0 0 1
train_jpeg/fa86f62070ecf5d19f8d8662215f966f 0 0 0 0 0 1
train_jpeg/fa8a619dcb85f74699af1582fdb5d80a 0 0 0 0 0 1
train_jpeg/fad7d9b912b9cd36ea45ba0c4ac51060 0 0 0 0 0 1
train_jpeg/fae699d3040cd12803b71691b279a6b6 0 0 0 0 0 1
train_jpeg/fb0220b38c589f1d7be8ef917483e607 0 0 0 0 0 1
train_jpeg/fb1994794ffd34d3ca783c34447829f4 0 0 0 0 0 1
train_jpeg/fb213e80b4a2df8702f4c6f7523e7fa2 0 0 0 0 0 1
train_jpeg/fb897c0c6a937d93608707fb89a1b37e 0 0 0 0 0 1
train_jpeg/fbfa7706ae60ef2f3f18211269a8d2ac 0 0 0 1 0 0
train_jpeg/fc6507c221af5b7defe7458c0b780397 0 0 0 0 0 1
train_jpeg/fc96d4be137f6141c87826b536eaae17 0 0 0 0 0 1
train_jpeg/fd079817727211a09fd6b0415463f23d 0 0 0 0 0 0
train_jpeg/fd8b4cd2cef008b9fff719a170e9b32d 0 0 0 0 0 1
train_jpeg/fda6d69004562ab6c9b0595397cc6241 0 0 0 0 0 1
train_jpeg/fdcdbc6befee8ab9553039895835bad8 0 0 1 0 1 0
train_jpeg/fde664083f39ad1044ae71b569d86ced 0 0 0 0 0 1
train_jpeg/fdf1abf871d652ae4b6855e179719df7 0 0 0 0 0 1
train_jpeg/fe269d95485425df8d800b90f00d43d9 0 0 0 0 0 1
train_jpeg/fe53a9e7e76d1e1227519ef252a0a0bc 0 0 0 0 0 1
train_jpeg/fe7ae3274e29f67ed1aab93d54c0c2d2 0 0 0 0 0 1
train_jpeg/fe7c4ce8bceb5534d33c180f01be650c 0 0 0 0 0 1
train_jpeg/fec3d23bab6ec6e296db2954b31c74c4 0 0 0 0 0 1
train_jpeg/ff73eeab69514f82ad611c0177b2813f 0 0 0 0 0 1
train_jpeg/ffceb71a80efba3b83c88e11f4b9694b 0 0 0 0 0 0
