train_jpeg/0006e0a85696f6bb578e84fafa9a5607 0 0 0 0 0 1
train_jpeg/00176f7e1b1cb835123f95960b9a9efd 0 0 0 0 0 1
train_jpeg/004dc2a50591fb5f1aaf012bffa95fd9 0 0 0 0 0 1
train_jpeg/0059d21bef1793fa9522e4ec8cae1a1a 0 0 0 0 0 1
train_jpeg/005be26a68485912e007a3703f43d60a 0 0 0 0 0 1
train_jpeg/006501b11e04aec2d403177b9ae0f34c 0 0 0 0 0 1
train_jpeg/006e2726c6aa72f042a08b1406c39d52 0 0 0 0 0 1
train_jpeg/006e5626f560c1a2a74f953d71f16c11 0 0 0 0 0 1
train_jpeg/00e9d7e1203324adb7e6fcc02231e3aa 0 0 0 0 0 1
train_jpeg/00ef59a43670dc2ae8edc383bcd52d97 0 0 0 0 0 1
train_jpeg/01a1e85c56486eccd29f3e824e745c2a 0 0 0 0 0 1
train_jpeg/01a318b645d42db0cdcaf9a0b7605723 0 0 0 0 0 1
train_jpeg/01a93e09220daa5b0316d426b701c76c 0 0 0 0 0 1
train_jpeg/01bae93cacf4bd0206de3ac69ce2bfbb 0 0 0 0 0 1
train_jpeg/0215ea0420992e458caa662118440fe2 0 0 0 0 0 1
train_jpeg/021a5634aba535a625ff8b1a6b51df64 0 0 0 0 0 1
train_jpeg/02502114299843075a27e4397b098e8a 0 0 0 0 0 1
train_jpeg/02f6df6f5c4666cdbfeae7901b913187 0 0 0 0 0 1
train_jpeg/0325dcb3ad5f33f107e850fcdd6e5b4f 0 0 0 0 0 1
train_jpeg/032c81fae916e932002387494a7d7c7b 0 0 0 0 0 1
train_jpeg/036161ca6aa4daa43cc3bc55602e8960 0 0 0 0 0 1
train_jpeg/036b25227b09494cafad4c22570fb7a1 0 0 0 0 0 1
train_jpeg/03957d68be8743b115c7b9a48efcca27 0 0 0 0 0 1
train_jpeg/03e7c2196d3d56047e546e97468c76a4 0 0 0 0 0 1
train_jpeg/041081d11262c5f150e655f5e5ff0a2c 0 0 0 0 1 0
train_jpeg/04ba2dd9ef21bb193b07b7025ffd45e7 0 0 0 0 0 1
train_jpeg/04fd89a35648f61485c02b90454bf246 0 0 0 0 0 1
train_jpeg/0505cbd875480c2f88d2e470f4c90b3b 0 0 0 0 0 1
train_jpeg/0570e5d8e3e4532ca90597a979d1e7ff 0 0 0 0 0 1
train_jpeg/058714deae1e656a0632a9ed19e262b9 0 0 0 0 0 1
train_jpeg/05d92b99575f75e64e0c0e7293c13803 0 0 0 0 0 1
train_jpeg/05e1efa511adb8c1e2631b13734031d1 0 0 0 0 0 1
train_jpeg/05e560d65da399f4310a51c5bc7f44d8 0 0 0 0 0 1
train_jpeg/05ebb3c5e091a8322a50672d478d117e 0 0 0 0 0 1
train_jpeg/065656acda64a18d7e0cb588b9823a5a 0 0 0 0 0 1
train_jpeg/06632edb4a24bf2935ace8859d0134da 0 0 0 0 0 1
train_jpeg/06efcd37617307118fd48b3a493c133b 0 0 0 0 0 0
train_jpeg/071a18b42cbae65862b7fffae03134fa 0 0 0 0 0 1
train_jpeg/0740b2aadf9f282346e0d2142c619067 0 0 0 0 0 1
train_jpeg/0742030431be6b6807b9ca0a7eefe127 0 0 0 0 0 1
train_jpeg/074b912f547435320e04f0e0cdd4ca20 0 0 0 0 0 1
train_jpeg/07854dd260192cc96748dd3bfd61d51e 0 0 0 0 0 1
train_jpeg/07a79abc9fc963ee9a7f36234e011c78 0 0 0 0 0 1
train_jpeg/07c9ba701fe26c4d6de66965e4d35157 0 0 0 0 0 1
train_jpeg/082155fdae6472bf90d0e0a70f83c744 0 0 0 0 0 1
train_jpeg/0839c18bb2ca5053a556c6008ba5ec79 0 0 0 0 0 1
train_jpeg/08745659f524c26b2a70536b3938bf09 0 0 0 0 0 1
train_jpeg/0889de8637d252e22dd1ce522f5ea672 0 0 0 0 0 1
train_jpeg/08c182c884fec1fad1b1e4a19d482acf 0 0 0 0 0 1
train_jpeg/0902a07255f28d5d15a24214761c743c 0 0 0 0 0 1
train_jpeg/0924f6ef94d465be6a2ced6579726448 0 0 0 0 0 1
train_jpeg/0988741921b6152fb971455a4fd57a7c 0 0 0 0 0 1
train_jpeg/0999a23a7982827edaf16f0244d2e2d7 0 0 0 0 0 1
train_jpeg/09db1fa1b7d13702536a3d244e2e086e 0 0 0 0 0 1
train_jpeg/09e8d1f0104d36f9ae500392d1cd2086 0 0 0 0 0 1
train_jpeg/09fcb37b4bf132c373ae0435f13fa059 0 0 0 0 0 1
train_jpeg/0a4fbc9ade84a7abd1680eb8ba031a9d 0 0 1 0 0 0
train_jpeg/0a75c2f2e7bc1090077b8ef4aeeeacce 0 0 0 0 0 1
train_jpeg/0a8b7a6bc6b604bd67eff9d5258b959a 0 0 0 0 0 1
train_jpeg/0a9304d103869d45553070a5717cf82f 0 0 0 0 0 1
train_jpeg/0aa75e34705ae441a95c2869469c0f31 0 0 0 0 0 1
train_jpeg/0acfd24d0d78cb27f1a97c5d89e43050 0 0 0 0 0 1
train_jpeg/0aee36a63b071c37c1d647d931c7a833 0 0 0 0 0 1
train_jpeg/0b02aeb680984f6bee2fbd517f1fa6d4 0 0 0 0 0 1
train_jpeg/0b6c10e0cd5868289d11c20da87410b8 0 0 0 0 0 1
train_jpeg/0b9dd99214ab1ef052cdfd62fdfe82c4 0 0 0 0 0 1
train_jpeg/0bd02888a92ad8428c8ec8ed971eab12 0 0 0 0 0 1
train_jpeg/0be975f6809d71a7011deca1f94ce752 0 0 0 0 0 1
train_jpeg/0bf07e1bacd4a1c2c9b62960445fc0c6 0 0 0 0 0 1
train_jpeg/0c402b0f68dfb6cf6d8045526736d425 0 0 0 0 0 1
train_jpeg/0c66bc8c1a075aa73587891644fbb032 0 0 0 0 0 1
train_jpeg/0c9349523719ed8208d219a3eb386021 0 0 0 0 0 1
train_jpeg/0cb3915982ff4a65a1c52b89616d0f49 0 0 0 0 0 1
train_jpeg/0cbe760fa8204491c0bfa5574da82b90 0 0 0 0 0 1
train_jpeg/0cc05d4528927f90e226a76844666c45 0 0 0 0 0 1
train_jpeg/0cff597b35c5fcc7082eb2ccc630f1d4 0 0 0 0 0 1
train_jpeg/0d31c772dcf5e2c8394099c0bcc20011 0 0 0 0 0 1
train_jpeg/0d3b1464574b7db3d664dc0aa0b66549 0 0 0 0 0 0
train_jpeg/0d7ece5a693e80f4745a0750ec1f3cd1 0 0 0 0 0 1
train_jpeg/0d9bfabbb820590dc9e31783c6af1e0b 0 0 0 0 0 1
train_jpeg/0db907ff35f16c60a0a4aeabea20dd63 0 0 0 0 0 1
train_jpeg/0dbdb924a9140849abd4ff650c5356da 1 0 0 1 0 0
train_jpeg/0de9e6e651d4410d8730b5ab75c63289 0 0 0 0 0 1
train_jpeg/0e17c6df39f947b40b60d42c5dc68b71 0 0 0 0 0 1
train_jpeg/0e6a9e9f031fca5f634641fe41d31b24 0 0 0 0 0 1
train_jpeg/0e76073ded0ce6bfc5ecafea10b50d0b 0 0 0 0 0 1
train_jpeg/0ec4947d689af2a94cc913b312368279 0 0 0 0 0 1
train_jpeg/0f1d4b4d710b982a1786054c5357f427 0 0 0 0 0 1
train_jpeg/0fd9a013a22a1527f8814702fbb62149 0 0 0 0 0 1
train_jpeg/1025d5d08103bc7d79d1853d368b42e8 0 0 0 0 0 1
train_jpeg/102c6818153a5df4c097033ff758ef21 0 0 0 0 0 1
train_jpeg/1049692f29ed7540074d4b0b623cae6e 0 0 0 0 0 1
train_jpeg/1049b2ea72618fc2406996e0d869d317 0 0 0 0 0 1
train_jpeg/10a9deeff36b74a822157517ded59b66 0 0 0 0 0 1
train_jpeg/10b414d8343ab3a51cba5d5f84986ec4 0 0 0 0 0 1
train_jpeg/10cc041e1091e152559dd5affd6c708f 0 0 0 0 0 1
train_jpeg/10d147dc17cedd31c86cc0a33815a1b7 0 0 0 0 0 1
train_jpeg/10ddfd44af9ff919ef88218b88211151 0 0 0 0 0 1
train_jpeg/11291023e1ca7449a211cccbe8a06505 0 0 0 0 0 1
train_jpeg/113af773c1c297ec9eed8f073d8b4d26 0 0 0 0 0 1
train_jpeg/11dee4da1ff602fbb596f7792e84ba85 0 0 0 0 0 1
train_jpeg/120d75c31017768a3d4e4b8de6f31239 0 0 0 0 0 1
train_jpeg/123b3644a2eaa1990a2d121787e6ad1d 0 0 0 0 0 1
train_jpeg/128f71b941bb2354e1536afa37a4fda2 0 0 0 0 0 1
train_jpeg/12e4da57850720daffb0fcb42e896f01 0 0 0 0 0 1
train_jpeg/13046e5bf418ae5ddce8bcca73227a48 0 0 0 0 0 1
train_jpeg/13183cb48b0aae02e88c3f45547d393a 0 0 0 0 0 1
train_jpeg/1327133dc89fd3a8e8d0e8f6c0ce6202 0 0 0 0 0 1
train_jpeg/133a3be1cfac2d5a3c1366e9fee75a98 0 0 0 0 0 1
train_jpeg/1358ac2ad4c2aa92b97102ca7a6588c1 0 0 0 0 0 1
train_jpeg/1381bbcf017f7fb86ed1f45ae52e2a1f 0 0 0 0 0 1
train_jpeg/138a772eb7df90fb619f598f958d3c09 0 0 0 0 0 1
train_jpeg/14501aa6c40628be7196aa12da5578a6 0 0 0 0 0 1
train_jpeg/14523cfe6ff3f9a2ddb73613d458c77f 0 0 0 0 0 1
train_jpeg/14c4435ad1dd7514a114db60e978f9db 0 0 0 0 0 1
train_jpeg/14cff684e52997d546e0856b5ce82f39 0 0 0 0 0 1
train_jpeg/150d31135e59d2d8897464b0fd2a3464 0 0 0 0 0 1
train_jpeg/15430f5f4c60bb403faa3cc96a4a83a8 0 0 0 0 0 1
train_jpeg/1577db18d5da316898c6c06ca60da535 0 0 0 0 0 1
train_jpeg/157a5f10f07b0c68a0dae91fd9be51aa 0 0 0 0 0 1
train_jpeg/15af14446b411c614094e6d68f74d9ff 0 0 0 0 0 1
train_jpeg/15edc6ae9aebe34220472aa7fcf34b08 0 0 0 0 1 0
train_jpeg/16226b1bff454f0621dc499b0bf05fcc 0 0 0 0 0 1
train_jpeg/165784158c1e04bccdad5e3941cd03d6 0 0 0 0 0 1
train_jpeg/168545c5937c58f7b7ed7cdd5ed15ef7 0 0 0 0 0 1
train_jpeg/16c79941fd188812a67288df121c8265 0 0 0 0 0 1
train_jpeg/16e0594f4a14f27ba83533d863ca0149 0 0 0 0 0 1
train_jpeg/16f5679378398451167c6ac2df22ca60 0 0 0 0 0 1
train_jpeg/172ddc24655c10644fb12ce2340d991c 0 0 0 0 0 1
train_jpeg/175813438023e3cc287b1368154b7fdb 0 0 0 0 0 1
train_jpeg/1765dd3c7665adff2150cde60917c771 0 0 0 0 0 1
train_jpeg/179e0024141a1b035fa9c584bcc41d20 0 0 0 0 0 1
train_jpeg/179fe3a05143aafece2a326eb982ddc0 0 0 0 0 0 1
train_jpeg/186eff86235a8336abd13b6884fbf8f7 0 0 0 0 0 1
train_jpeg/189c815777fa485aae9d996e4a567650 0 0 0 0 0 1
train_jpeg/18ab1248c29601086e724c18891d2bee 0 0 0 0 0 1
train_jpeg/18d7436c9658e6332cd85f06d9365ae7 0 0 0 0 0 1
train_jpeg/19367e88f4634c2652d3eed0a2f1f8b2 0 0 0 0 0 1
train_jpeg/193e0dbe28d74ede2e3b9bec14d6cfde 0 0 0 0 0 1
train_jpeg/194948df6c373e542f180aabe09894e8 0 0 0 0 0 1
train_jpeg/196ed4874930e64f2fceb453533d4d47 0 0 0 0 0 1
train_jpeg/197f987075b2a632d50faba69678c92e 0 0 0 0 0 1
train_jpeg/19854b6b53b8cb03ea0c0d760028f4f9 0 0 0 0 0 1
train_jpeg/19986ef91a06c3bf7318b9b1368d4b41 0 0 0 0 0 1
train_jpeg/19a8657db54ba2c4b22dc25bb33cc113 0 0 0 0 0 1
train_jpeg/19b51cda56e42d3fd879b996c986bbc1 0 0 0 0 0 1
train_jpeg/19e10a7d79e4a8803fae795e5ac4222a 0 0 0 0 0 1
train_jpeg/1a36a4fb918591ad214a593f6fe52db3 0 0 0 0 0 1
train_jpeg/1a7d3bcc0461a5ca3a768bc1869c4ce2 0 0 0 0 0 1
train_jpeg/1a9c6bd1a0b592c94e4d254d7e1b68bb 0 0 0 0 0 1
train_jpeg/1aae727ec5c427a7af7b9d3f9dbfb09c 0 0 0 0 0 1
train_jpeg/1af270293d9dc1817fc4be1f202a7234 0 0 0 0 0 1
train_jpeg/1b070a44c3458e1639f1872768edacde 0 0 0 0 0 1
train_jpeg/1b09f8963f072c7caf4ecc685910fb15 0 0 0 0 0 1
train_jpeg/1b635e668c3c61431b918f1ab457eac9 0 0 0 0 0 1
train_jpeg/1b69ddeb38c7c536d284bb854f86d00e 0 0 0 0 0 1
train_jpeg/1b6f5beafd8bf402be35d08dce69cc15 0 0 0 0 0 1
train_jpeg/1ba5c3403aa4a6e27f31f49b9e5ba37e 0 0 0 0 0 1
train_jpeg/1ba651ae8bc6ee9f54a09088442b930c 0 0 0 0 0 1
train_jpeg/1bb15589efe623c1d3728a0b4dd0b19b 0 0 0 0 0 1
train_jpeg/1bf0c30ec9cf3abe34938787e5f9fc28 0 0 0 0 0 1
train_jpeg/1c2d6d9e020c17e307b4b1d8a366ae56 0 0 0 0 0 1
train_jpeg/1c9e6dbfe347fb693c6c9e0cd82113c8 0 0 0 0 0 1
train_jpeg/1cbdce1ee91b08da8573de59820f6381 0 0 0 0 0 1
train_jpeg/1ce0b74770c21730b35e7800b7b8e4ad 0 0 0 0 0 1
train_jpeg/1cf511547befb9905c575c9328a2c769 0 0 0 0 0 1
train_jpeg/1d20e1e5265fd1be193171a71190cd9e 0 0 0 0 0 1
train_jpeg/1d253ac85579d2171e2a34f88cb1d5b5 0 0 0 0 0 1
train_jpeg/1d6f52262ce8e0a70b4f6ab9155cb2e7 0 0 0 0 0 1
train_jpeg/1df9d68d3a8352f4fecbc3895ebd80fa 0 0 0 0 0 1
train_jpeg/1e1dcf1ea1d974a5fea81b7616a11723 0 0 0 0 0 0
train_jpeg/1e8884f775bd11a87658122f44a3e046 0 0 0 0 0 1
train_jpeg/1e8a0e5b32f974c9292235d8d3d87ea5 0 0 0 0 0 1
train_jpeg/1e8ef974ee9035e9eb04b4ee395e83ce 0 0 0 0 0 1
train_jpeg/1f0e926963ba67281c32a35474a1af05 0 0 0 0 0 1
train_jpeg/1f3f1f55b90ce7fcf27284d12fd04d0b 0 0 0 0 0 1
train_jpeg/1f897eadcbbca4e2104e7a2d7fd3e0f9 0 0 0 0 1 0
train_jpeg/200fc224f935c7e4e19cdec864c8e5f5 0 0 0 0 0 1
train_jpeg/2015d2cd31ec277b7db2e377adc31985 0 0 0 0 0 1
train_jpeg/202cdbe91ad9e9d4e99be4b09611fa84 0 0 0 0 0 1
train_jpeg/203aae5cb1d337a3a04dec49d6af2b1f 0 0 0 0 0 1
train_jpeg/2055ec1aef57503407b483c3be8ca71c 0 0 0 0 0 1
train_jpeg/205fa60a4f5ec02693ffe8f6f0697f7a 0 0 0 0 0 1
train_jpeg/207fd3c362fd3f6dcd3adc75a03c4861 0 0 0 0 0 1
train_jpeg/2094cd7cf01e7e283818e836115596c4 0 0 0 0 0 1
train_jpeg/20ae3139b1ae9537caeff00f6cb2200a 0 0 0 0 0 1
train_jpeg/211cd7d772ad3e3f49baa8f641f219b8 0 0 0 0 0 1
train_jpeg/213f1932f2f8b002bc2237a93bc82c96 0 0 0 0 0 1
train_jpeg/2178995d53cc8bcdd887602ef23c1c6c 0 0 0 0 0 1
train_jpeg/21ad5dc8b515606f3bd9ba9dde4dc5d9 0 0 0 0 0 1
train_jpeg/21ae8b5e6e2a0647a7bb648c15241feb 0 0 0 0 0 1
train_jpeg/21b4f75e7128706b3f648d40a708e2fb 0 0 0 0 0 1
train_jpeg/21f44f20424e41b27990d3a546aea659 0 0 0 0 0 1
train_jpeg/22141f53eba2088f460be5d3f323121b 0 0 0 0 0 1
train_jpeg/221c92d2718f1f49ee483ab4afbc7238 0 0 0 0 1 0
train_jpeg/221d68705e17ec11935e410fcc483b0f 0 0 0 0 0 0
train_jpeg/223cd0546f8c4cc901b6dc4ca2ab93df 0 0 0 0 0 1
train_jpeg/224bad08be27f3a91bcfefee9a555095 0 0 0 0 0 1
train_jpeg/227135e2b19eb0c41177abe170572eab 0 0 0 0 0 1
train_jpeg/22abdc214b76004a0bad8faf56da9cee 0 0 0 0 0 1
train_jpeg/237ce92f123e9d628f2e466906201256 0 0 0 0 0 1
train_jpeg/238fe4bc6b480743d8d46aa68a240be8 0 0 0 0 0 1
train_jpeg/23d21fefa17763a4434cd67b576f09f1 0 0 0 0 0 1
train_jpeg/23e6a92570c055afe532d1b66688938d 0 0 0 0 0 1
train_jpeg/23eebe20cbd984910f6e0360affeaac5 0 0 0 0 0 1
train_jpeg/2400071ad5b8c62160e660c71e0d2400 0 0 0 0 0 1
train_jpeg/2430c41575f7b06481ae309478ba7f15 0 0 0 0 0 1
train_jpeg/243b9d66004caed384eb9566e3928aeb 0 0 0 0 0 1
train_jpeg/24556c4e8ebf8686649f92dce503b564 0 0 0 0 0 1
train_jpeg/2464cb0d204ce011f7a9dc28db281693 0 0 0 0 0 1
train_jpeg/256d3816d739fbc5da99a02e8de999b9 0 0 0 0 0 1
train_jpeg/25978f8d8601743919c7b3613b4d066e 0 0 0 0 0 1
train_jpeg/25e47d32d64f7f416d6fb1bf497b4b1a 0 0 0 0 0 1
train_jpeg/25fa2dd8f2b4ddf5ee619c5e42cc9153 0 0 0 0 0 1
train_jpeg/25fc84c56b2ebff7be79a6f849904f64 0 0 0 0 0 1
train_jpeg/25ff8b552455880a4e5d50fc65998fa1 0 0 0 0 0 1
train_jpeg/26045d6e5c9397d08825496593fbc291 0 0 0 0 0 1
train_jpeg/26169b03fe9028c5defe124cfd5b5f7f 0 0 0 0 0 1
train_jpeg/2618c4774068c89d6eb6627692a2c6da 0 0 0 0 0 1
train_jpeg/2644af03ef7f572fadb7daa3a347ed57 0 0 0 0 0 1
train_jpeg/264ec145f2b9b1c4d93562e582de902b 0 0 0 0 0 1
train_jpeg/26675a820164ae13cdaed176598fff22 0 0 0 0 0 1
train_jpeg/26c7d4eae99ca11750d9dfba240152cf 0 0 0 0 0 1
train_jpeg/26d753574ab2e8477d69d00b2a1459ed 0 0 0 0 0 1
train_jpeg/26eac57443b8167355a9f1d74aa34f15 0 0 0 0 0 1
train_jpeg/26f0c7e2fa58e5fa110b165b05dd0dd9 0 0 0 0 0 1
train_jpeg/26f7c0a4c5d0d1bfb26f5774637361bb 0 0 0 0 0 1
train_jpeg/27129548cc62420449c33ed5fb41eec6 0 0 0 0 0 1
train_jpeg/273f6286bdf9970d76ded49f57822edd 0 0 0 0 0 1
train_jpeg/2754f2d6517e715036269fe005458443 0 0 0 0 0 1
train_jpeg/278dea92aaa93bc18c56e11cd87dc474 0 0 0 0 0 1
train_jpeg/27ecab6bd831b11db5b502f8d6288f29 0 0 0 0 0 1
train_jpeg/27f97551617fd179a93f91a44f8bdc61 0 0 0 0 0 1
train_jpeg/28013e33c4791e3046b3bc78b6cc7338 0 0 0 0 0 1
train_jpeg/2812db133a69cb8bd4adec4122677b1c 0 0 0 0 0 1
train_jpeg/283175723b6cfb107d3b2f6de0a87c88 0 0 0 0 0 1
train_jpeg/2834116f0762ae9c1eeb66e3c8d15eaa 0 0 0 0 0 1
train_jpeg/284f9fd6332cb61bafd0e90da1cb4f81 0 0 0 0 0 1
train_jpeg/286d4f7bc4282b7dd5fae43ee06cfb8d 0 0 0 0 0 0
train_jpeg/287023c7ab66addffd057c667502e566 0 0 0 0 0 1
train_jpeg/28743fad0599afa0e2574382b4f3c936 0 0 0 0 0 1
train_jpeg/287c3bcc7f7e69f01a5a30bbbba6f46f 0 0 0 0 0 1
train_jpeg/288bc93ca68276fceaee201a2c57300d 0 0 0 0 0 1
train_jpeg/289267f94a0bb624a41647870f180bd2 0 0 0 0 0 1
train_jpeg/28af0c96909404992bef8d7231186fb0 0 0 0 0 0 1
train_jpeg/28ea7d2896bc5e5ad1aa88b53e499a0c 0 0 0 0 0 1
train_jpeg/28eb28a9feba4a3fd37327417aba1ed7 0 0 0 0 0 0
train_jpeg/28fe4ea105153a7a5265e8b61a1dd1bb 0 0 0 0 0 1
train_jpeg/29491e5d92ee6968b5dc51fdab1f95ed 0 0 0 0 0 1
train_jpeg/294c1b068fb6ecfd27f5106e744ddb4b 0 0 0 0 0 1
train_jpeg/295add70002001e13d65c0d0d4a100a0 0 0 0 0 0 1
train_jpeg/29e243ad1a2b17ef44c1a21723ec4752 0 0 0 0 0 1
train_jpeg/2a4a459820226a8b7683df0df4adac6f 0 0 0 0 0 1
train_jpeg/2a59e57437c724c8b7d0e978b3a06d32 0 0 0 0 0 1
train_jpeg/2a96255deafcf2f24bf9f266e1c12633 0 0 0 0 0 0
train_jpeg/2a96f7ac3c6c3d856692929767006892 0 0 0 0 0 1
train_jpeg/2aa967866e3e878475c2777ef8c7e62d 0 0 0 0 0 1
train_jpeg/2aab75b4b293d54b52633fb560f3b603 0 0 0 0 0 1
train_jpeg/2ab7723d59917d1cc798123de5c5b618 0 0 0 0 0 1
train_jpeg/2ad83371c8e883b4cc2e9c1b55a176fe 0 0 0 0 0 1
train_jpeg/2b0f82148f786f6634ac9e3e4954af9c 0 0 0 0 0 1
train_jpeg/2b3a09923dd40a6874d3ee54773575ed 0 0 0 0 0 1
train_jpeg/2b3f933dae2d8beb2f065fd3a7bded78 0 0 0 0 0 1
train_jpeg/2b6f39b5deccef4bfa11213d267b2a66 0 0 0 0 0 1
train_jpeg/2ba09f4a64b4d6268cf891974fa9bad9 0 0 0 0 0 1
train_jpeg/2be9331aba2540c39971621887174215 0 0 0 0 0 1
train_jpeg/2c224837420a8d8831f0e3503296a8b7 0 0 0 0 0 1
train_jpeg/2c24bf86a6838bddee3bde0ca6fb7509 0 0 0 0 0 1
train_jpeg/2c5b052c8611cb2c29975bfd1af85bba 0 0 0 0 0 1
train_jpeg/2c74f4196862f688266048d27224464d 0 0 0 0 1 0
train_jpeg/2ca96021f8f968d4c3f0b9f5fc250470 0 0 0 0 0 1
train_jpeg/2cd3110bd8730f5db82c3efb9cd0c84e 0 0 0 0 0 1
train_jpeg/2cdac7f84a55bcc34e4fea5561a982ee 0 0 0 0 0 1
train_jpeg/2d2d0ff82a88f0fcd89f30d7a4765e31 0 0 0 0 0 1
train_jpeg/2d2dab02bcbe866c0c167196f088a4e8 0 0 0 0 0 1
train_jpeg/2d4fd5fd2fd6135e471ca63908d2f813 0 0 0 0 0 1
train_jpeg/2d5241a2f2800671da3f56606fe86d60 0 0 0 0 0 1
train_jpeg/2d9460539592c4e6b6eb126d15ca63a3 0 0 0 0 0 1
train_jpeg/2da024888d146f663f550e794eda1d83 0 0 0 0 0 1
train_jpeg/2dc722469cfd32be031103b80b8aaf47 0 0 0 0 0 1
train_jpeg/2dd1a6606ae8f23a5912114dd69cec94 0 0 0 0 0 1
train_jpeg/2dd5338d21da724c3ecaed478ab810e9 0 0 0 0 0 1
train_jpeg/2e21c9ab51303ea2fc6f4e90e18825d5 0 0 0 0 0 1
train_jpeg/2e393d79b412fb3f72f8597e96009d2f 0 0 0 0 0 1
train_jpeg/2e437cc9845683e509f2434604f6bff2 0 0 0 0 0 1
train_jpeg/2edca0566958dd1bc36822fe12bfab36 0 0 0 0 0 1
train_jpeg/2f23b99eea815fe9633b1a072218920b 0 0 0 0 0 1
train_jpeg/2f4bf83e1e36ed5d359bbdeb94f9cc99 0 0 0 0 0 1
train_jpeg/2f5a53aead893fd99947027a083f649d 0 0 0 0 0 1
train_jpeg/2f676a2005a4daf0fd6cba35b6afb730 0 0 0 0 0 1
train_jpeg/2fd75ce4f9359d478edcf81d606fa636 0 0 0 0 0 1
train_jpeg/2ffbc003cbd77857cd7ec7a69d8f6ce8 0 0 0 0 0 0
train_jpeg/30292747f6799a93b20e1f9e67be0c67 0 0 0 0 0 1
train_jpeg/302b0d070d5150b91bafc935e94a847b 0 0 0 0 0 1
train_jpeg/309060f37e4a3f72170c211228ce5cc9 0 0 0 0 0 1
train_jpeg/3091912bc947841085f33e214d077348 0 0 0 0 0 1
train_jpeg/30a19e21bc219f1956701d0e4491ba77 0 0 0 0 0 1
train_jpeg/31074d188850b35173ba760312ab17f0 0 0 0 0 0 1
train_jpeg/31449e7891efb4f8be8f7d76bf247914 0 0 0 0 0 1
train_jpeg/315f5a29c40340bec713b41617891019 0 0 0 0 0 1
train_jpeg/31a3247cc3262a01f0e9e6b27c3d9335 0 0 0 0 0 1
train_jpeg/31e84e485efdbb4047c66f17e5b52e8f 0 0 0 0 0 1
train_jpeg/3221209048765cdd84b0210c1e35e45a 0 0 0 0 0 1
train_jpeg/322bf58e1679125507f7909591396e0e 0 0 0 0 0 1
train_jpeg/32557c0fb41d37a9e3c8485d3dcdb8cc 0 0 0 0 0 1
train_jpeg/32712661995a66ff7b5193dd351ce5d3 0 0 0 0 0 1
train_jpeg/328600a3e2b73d907ff67390754ba7cc 0 0 0 0 0 1
train_jpeg/32ac1e21bcb8cd7bf1e434f62ae4e9dc 0 0 0 0 0 1
train_jpeg/32b93ad2764eaed516ee0a5c7d5817e9 0 0 0 0 0 1
train_jpeg/32fde91b99bae97d18e444d506e9ac45 0 0 0 0 0 1
train_jpeg/335a317bb032767650850839d887cb62 0 0 0 0 0 1
train_jpeg/33ddcbc05ab42047e14d6a9ff8f3b052 0 0 0 0 0 1
train_jpeg/340162a33a2a57d13809cb19d818c6d8 0 0 0 0 0 1
train_jpeg/3401b53a86a36db0ff61b87eec51b4e8 0 0 0 0 0 1
train_jpeg/3412dbbf82bda8188efdedb48a1731ce 0 0 0 0 0 1
train_jpeg/343948314c3ec023c0e7ad634f126527 0 0 0 0 0 1
train_jpeg/346f1188f13a810f924803b118e16c44 0 0 0 0 0 1
train_jpeg/34b7d5d031f68cda739d4a8f29d6b3ee 0 0 0 0 0 1
train_jpeg/34fda0402fb015bab250aa7b3f0372f1 0 0 0 0 0 1
train_jpeg/3510b78c9c3bf89c1a68ffc05354354d 0 0 0 0 0 1
train_jpeg/353ca5037bc2f25c6af8d1e6b6e0a2f1 0 0 0 0 0 1
train_jpeg/3540ca0f9d0dc511dda06b57acce1df8 0 0 0 0 0 1
train_jpeg/3563cbf78297f9df2aa8fe7220a3cefc 0 0 0 0 0 1
train_jpeg/358a1ee480d540f0d02899fa36f5157d 0 0 0 0 0 1
train_jpeg/3607a4db624454ddc7be55ab40e00456 0 0 0 0 0 1
train_jpeg/3624ae2cb0c9dcff4dbf33914dd2ab93 0 0 0 0 0 1
train_jpeg/3624ae2d9b29823f90e1c0bf833e90cd 0 0 0 0 0 1
train_jpeg/365ae7b271924534769e2b3a9d737d2f 0 0 0 0 0 1
train_jpeg/365f94e8ed81d2e9b8c134cf8bfdf21e 0 0 0 0 0 1
train_jpeg/366175f1a0ecd9c4ffe8ecdfa754b2e1 0 0 0 0 0 1
train_jpeg/367b53fd4130ec321b3cfe73df816f3b 0 0 0 0 0 1
train_jpeg/36bd6eab0e53e5b1c62f8c51fee5b892 0 0 0 0 0 1
train_jpeg/373bd5fc47c8eabdefd4c313121c1d42 0 0 0 0 0 1
train_jpeg/373cf1c3c0455a997b1ac686ab36f4d0 0 0 0 0 0 1
train_jpeg/377f5ca2ffeb015514ea89f572640801 0 0 0 0 0 1
train_jpeg/37a64f131e20057e6649e0cf60a3efce 0 0 0 0 0 0
train_jpeg/37b7002617b3a7f6b92365e34675d102 0 0 0 0 0 1
train_jpeg/37da73c72e20a4a8e5cf92a000a14dea 0 0 0 0 0 1
train_jpeg/37f810742e4cac9941b74e659620f594 0 0 0 0 0 1
train_jpeg/384088f50cb9ae1ba51334e3e38d33ce 0 0 0 0 0 1
train_jpeg/386295741d73b6939ecd3a49d0b331a7 0 0 0 0 0 1
train_jpeg/38645bf922214e1a900fd36e243f741c 0 0 0 0 0 1
train_jpeg/3884726ab4793df899a6f3767c971d0e 0 0 0 0 0 1
train_jpeg/388d9a06ac1f370e69ed644848577a34 0 0 0 0 0 1
train_jpeg/388f037600c1a6d1134640e1070850a4 0 0 0 0 0 1
train_jpeg/38ccfc0fd67dcb818d05fc640e968a92 0 0 0 0 0 1
train_jpeg/38f6516bedc817cd5480efc4f8076874 0 0 0 0 0 1
train_jpeg/397e892d4f0593ff9bb8cadf85b4a0ab 0 0 0 0 0 1
train_jpeg/3981cb75f8ba83f76950d9b9745337d5 0 0 0 0 0 1
train_jpeg/39cf421ed7dd53948716c43fbd12a30a 0 0 0 0 0 1
train_jpeg/3a0d195ad217ba81a6d83c2193c03a39 0 0 0 0 0 1
train_jpeg/3a2afe680c468e809c808a8c456412f9 0 0 0 0 0 1
train_jpeg/3a3506dabb083b7e540bdaa34b5ee413 0 0 0 0 0 1
train_jpeg/3a6e3a84bd03049935b8254d28485251 0 0 0 0 0 1
train_jpeg/3a8d4d0553fda8c1021a74a0e59ae131 0 0 0 0 0 1
train_jpeg/3a9ca3e1abf4367614147b0df838624a 0 0 0 0 0 1
train_jpeg/3aa1aa100d059de96740925373bbf8c7 0 0 0 0 0 1
train_jpeg/3ab1d5b251f54870587b6d9c6a076493 0 0 0 0 0 1
train_jpeg/3aba33c4fe83153691e94697ef7bea47 0 0 0 0 0 1
train_jpeg/3abdf429daeb55e510e29a698977c217 0 0 0 0 0 1
train_jpeg/3ae48108f30488aee672f1dab2bea20f 0 0 0 0 0 1
train_jpeg/3b368fea4f80aa6475184bb3a880983c 0 0 0 0 0 1
train_jpeg/3b570d78d3b8fbe8dd3af543d0ab08a6 0 0 0 0 0 1
train_jpeg/3b69efc82e50e3b30f2555f284320cbc 0 0 0 0 0 1
train_jpeg/3b87310521f1d17367a581fc6e0eb19d 0 0 0 0 0 1
train_jpeg/3bc5b8b466dc9ade754e1f179fddfafb 0 0 0 0 0 1
train_jpeg/3c00ae3e02fb14fa6075015374aaba89 0 0 0 0 0 1
train_jpeg/3c0b2a31f60f5d1ac82b884af7ea3220 0 0 0 0 0 1
train_jpeg/3c2a0c9e8e2ecac81bf6019d87d66201 0 0 0 0 0 1
train_jpeg/3c76b23a74a3d2012fb50834dcbbc43a 0 0 0 0 0 1
train_jpeg/3c95ac819293940394fff78c76c60ca6 0 0 0 0 0 1
train_jpeg/3cdcd43f230d185be9a3ea2463f348dc 0 0 0 0 0 0
train_jpeg/3cde958128613bac4e504780c4fd72bc 0 0 0 0 0 1
train_jpeg/3d0bf3248adfb4e95e0624bd5c54495a 0 0 0 0 0 1
train_jpeg/3d699e6ab5caa15d3ad7b6cdeee5f85b 0 0 0 0 0 1
train_jpeg/3d6cf58cefc8217b102d47280f927a9f 0 0 0 0 0 1
train_jpeg/3d70046ae9a650f1316d143166541089 0 0 0 0 0 1
train_jpeg/3dc3da07371be408d6313bd5d04bceec 0 0 0 0 0 1
train_jpeg/3dcd69d586c76d7ccee18e292742ff85 0 0 0 0 0 1
train_jpeg/3dd04efbb7f8f0e2757e8e588350f8e0 0 0 0 0 0 1
train_jpeg/3de366aa826bd76b997fb4d9d3b33553 0 0 0 0 0 1
train_jpeg/3df3f28df05bf2d1abaa7ff039c87597 0 0 0 0 0 1
train_jpeg/3dfbe57b2f78fdc715e81b12630f45ec 0 0 0 0 0 1
train_jpeg/3e2c52e066e6bc9e28a58d7f13c64296 0 0 0 0 0 1
train_jpeg/3e36fcbd1b769a30a2c54eb1c0116ace 0 0 0 0 0 1
train_jpeg/3f083f710e5cf1497091bae4b0ae60ba 0 0 0 0 0 1
train_jpeg/3f13a6327a73f13a2968b3f6701b31a3 0 0 0 0 0 1
train_jpeg/3f304a0d3bec1b3b1c53b828d28ae7de 0 0 0 0 0 1
train_jpeg/3f97aadcdad8e65a84b31c62e2c40681 0 0 0 0 0 1
train_jpeg/3fb83af943cdcbd3d255a51b0d86f827 0 0 0 0 0 1
train_jpeg/3fbd129251fc5b0ef8ba82bb88da3e5a 0 0 0 0 0 1
train_jpeg/3fbd2b45de32afd8618a53b9d5b9c917 0 0 0 0 0 1
train_jpeg/3fce94c1b748aab8c5a46595fa0213de 0 0 0 0 0 1
train_jpeg/401dcf59383ac272c5658e1650f40c3c 0 0 0 0 0 1
train_jpeg/409e20d96e906d3582b11c0f2ddab096 0 0 0 0 0 1
train_jpeg/40d41571f7ee9a4583051e5ede025721 0 0 0 0 0 1
train_jpeg/40ea42113164f63625a196207c4bd0af 0 0 0 0 0 1
train_jpeg/4136016fd53cb7cd6a3ac0a6f02ad0d1 0 0 0 0 0 1
train_jpeg/4162f8722db281c9152f6c99a1d39f5a 0 0 0 0 0 1
train_jpeg/417016c92681374ec6f8738ad072f09b 0 0 0 0 0 1
train_jpeg/41b743f4d7c76feea7da57a6a7d2373a 0 0 0 0 0 1
train_jpeg/41c14d3879236a7c6f4dc5c2edcc8a0b 0 0 0 0 0 1
train_jpeg/41c3934a9d606ac5ab8d0ed35bb4b8c7 0 0 0 0 0 1
train_jpeg/41dd971752ac364573f2da2ac932e653 0 0 0 0 0 1
train_jpeg/41f696d62bd8210f7b21729845cc1eff 0 0 0 0 0 1
train_jpeg/41fdc5f2d25a364bd7f525ef84fb731c 0 0 0 0 0 1
train_jpeg/4212c387ecc2861799e7394603c325a7 0 0 0 0 0 1
train_jpeg/42321013b9306bb07e1e98bb177d1683 0 0 0 0 0 1
train_jpeg/425d40a4b08ec1aaccdc02ca1db78388 0 0 0 0 0 1
train_jpeg/425e037a20a9bce8be945b89297f7829 0 0 0 0 0 1
train_jpeg/4276a13328e1ca901cc4c3810923933d 0 0 0 0 0 1
train_jpeg/427ad07478cb7710bb265665a9e8e919 0 0 0 0 0 1
train_jpeg/427cee14f796b7a14074226155892f7c 0 0 0 0 0 1
train_jpeg/428de3bd0df77dfd8d747ee481e74b15 0 0 0 0 0 1
train_jpeg/42b9796b7f9ec65822586dbb948a3d82 0 0 0 0 0 1
train_jpeg/42ca112b4b72ed4c70ddceccc1b35a48 0 0 0 0 0 1
train_jpeg/42d11d9d6b6658aec9981872774c219a 0 0 0 0 0 1
train_jpeg/42fa490bac652362a0ef3c1c2ac1dcc9 0 0 0 0 0 1
train_jpeg/42fba4329860d5995fea57553104907a 0 0 0 0 1 0
train_jpeg/43168eb06024ac4634c14f1d386f4136 0 0 0 0 0 1
train_jpeg/43476eeda3cc6f144c7726c90790bfd6 0 0 0 0 0 1
train_jpeg/435022b91de4977291bd7eaa1efd0740 0 0 0 0 0 1
train_jpeg/43508e14f9e8103548d138b5bb1b07ee 0 0 0 0 0 1
train_jpeg/437da32e6a31f7abf53187e87fc46ed7 0 0 0 0 0 1
train_jpeg/43a3e561b8fb2f24e425d0a6647e284a 0 0 0 0 0 1
train_jpeg/441205382e7856b9ff5d4c3d1fb36a09 0 0 0 0 0 1
train_jpeg/4462595f31d1a2c5aac2b3a8a49536d4 0 1 0 0 0 0
train_jpeg/4479ab54ba10a7609e2baaf28f04a5cb 0 0 0 0 0 1
train_jpeg/447ffd3522ec98af212bfbea80f54023 0 0 0 0 0 1
train_jpeg/44915a5a80fe7dc3731da239292a0084 0 0 0 0 0 1
train_jpeg/449d8bc9224433abf1a23b78998bac06 0 0 0 0 0 1
train_jpeg/44b30aa87ad06bd8263adbaab603da4a 0 0 0 0 0 1
train_jpeg/44d8463dc6b97354823587afe0ea9d75 0 0 0 0 0 1
train_jpeg/44fd18e81fd09c367a5a9651d3e61ee4 0 0 0 0 0 1
train_jpeg/4518dd081dec46cc7a40db0e2d877512 0 0 0 0 0 1
train_jpeg/45406c4ee98c4d2643f7330f1d73f638 0 0 0 0 0 1
train_jpeg/45914f9faa0cdc6dd6eeba48fd1c6402 0 0 0 0 0 1
train_jpeg/45a8f56d50665a20a709eacad6f3ba9a 0 0 0 0 0 1
train_jpeg/45df4dae1e6f49f649ebc1aacb8d755b 0 0 0 0 0 1
train_jpeg/45f04a5e14cd4763fb55fc7950beffce 0 0 0 0 0 1
train_jpeg/460a6a35d0eb20fb8f7ff0e984bfdc60 0 0 0 0 0 1
train_jpeg/465c3a62a3c28af4a253eb0fa6040118 0 0 0 0 0 1
train_jpeg/4679cc98fd5d83db238876050fc3e31f 0 0 0 0 0 1
train_jpeg/467dad00f52961cafc2ff9df73f5c91d 0 0 0 0 0 1
train_jpeg/468619c5fd88f253c9ab79e4ec71cc90 0 0 0 0 0 1
train_jpeg/469bd3f41e12a8f03a8ef0ce191743ce 0 0 0 0 0 1
train_jpeg/46c3ef9fa99eddf70b044f56318d5420 0 0 0 0 0 1
train_jpeg/46c76222a5a77d4670f091a7952f2b26 0 0 0 0 0 1
train_jpeg/46d87ff1664797fab0eab2daf99550af 0 0 0 0 0 1
train_jpeg/46e5a3a0bbcaeaa1b6e0504d4847e71f 0 0 0 0 0 1
train_jpeg/4737dc6ce8a5c9b9ebae0fd9e6c7ae64 0 0 0 0 0 1
train_jpeg/47ce751ae117bc7bac4784992c7190fe 0 0 0 0 0 1
train_jpeg/4809a725c777cda97ab45c255bc35a2e 0 0 0 0 0 1
train_jpeg/480a26ee89ee25d5bd88a3bd598ebd82 0 0 0 0 0 1
train_jpeg/48156d6bfe2963e62c115d0fa7a56f8b 0 0 0 0 0 1
train_jpeg/482888f84b6b41c2afff7e8fb6341884 0 0 0 0 0 1
train_jpeg/486c8b33f33a2c401fd09f2eda3fb9b8 0 0 0 0 0 1
train_jpeg/4876181d5f69da92e9e6191b0d01a1bf 0 0 0 0 0 1
train_jpeg/492bc09a9ea6dacc2a35e890caf4e937 0 0 0 0 0 1
train_jpeg/4942ccd86fa518186a5011d558e870a2 0 0 0 0 0 1
train_jpeg/49a33cbe93e696af8a9ca3864c7e0776 0 0 0 0 0 1
train_jpeg/49bab152b559fd56abb440523f80d368 0 0 0 0 0 1
train_jpeg/4a003fe10a49ccef31c7c3875b534e33 0 0 0 0 0 1
train_jpeg/4a1659ba26c4cb81c9f964620cab3407 0 0 0 0 0 1
train_jpeg/4a4a73ec783c1cdf4bd15d5e2a9b52bb 0 0 0 0 0 1
train_jpeg/4ab38854ac379d52db168d091b3734ad 0 0 0 0 0 1
train_jpeg/4ac5de28607f10bfdaaf5b618c6611bf 0 0 0 0 0 1
train_jpeg/4ad31360a01c40bc9074745f770c8ec7 0 0 0 0 0 1
train_jpeg/4afccda5fa0674d8cc99b342938db8f7 0 0 0 0 0 1
train_jpeg/4b06e7f8dd8f7af058088bd6a32d3c6c 0 0 0 0 0 1
train_jpeg/4b2807b2f02514ee36b6706f5f09b8fc 0 0 0 0 0 1
train_jpeg/4bcc35b719babdca7601e8f6af06d537 0 0 0 0 0 1
train_jpeg/4bd16f83acdd998db7ae9a6a3bbefbc6 0 0 0 0 0 1
train_jpeg/4beb9b4e0acebc20ba821cab920ca6a4 0 0 0 0 0 1
train_jpeg/4bf5576f3130e11a15018cc0dab97701 0 0 0 0 0 1
train_jpeg/4c25ea1a88a172df4226c96bd4a4d9ed 0 0 0 0 0 1
train_jpeg/4c69148b8a5c0040d9ae22149f295b37 0 0 0 0 0 1
train_jpeg/4d04aedeba9109127692f5b1aab61153 0 0 0 0 0 1
train_jpeg/4d2db6608c0951464852295a4132b5e5 0 0 0 0 0 1
train_jpeg/4d30c7c316cc63ca6bdacec29f21dea7 0 0 0 0 0 1
train_jpeg/4d3473f7b6e8882286ee4260ed30e03c 0 0 0 0 0 1
train_jpeg/4d390e07733ba06e5ff07412f09c0a92 0 0 0 0 0 1
train_jpeg/4d4ad44c8fc0e4a95366b07c27afb1b2 0 0 0 0 0 1
train_jpeg/4d4bffa2926bfcb4851b5e968136b047 0 0 0 0 0 1
train_jpeg/4d88ede382258cdf9b4cef728d9fd8dc 0 0 0 0 0 1
train_jpeg/4d953ee949a27aeca11ae925b2905872 0 0 0 0 0 1
train_jpeg/4db9e6b7863b5297c136523617c7eb1c 0 0 0 0 0 1
train_jpeg/4e02c3b1100ced219b8d06cd65d09425 0 0 0 0 0 1
train_jpeg/4e591732049659e63f5ede8d6669bb5d 0 0 0 0 0 1
train_jpeg/4e9b01aa352324896deb732f39276520 0 0 0 0 0 1
train_jpeg/4ea163d759773e5d39d010336d81410c 0 0 0 0 0 1
train_jpeg/4f211240fc303e8f73e877cef8c0d945 0 0 0 0 0 1
train_jpeg/4f239ee9f362d0189b3b1c2649556d8b 0 0 0 0 0 1
train_jpeg/4f4674e95b0a0de0263bc63b457a7c9d 0 0 0 0 0 1
train_jpeg/4f58c1bba4416c27de765e6120ea84e1 0 0 0 0 0 1
train_jpeg/4f5c366af19af7febed4078fd274636d 0 0 0 0 0 1
train_jpeg/4f605c84d85f83a6eec9a804af5b5d00 0 0 0 0 0 1
train_jpeg/4f6f8f8a8240daecc68f2751d16ad92b 0 0 0 0 0 1
train_jpeg/4f7a8f69990e8a2212ebc51bb502fc7c 0 0 0 0 0 1
train_jpeg/4f85a3489a50abf87136c4544ce8b2ba 0 0 0 0 0 1
train_jpeg/4fa6cca94550b80255481defaff69042 0 0 0 0 0 1
train_jpeg/4fbeeb5466485b289c75a393b8e03dd5 0 0 0 0 0 1
train_jpeg/4fdff4b47a432825283401995af2a237 0 0 0 0 0 1
train_jpeg/502a3c9ce20947359a226af872d52f09 0 0 0 0 0 1
train_jpeg/5032e302ade4e419a056c3d54b29a97c 0 0 0 0 0 1
train_jpeg/50742e2516c5af7abede56edbd3bb6bb 0 0 0 0 0 1
train_jpeg/509273d5d4ce790330ea3956d448d8dd 0 0 0 0 0 1
train_jpeg/509cb46826fd00a8164927256542e0ef 0 0 0 0 0 1
train_jpeg/50ad19d379471591e460f9b272711c2e 0 0 0 0 0 1
train_jpeg/50d48c5870580f5e7ac6a94c15728e90 0 0 0 0 0 1
train_jpeg/50d75e28af419f1e77bebe039080698a 0 0 0 0 0 1
train_jpeg/50ec54229eeb51ac7cdd082d2b7e8644 0 0 0 0 0 1
train_jpeg/50fa8bc151bba3639fe91add42b8a106 0 0 0 0 0 1
train_jpeg/51010924009e64d3978e6215ac0e0178 0 0 0 0 0 1
train_jpeg/512a2d752e167ea768cf32a32193f894 0 0 0 0 0 1
train_jpeg/512e7a3cb8427dccc274f5425a3121dd 0 0 0 0 0 1
train_jpeg/513203e29fe43941076e37a945e58c36 0 0 0 0 0 0
train_jpeg/514cf437b6da902922963314577df972 0 0 0 0 0 1
train_jpeg/5173630835619ecf790205be89775f7f 0 0 0 0 0 1
train_jpeg/51a8a2d913f12d2b39d9fe43fe27aa2d 0 0 0 0 0 0
train_jpeg/51a8d7259a0a6deac20b7c4979a7e847 0 0 0 0 0 0
train_jpeg/522f0c06d9e1f4a71a80d3c3977d2224 0 0 0 0 0 1
train_jpeg/52340994677c9a6a53832cc219cd049f 0 0 0 0 0 1
train_jpeg/524f09c24a034a2daae14151142ff9be 0 0 0 0 0 1
train_jpeg/526a9ecbc82a63dc3c7c4c200351782e 0 0 0 0 0 1
train_jpeg/52798bf6b05abfd0558cc0c72687cf56 0 0 0 0 0 1
train_jpeg/528a04e45f2ca14007ffb8e276c83a0d 0 0 0 0 0 1
train_jpeg/5298eaa148b15070786b0ec4ae41a933 0 0 0 0 0 1
train_jpeg/52a31de57ce1d76896720fe4e047dac8 0 0 0 0 0 1
train_jpeg/52c4114a737e53ff318994962de6e17d 0 0 0 0 0 1
train_jpeg/52ee81f2a334e3087ef8721ad1a8de45 0 0 0 0 0 1
train_jpeg/534443416c43495999d82d84f9f4ae69 0 0 0 0 0 1
train_jpeg/53a2fc1caf29e6a72864b49df733e9e8 0 0 0 0 0 1
train_jpeg/53d01eec9247a864918add9a34fdaa6b 0 0 0 0 0 1
train_jpeg/53edd2240551aa697f06c451803abb66 0 0 0 0 0 1
train_jpeg/541e1c8eccc493eca63cb8482f1ad36f 0 0 0 0 0 1
train_jpeg/542662f9fffebc1b9c7f852a3792e3a9 0 0 0 0 0 1
train_jpeg/542fb1103cb5c85fd8483eeb477743e8 0 0 0 0 0 1
train_jpeg/5456e22a6fab981152b831952dded13c 0 0 0 0 0 1
train_jpeg/548bf08ac3fb4268aec314b42911af13 0 0 0 0 0 1
train_jpeg/54977dc8364b21ccbf2e43d2fdb09837 0 0 0 0 0 1
train_jpeg/549aebd12b3815554034ec86c74b4a7e 0 0 0 0 0 1
train_jpeg/54a949ae76b8899a737c80350e97bea1 0 0 0 0 0 1
train_jpeg/54d7d530808ec64ea19e9d4ab37cf579 0 0 0 0 0 1
train_jpeg/54f1231c54cc1a041eadf56fef95bbed 0 0 0 0 0 1
train_jpeg/552455480cb87fa37530826ea8612739 0 0 0 0 0 1
train_jpeg/55254db127c8122d04686b5b0e7f1ae2 0 0 0 0 0 1
train_jpeg/554e1d570c4477ac3fdc18d5a5af678a 0 0 0 0 0 1
train_jpeg/5576d293dfccbc926d92d3ec0d20b9af 0 0 0 0 0 1
train_jpeg/55794edcf6b27d7b8af0ac89eac453a6 0 0 0 0 0 1
train_jpeg/55bb2808e74d4d4bfda40275268603a4 0 0 0 1 0 0
train_jpeg/55c48433a6a760920a0198b3ee44a170 0 0 0 0 0 1
train_jpeg/55c72813e6377006064deb619bef8cfa 0 0 0 0 0 1
train_jpeg/55e5dd662042639488ebb9fbd6a02864 0 0 0 0 0 1
train_jpeg/55e8e3db7309febee415515d06418171 0 0 0 0 0 1
train_jpeg/560960578a1c7856f46c9cd1d7220818 0 0 0 0 0 1
train_jpeg/5627800c6ffea2c62748812fb2ba1dd6 0 0 0 0 0 1
train_jpeg/565f54b1b1426c62c262f41a2a6daa88 0 0 0 0 0 1
train_jpeg/569265e9ba8363c44d32599f9851158b 0 0 0 0 0 1
train_jpeg/56a510efae9f88727958a953dee94ef1 0 0 0 0 0 1
train_jpeg/56a6d57292da3fb9cd59b65a7a01009a 0 0 0 0 0 1
train_jpeg/56fa9e8f5419bb11f3e27c7529895684 0 0 0 0 0 1
train_jpeg/56fba4cf02658d0592281bf6545798bc 0 0 0 0 0 1
train_jpeg/56fc900d3d2f8bfec66a7b5577cf2b59 0 0 0 0 0 0
train_jpeg/5760f2b040ba7c5f12d246f969d5c7a6 0 0 0 0 0 1
train_jpeg/577a21d75105a48cf206ca39a454fe07 0 0 0 0 0 1
train_jpeg/57c9ecc9749eb1860f37a308d0b284ec 0 0 0 0 0 1
train_jpeg/57d50fa4f8377dc74779a0a5972d49a5 0 0 0 0 0 1
train_jpeg/584ec5b449687a6442a75e7136754aae 0 0 0 0 0 1
train_jpeg/58693809cd415e1064e4560428f1ab98 0 0 0 0 0 1
train_jpeg/586dab2fc5296b27dde17df1337bb8f1 0 0 0 0 0 1
train_jpeg/587528f7700a11f9cbeae13bc7c24bc8 0 0 0 0 0 1
train_jpeg/587d7941d6526009cb53ddc54410a9a6 0 0 0 0 0 1
train_jpeg/58982ebd6e63659e9ead7d20e26eb34d 0 0 0 0 0 1
train_jpeg/58c402c36cd3b9eec1056ba64752fc1f 0 0 0 0 0 1
train_jpeg/58c7372d63bc8cd3b814c6f48f9d069f 0 0 0 0 0 1
train_jpeg/58f042774d3d43dea2889d51f2843927 0 0 0 0 0 1
train_jpeg/58fd4c10629953eaa182909d57ad5098 0 0 0 0 0 1
train_jpeg/591d5da8e2fc8d1c18934e0a69cd640f 0 0 0 0 0 1
train_jpeg/5931c4e2b0b0ffecadf3c8eef5a8cb81 0 0 0 0 0 1
train_jpeg/5935605beb0f08caeb9ff4481157c520 0 0 0 0 0 1
train_jpeg/59adbe1e67fc3940b3b2e62883154b05 0 0 0 0 0 1
train_jpeg/59b9ceea384d3f443daca91e8ca743ae 0 0 0 0 0 1
train_jpeg/59d215990b0e15b66e129d47f1b34943 0 0 0 0 0 0
train_jpeg/59e209dfdfd98104e5f8777b4ab02434 0 0 0 0 0 1
train_jpeg/59e3589ef8b6f4eae14759c975704622 0 0 0 0 0 1
train_jpeg/59f163522f9e49ab143f88d3febb8a33 0 0 0 0 0 1
train_jpeg/5a557f51ba011be71c4ba3223515dbef 0 0 0 0 0 1
train_jpeg/5a64fc260f8abd7849fffb45acc39505 0 0 0 0 0 1
train_jpeg/5a6a5c5c3b4baeaab946622598483910 0 0 0 0 0 1
train_jpeg/5a6d2230079199292a91513554d61f55 0 0 0 0 0 1
train_jpeg/5a7675d92d86f8fc779d44d82205e51f 0 0 0 0 0 1
train_jpeg/5a90837bfac4c51ba3f89952e17f9d14 0 0 0 0 0 1
train_jpeg/5a913b5dd8d43a823a1184ca9ec2d616 0 0 0 0 0 1
train_jpeg/5aad1179b1863fb90670f5051e4278cc 0 0 0 0 0 1
train_jpeg/5acd23c2d876ccd445b527b588b5fb6c 0 0 0 0 0 1
train_jpeg/5af7ba3901d0937dea00f84257c5c8c2 0 0 0 0 0 0
train_jpeg/5afdac86fe6a4934f69ba9a5d113c5eb 0 0 0 0 0 1
train_jpeg/5b1dc838b4aa03455d6895553ea3834b 0 0 0 0 0 1
train_jpeg/5b50102923f8b16a648f12499a8ce1c0 0 0 0 0 0 1
train_jpeg/5b737f3ebfbfb5c4b517fd0efdb63ae0 0 0 0 0 0 1
train_jpeg/5b866ad26e7baec8b6133d619eedaeca 0 0 0 0 0 1
train_jpeg/5ba5f21b61f9d12ef2a88487cc71f6ec 0 0 0 0 0 1
train_jpeg/5bab93d6965cb975d5d407c6b2b5b2c7 0 0 0 0 0 1
train_jpeg/5badecb3025575b7f95f1682f729525c 0 0 0 0 0 1
train_jpeg/5bcc6e26a5dae4bcb41bebf8661bdde2 0 0 0 0 0 1
train_jpeg/5bd9abee030f681a8fa24e35837270c5 0 0 0 0 0 1
train_jpeg/5bec399818c08d3463ffb412735d4c9b 0 0 0 0 0 1
train_jpeg/5c90e7611ea68b1c7eaff09690e8a3a0 0 0 0 0 0 1
train_jpeg/5ceb74484f349e998da894a6b1caf5f0 0 0 0 0 0 1
train_jpeg/5cf56433d25338e9606fb511c5e23bf3 0 0 0 0 0 1
train_jpeg/5d240a1c22c7fac743fe5fb1683b8656 0 0 0 0 0 1
train_jpeg/5d436e41a072563679755fcd70d4cfcb 0 0 0 0 0 1
train_jpeg/5d4a7daa7e70085f6e5489fff404c1e9 0 0 0 0 0 1
train_jpeg/5d7f365c257bcaf7a4a4119e26ead6d6 0 0 0 0 0 1
train_jpeg/5dcc50d9eb1c4959a2a0dbdf2845ffc3 0 0 0 0 0 1
train_jpeg/5df459c558910e614a9eb6bd7b454777 0 0 0 0 0 1
train_jpeg/5dfad8fe7137baab5ab34e852b77521d 0 0 0 0 0 1
train_jpeg/5e194561328ca9c3336e33297698d21f 0 0 0 0 0 1
train_jpeg/5e24ece4ca0e38ffebf6d92a74b944a7 0 0 0 0 0 1
train_jpeg/5e340572fe84e07654029950c56ac877 0 0 0 0 0 1
train_jpeg/5e6f63376103299f2251a23a696459cd 0 0 0 0 0 1
train_jpeg/5e808e9cbcb8cb66f3c798e9e5ea4e03 0 0 0 0 0 1
train_jpeg/5e93222175e26776307933a06ea34091 0 0 0 0 0 1
train_jpeg/5ea233bb0768709612169057aed71051 0 0 0 0 0 1
train_jpeg/5ec73b313975b1a2fdb77e792aab5d88 0 0 0 0 0 1
train_jpeg/5eca9cfc89facf8925f0026936e3e39d 0 0 0 0 0 1
train_jpeg/5ee7d7e6df4cda91b44134754044751c 0 0 0 1 0 0
train_jpeg/5f009092caee3729873a324a96749949 0 0 0 0 0 1
train_jpeg/5f209961057e6ff253148bbcfd5c5391 0 0 0 0 0 1
train_jpeg/5f9656fef011ff6876d88f8042a1ec7c 0 0 0 0 0 1
train_jpeg/5fbe6cf85ca10f3d7f7d3641178ec31d 0 0 0 0 0 1
train_jpeg/5fc5a030819e3c2582ba712db239dd60 0 0 0 0 0 1
train_jpeg/604c66602c9f9fe478b087c1a40b7bc7 0 0 0 0 0 1
train_jpeg/604ce8a56fd0539880b17f999ad10468 0 0 0 0 0 1
train_jpeg/605b338c46ea8eb4bd6dc1c1c466a38c 0 0 0 0 0 1
train_jpeg/60679b51d403a3a1fc020a0a86fedd8d 0 0 0 0 0 0
train_jpeg/6105697e3f23bdee1608f1b43f88cc8b 0 0 0 0 0 1
train_jpeg/613fd7f3a8b48248d4027c90a414ff9a 0 0 0 0 0 0
train_jpeg/616001e85ea2c6f4380f06426c6f4da5 0 0 0 0 0 1
train_jpeg/6191f214f0c53460baf9d9f16872a6d7 0 0 0 0 0 1
train_jpeg/61a153c76cdd06fc381288fe5ef546eb 0 0 0 0 0 1
train_jpeg/61f807e82c2fe891767a941f48dfac90 0 0 0 0 0 1
train_jpeg/61fbcd848aeaece25f62c1fe20bf327a 0 0 0 0 0 1
train_jpeg/61fee17f99b29fc46130613d0e7ba7c2 0 0 0 0 0 1
train_jpeg/620664ee95e4f58879e35869ae08c12a 0 0 0 0 0 1
train_jpeg/62368de0561a865919f192e2d1909a34 0 0 0 0 0 1
train_jpeg/623e33982a8f6421b5126b39db5b8109 0 0 0 0 0 1
train_jpeg/624decabb72afef84b63d24305cecf3d 0 0 0 0 0 1
train_jpeg/62895510090bb78cd33470447e1d98df 0 0 0 0 0 1
train_jpeg/6291013a8f1a5f36245784b7083d25d8 0 0 0 0 0 1
train_jpeg/62bdecf7581f32c52f3093de7bcc9904 0 0 0 0 0 1
train_jpeg/62e1eedc69d6ad4a5119578eced73aac 0 0 0 0 0 1
train_jpeg/62eaa7c251280aa3c31139ea3f81f391 0 0 0 0 0 1
train_jpeg/634692d5bae08695f3c842dfbabb902b 0 0 0 0 0 1
train_jpeg/6361d94fa69df5c475218c305123eaa6 0 0 0 0 0 1
train_jpeg/6392ea0d9845c559fa4b8214cc578f18 0 0 0 0 0 1
train_jpeg/639e53252ed92c51e57bede9afeb6d5d 0 0 0 0 0 1
train_jpeg/63fead24d55337696caa133747885422 0 0 0 0 0 1
train_jpeg/641583031d565c2464b10ddb3da508d6 0 0 0 0 0 1
train_jpeg/6462c0187cc76000952ba43631f027fd 0 0 0 0 0 1
train_jpeg/6479a0a31c42b65510d61d4749e21845 0 0 0 0 0 1
train_jpeg/64e17b0f7b34294b7f74017bc01b080d 0 0 0 0 0 1
train_jpeg/64e1916ddd4fa85b9a58ac67d1bc5de4 0 0 0 0 0 1
train_jpeg/64f9b6387d002d481fb99ac6ad4da695 0 0 0 0 0 1
train_jpeg/6535a046e90cc4e42bd3ac9598a07e06 0 0 0 0 0 1
train_jpeg/65a15b80c547d718915643b579eaedb2 0 0 0 0 0 1
train_jpeg/65ddd0d6de9415820477378428567272 0 0 0 0 0 1
train_jpeg/66159784bcb98b06fa47abf4f9d6521f 0 0 0 0 0 1
train_jpeg/6657521efe526b165a93b270b2e9b513 0 0 0 0 0 1
train_jpeg/66684191e39375b8a392534bb05fc2d8 0 0 0 0 0 1
train_jpeg/66933a35e5d688feb7c68a2e01e73e70 0 0 0 0 0 1
train_jpeg/66bbe3b0df8f9b8bda1f11d3adb5940a 0 0 0 0 0 1
train_jpeg/66c78b116b4324190d18d2997a00e354 0 0 0 0 0 1
train_jpeg/66c96c719b15abc13b5c76f74b6b7ef2 0 0 0 0 0 1
train_jpeg/66cbffba7ea1246d296e6773832a5ed5 0 0 0 0 0 1
train_jpeg/67057ef0cc2693cd003e2f7240681005 0 0 0 0 0 1
train_jpeg/673d2f7a0982b53c220ae202c35345b9 0 0 0 0 0 1
train_jpeg/6778474a9e212d1aef73a32583e78f37 0 0 0 0 0 1
train_jpeg/6781a5fd25e2688ae5f8573837f89b6a 0 0 0 0 0 1
train_jpeg/678a41f14ac9cc8adec0ec7d2add6597 0 0 0 0 0 1
train_jpeg/67b3ba771dbf10e9204ef1c42c5f698e 0 0 0 0 0 1
train_jpeg/67f6b4a6c560951eef3128e2e71419c7 0 0 0 0 0 1
train_jpeg/685bc45acca1b32bdb80ba6ac986e7da 0 0 0 0 0 1
train_jpeg/68669ec2e73171c79b6f9d2225fbd4f0 0 0 0 0 0 1
train_jpeg/687420f92b5e0de29fc1b44bb1bf7df8 0 0 0 0 0 1
train_jpeg/6890c2ea0354b1cf96f2ad3c5cbe0d46 0 0 0 0 0 1
train_jpeg/68ab5b60e34d374002405dfe7f14b7ff 0 0 0 1 0 0
train_jpeg/68ea6e99b40d33995282a81f1baf0ae3 0 0 0 0 0 1
train_jpeg/68efaf972d20de01333f8d02b41c3f25 0 0 0 0 0 1
train_jpeg/68ffaf79e68c2d29606f985adf059803 0 0 0 0 0 1
train_jpeg/694719c20ef91af3f7a7e6b00ba98b64 0 0 0 0 0 1
train_jpeg/6965410674f276cf6224606184551221 0 0 0 0 0 1
train_jpeg/699a1e44e265a9a8d41b404cedae6842 0 0 0 0 0 1
train_jpeg/69f5d29210d98df18120534adb990291 0 0 0 0 0 1
train_jpeg/6a015e935e17740e22b6b246aed892c5 0 0 0 0 0 1
train_jpeg/6a047bc525812f5fb0fb8bc57e246709 0 0 0 0 0 1
train_jpeg/6a068b7cdf1b78d1c4d2aef21a142cff 0 0 0 0 0 1
train_jpeg/6a21c27cbd42e68576a134fca3c0266e 0 0 0 0 0 0
train_jpeg/6a28d4f26ce2f66c4165436fd91cc547 0 0 0 0 0 1
train_jpeg/6a39d0181e330fae49e2fe5398e049f1 0 0 0 0 0 1
train_jpeg/6a54971c60216631888bc0b559f12a46 0 0 0 0 0 1
train_jpeg/6a76f514b4a131896ab837c776c7d04d 0 0 0 0 0 1
train_jpeg/6a81576a220d65cbde7df55c3a3de1b6 0 0 0 0 0 1
train_jpeg/6a8afd2f3a1625885881c2110b658fca 0 0 0 0 0 1
train_jpeg/6a961bc8e3e2cd2508dab4bec6276d36 0 0 0 0 0 1
train_jpeg/6ab1cd22b6e5e16928a301b562479d24 0 0 0 0 0 1
train_jpeg/6acc13406eda521dedfca734ddbe3e25 0 0 1 0 0 0
train_jpeg/6ae63abe8b57069faacc9d0a7beb8e1d 0 0 0 0 0 1
train_jpeg/6aef9295c77bdb3b17320cbd587963ba 0 0 0 0 0 1
train_jpeg/6af136c2174e33858709f8600065aa44 0 0 0 0 0 1
train_jpeg/6b19900bc48f1e2e57511ea00b5f23f8 0 0 0 0 0 1
train_jpeg/6b25a45c66c5be155c87586695336095 0 0 0 0 0 1
train_jpeg/6b44b2c4a86f4e2b8ac0092fab505f22 0 0 0 0 0 1
train_jpeg/6b958442abfb4622aa39bc6218d75bba 0 0 0 0 0 1
train_jpeg/6bb053f269fb54485e70eb65424578f3 0 0 0 0 0 0
train_jpeg/6bba06407f805ce70ae52a10fe38b1da 0 0 0 0 0 1
train_jpeg/6c089df92ec61428ff49c20aa4f6ce83 0 0 0 0 0 1
train_jpeg/6c4280d4c09d682091a5d92102ef4162 0 0 0 0 0 1
train_jpeg/6c9fe8b8ff904ab226c611a0e5567b32 0 0 0 0 0 1
train_jpeg/6c9fef83c93ce0f7b31f377f9499cf77 0 0 0 0 0 1
train_jpeg/6ccd2936901b93611218fe9604cb383c 0 0 0 0 0 1
train_jpeg/6cd6250e56403799f76678165bcf91d8 0 0 0 0 0 1
train_jpeg/6d317a1c0196863c43fdf60862306f48 0 0 0 0 0 1
train_jpeg/6d5c4d0ce4504164a6d3035aa060dcae 0 0 0 0 0 1
train_jpeg/6d97962c2b2e8d905451c3222fd828be 0 0 0 0 0 1
train_jpeg/6e004d77616aa8546ed689d9360e1080 0 0 0 0 0 1
train_jpeg/6e15ed316697b660047c597450de7a8b 0 0 0 0 0 1
train_jpeg/6e26e1092a0297a1cbf0a867e3b90326 0 0 0 0 0 1
train_jpeg/6e2cfa861b5ba121bdd3a054621ad4a8 0 0 0 0 0 1
train_jpeg/6e324f1289698a4ec6f2baeed252ed76 0 0 0 0 0 1
train_jpeg/6e395f737d2b004443f033eb9ad7ba17 0 0 0 0 0 1
train_jpeg/6e85fdd4db708c020784d148659c6367 0 0 0 0 0 1
train_jpeg/6e9e267d562814554eca67e91814408e 0 0 0 0 0 1
train_jpeg/6eec3fd09b4a8334a2cc5cb233228a6a 0 0 0 0 0 1
train_jpeg/6f06f1e3ba325f73320fd50ff5ffe2c5 0 0 0 0 0 1
train_jpeg/6f5cf55fa62c8546dcf50b2bad2f4f5f 0 0 0 0 0 1
train_jpeg/6f81edf81b28c3834c758cba1a572e28 0 0 0 0 0 1
train_jpeg/6fae774d9d22fc4fa2b12972484bdb06 0 0 0 0 0 1
train_jpeg/6fb18f9632ac81de72e1970e26346f24 0 0 0 0 0 1
train_jpeg/6fb9945498b3eee49e1eee600e78e9a4 0 0 0 0 0 1
train_jpeg/7021edd61c6640c497c774e6ef61e491 0 0 0 0 0 0
train_jpeg/7037f2cc04e70b2e52c93ab38d10e19a 0 0 0 0 0 1
train_jpeg/708e9255eba0c7279a625e6eb817f6d7 0 0 0 0 0 1
train_jpeg/708f9651e9cab82bd82df3fe70b56592 0 0 0 0 0 1
train_jpeg/70974efd12b2fa311bb93cfaf45c8b9d 0 0 0 0 0 1
train_jpeg/70ae292359ad785182a9cd214c26892f 0 0 0 0 0 1
train_jpeg/70c23c32561c5b6f76ff0b89e07d4ab3 0 0 0 0 0 1
train_jpeg/70c57f59ed881d79ba9c1071b605c42f 0 0 0 0 0 1
train_jpeg/711be5f702077910eb3dc7190f692e8f 0 0 0 0 0 1
train_jpeg/723dab9b702a26b38d56a985f258ff2b 0 0 0 0 0 1
train_jpeg/7253800842122c9e6e95878b46008f54 0 0 0 0 0 0
train_jpeg/7289174aedeafd8204a5a63804507450 0 0 0 0 0 1
train_jpeg/730385a1bef22a73ad226cf58553eb94 0 0 0 0 0 1
train_jpeg/730ee58d327ab8bcdf8167683c71f565 0 0 0 0 0 1
train_jpeg/73461c12a3a579574df0723071c9d3b9 0 0 0 0 0 1
train_jpeg/7346308962a682d3671080d546e6fbdb 0 0 0 0 0 1
train_jpeg/7364d14935061616a0eb887bc6682f46 0 0 0 0 0 1
train_jpeg/7366d59e58387db1fa9d1bd9880ced13 0 0 0 0 0 1
train_jpeg/7433f75def4589a4eaaba2cc947af95a 0 0 0 0 0 1
train_jpeg/74abf05aac69d85d460df699e41a24d8 0 0 0 0 0 1
train_jpeg/753cffb90d19bf31ccd4b49388c40ff0 0 0 0 0 0 1
train_jpeg/756728bcb0238aed0175e8b4d26e7e7e 0 0 0 0 0 1
train_jpeg/75872e0bfed9c86c0029d914f5d03a46 0 0 0 0 0 1
train_jpeg/758ecebbb7d3da26eeadc428aafc991b 0 0 0 0 0 1
train_jpeg/7593231d642b5869a4974ffbc46adcab 0 0 0 0 0 1
train_jpeg/75bb589fb887060db918ff9b4e75744d 0 0 0 0 0 1
train_jpeg/75bfa455b272abe5205fa73695322558 0 0 0 0 0 1
train_jpeg/75c70312985c506280ee77675cc07a1e 0 0 0 0 0 1
train_jpeg/75d105d5f981ec7519b53a7a5a15d4b2 0 0 0 0 0 1
train_jpeg/75ec0ee63192335d1ec00e6b9ccab4fd 0 0 0 0 0 1
train_jpeg/75f07790506738b26f09b3a4cafda424 0 0 0 0 0 1
train_jpeg/760a877f8f42ca3e7729aca967e56b1f 0 0 0 0 0 1
train_jpeg/762d7c92fc97f018326c42e196fcedbf 0 0 0 0 0 1
train_jpeg/76339ec8c17dbcdd117914581cee59f5 1 0 0 0 0 0
train_jpeg/7656e7ba68d485fa06eec9ff84b1d5ce 0 0 0 0 0 1
train_jpeg/76bc5f4821d9fe7896330bdc06151b65 0 0 0 0 0 1
train_jpeg/76c39b1acee002408cc8956065ea105e 0 0 0 0 0 1
train_jpeg/76f31fc612e65b8eb12f222dc655e254 0 0 0 0 0 1
train_jpeg/76fb116b28162859a0d96dc0bdb28203 0 0 0 0 0 1
train_jpeg/77192a2343f2b1c0daae17b72219b050 0 0 0 0 0 1
train_jpeg/7731e2602ff496070a711a8c92ed9190 0 0 0 0 0 1
train_jpeg/77878b78f958b8cfbafb4da7130feaec 0 0 0 0 0 1
train_jpeg/77b13d39f6c20a45830c2a09659eb00a 0 0 0 0 0 1
train_jpeg/77d28cb8c9389bb3c62878f59e74f54e 0 0 0 0 0 1
train_jpeg/77e3309bc816385c8c6acedb3af3403d 0 0 0 0 0 1
train_jpeg/78715f56ef29b98a057715eaeed60228 0 0 0 0 0 1
train_jpeg/78b08d931b23d887b76c295d598e5206 0 0 0 0 0 1
train_jpeg/78b0f410d3a9bf128ec165190309a18c 0 0 0 0 0 1
train_jpeg/7936ada7b9cb7669825340ef407980e4 0 0 0 0 0 1
train_jpeg/793c5b4edfb03b51eb742cdf84702596 0 0 0 0 0 1
train_jpeg/79438af52cac55d30a87ef5be442f4de 0 0 0 0 0 1
train_jpeg/799ff06bd43bff816e5741acb0f30816 0 0 0 0 0 1
train_jpeg/79bd8310bd57dfd23d33bfe5b3cc81d3 0 0 0 0 0 0
train_jpeg/79dd9c3e2e935f422d0f5366d5169ed3 0 0 0 0 0 1
train_jpeg/79de04cf4fa83ad72fdaa6b5a829abdb 0 0 0 0 0 1
train_jpeg/79e7c75ba7fa306f9b3445ccad034fb1 0 0 0 0 0 1
train_jpeg/7ac1d89421035b48e47b4f1a1c970f4c 0 0 0 0 0 1
train_jpeg/7ac59121682ceee52113882e22577686 0 0 0 0 0 1
train_jpeg/7aced9c5d410a657c1f2f3dd9689711d 0 0 0 0 0 1
train_jpeg/7b403823ee9765c50c4f663e5126b235 0 0 0 0 0 1
train_jpeg/7b57e4a8887de70a56cd8e602de6ef81 0 0 0 0 0 1
train_jpeg/7b821f90210ba7eda5160549ba6138ff 0 0 0 0 0 1
train_jpeg/7b920bce891b25951301ec05abc9d36e 0 0 0 0 0 1
train_jpeg/7bee8aa7c75305b6231950b2a22f4356 0 0 0 0 0 1
train_jpeg/7bf1239aed87b5ac851b7bd81da924e9 0 0 0 0 0 1
train_jpeg/7bf27ddb13e3074551cd7caccb98cce9 0 0 0 0 0 1
train_jpeg/7c8d847576d1cf0c01a80cb13a2475d1 0 0 0 0 0 1
train_jpeg/7cc7c4ece7e23f3989ceb5ae26ac4e66 0 0 0 0 0 1
train_jpeg/7ccc4a3d0979aaafc7613f9d4c9c92b0 0 0 0 0 0 1
train_jpeg/7d06c9906257d557aa101e9c73cb10e6 0 0 0 0 0 1
train_jpeg/7d16d01782a0fc7e4558ead1a8d029dc 0 0 0 0 0 1
train_jpeg/7d5c70800f518f6584e25b2a88238a22 0 0 1 0 0 0
train_jpeg/7d70d04b04e27f763d7322fa7147ae5b 0 0 0 0 0 1
train_jpeg/7d746268923b15615c93334eff3a6baf 0 1 0 0 0 0
train_jpeg/7d76598892e30352a76248c958fd6219 0 0 0 0 0 1
train_jpeg/7d79935d14c5af1e9b9d0d414f3e65a1 0 0 0 0 0 1
train_jpeg/7d7ebec69dcf4ec6e88f58b8eaf4e4df 0 0 0 0 0 1
train_jpeg/7d99044b9f2dc42f674600c8139f0652 0 0 0 0 0 1
train_jpeg/7de5a65bcbdbad32dd198a88ea4a25e1 0 0 0 0 0 1
train_jpeg/7e1dfef82f07c334200f6bc1564fdb3a 0 0 0 0 0 1
train_jpeg/7e27268a3207b3c92b29380778076742 0 0 0 0 0 0
train_jpeg/7e31692c6e1768cb226f77376dcd4e82 0 0 0 0 0 1
train_jpeg/7e7413d3318ebe1228440563b5f570b8 0 0 0 0 0 1
train_jpeg/7ea1e4cded4ece38e3ffa27a3bf2e937 0 0 0 0 0 1
train_jpeg/7ea9c57f097d01834f29fa3d5c2849fa 0 0 0 0 0 1
train_jpeg/7ec1177a72b786ae2be31bddee000f93 0 0 0 0 0 1
train_jpeg/7ed418eaf9130964e29ecfae562a75e4 0 0 0 0 0 1
train_jpeg/7ef6d8502c67f3796e47355cbf13e046 0 0 0 0 0 1
train_jpeg/7f0d9559e81ae52e9d046609d419dca1 0 0 0 0 0 1
train_jpeg/7f0e7fd092953466e865203fac8ad201 0 0 0 0 0 1
train_jpeg/7f1ab64a12e1ecb30b80d4f5266c07d6 0 0 0 0 0 1
train_jpeg/7f8ca51aa5f8d0d80888d05a6b80475e 0 0 0 0 0 1
train_jpeg/7f8e7583dc56d91be3977f5ff49a1c61 0 0 0 0 0 1
train_jpeg/7f9b047f4a1e980363d5a9302d0a936b 0 0 0 0 0 1
train_jpeg/7f9e69cf8459eff4d01cd94bddd17c95 0 0 0 0 0 1
train_jpeg/7fccbf8d7cf537f74586ca8f1ab56fc1 0 0 0 0 0 0
train_jpeg/7feba6ffbc4f98d9d9c032a7ae477177 0 0 0 0 0 1
train_jpeg/7ff2bf9cde37a4224e94680ce1b7b828 0 0 0 0 0 1
train_jpeg/8010ca3580d86b532fe5f73ef9ff2c49 0 0 0 0 0 1
train_jpeg/80116e8bcbcaee5123226ea66638d8bc 0 0 0 0 0 1
train_jpeg/804638e9e4b21d90bf768b24a4ac1249 0 0 0 0 0 1
train_jpeg/80494023b09f661f00cca8ebaef860c2 0 0 0 0 0 1
train_jpeg/8098dc94fc5ba23973dae0e0912c0053 0 0 0 0 0 1
train_jpeg/80aa443cf88fc47ee04ba51888c78fc1 0 0 0 0 0 1
train_jpeg/80b62b3cd010cffd870e611d99593081 0 0 0 0 0 1
train_jpeg/80c4323662c296de12f4e9768fd8addf 0 0 0 0 0 1
train_jpeg/80ece1d25930da6f8fa85e3c9f79fbcf 0 0 0 0 0 1
train_jpeg/810491951571933b11959743e41a704b 1 0 0 0 0 0
train_jpeg/81168d3c9c2d0c5f4c036c12776634d5 0 0 0 0 0 1
train_jpeg/811cbe1980f67f2a98f182451cc5da99 0 0 0 0 0 1
train_jpeg/813556da2d2cf106da112829e2dc3d4c 0 0 0 0 0 1
train_jpeg/81703345656b74f04c38727c7b817735 0 0 0 0 0 1
train_jpeg/81926e991b8cfac176b5d10953675440 0 0 0 0 0 1
train_jpeg/819c130c4f0913a8b96b8fd858935c81 0 0 0 0 0 1
train_jpeg/81caf8f52f61ca62184dacab65649105 0 0 0 0 0 1
train_jpeg/81cd411b0c04890206277a524f968a6b 0 0 0 0 0 1
train_jpeg/825f962cc7bbbaeb7acb2a9120e6113d 0 0 0 0 0 1
train_jpeg/8273b02ab7701ea501d65e5f2b92585f 0 0 0 0 0 1
train_jpeg/82dda789847403a8544ad1e6928571bf 0 0 0 0 0 1
train_jpeg/82f987e8c28fe9a0d65491604e0d2a21 0 0 0 0 0 1
train_jpeg/82f9cc0e4e10aab95d3bcf30e881e47b 0 0 0 0 0 1
train_jpeg/835413c68fe1d065629f748ed4e67205 1 0 0 0 0 0
train_jpeg/8387908e191592ccf24bf9ef2c66c01e 0 0 0 0 0 1
train_jpeg/839b2311ffad9bdd9aa98c74aad6e251 0 0 0 0 0 1
train_jpeg/83a4cc2a92fc9da14488d0ab1a7e5321 0 0 0 0 0 1
train_jpeg/83b5a0edd3e244010d8dfcbb4c20d3b8 0 0 0 0 0 1
train_jpeg/83c30c1b04b487fb45a186aedcb8971d 0 0 0 0 0 1
train_jpeg/83d57f2f79eb523ed74fd010d3fb4f4d 0 0 0 0 0 1
train_jpeg/842382f14b9eeb1dcdd862e5372dad0d 0 0 0 0 0 1
train_jpeg/84242444166ae74f45003d228d9897c8 0 0 0 0 0 1
train_jpeg/842617f4f69fc13da1b7794555d8356a 0 0 0 0 0 1
train_jpeg/84547a6761681374285126a29b0b2941 0 0 0 0 0 1
train_jpeg/845a3c7468557044569c6e9965fb3cc2 0 0 0 0 0 1
train_jpeg/8481205d34f45d5f90cd889f2a980b49 0 0 0 0 0 1
train_jpeg/848a8f3f7a4d210c2ee4901b0e07369a 0 0 0 0 0 1
train_jpeg/84c87b7beb63b5b3ac76ed9da17c7033 0 0 0 0 1 0
train_jpeg/84e40e31ede36c012e3784591369d622 0 0 0 0 0 1
train_jpeg/84e9db691be943466b0c2087c840a129 0 0 0 0 0 1
train_jpeg/84eb3e8b282f648bbc43c356f058f24e 1 0 0 0 1 0
train_jpeg/84ed700e6e888795c5384f9e6550c0b2 0 0 0 0 0 1
train_jpeg/856b5a98ca275fb0b2e67be08efe1090 0 0 0 0 0 1
train_jpeg/85b4d2245736df99dd72eda3924b7dcf 0 0 0 0 0 1
train_jpeg/85cfc59f138f490784170dbaeb0112a7 0 0 0 1 0 0
train_jpeg/85d1b400cd6c4f2fcdb62e6d882a66aa 0 0 0 0 0 1
train_jpeg/861898cad64530858ed69396740268c8 0 0 0 0 0 1
train_jpeg/8626cbfd0205ec64b6fb89650aacabf0 0 0 0 0 0 1
train_jpeg/8660a855ed1132d223d928c2279fa4b5 0 0 0 0 0 1
train_jpeg/866dbe49745ba415cdf982849e49ac72 0 0 0 0 0 1
train_jpeg/868cb7333f19934d42a4a34e537fe7f5 0 0 0 0 0 1
train_jpeg/86984d1ecdd9e307ef38f06eada3e494 0 0 0 0 0 1
train_jpeg/86bd0cea376e57b1d04ec36ee55f0bed 0 0 0 0 0 1
train_jpeg/86f1a3f542e3cb98186b18322ed18b61 0 0 0 0 0 1
train_jpeg/873efd8425f855fb012c27db58c9a76a 0 0 0 0 0 1
train_jpeg/873fc048d8a429794f8d5675ed0638fb 0 0 0 0 0 1
train_jpeg/87582e6226d2bfd8eaeb07ba32def9a9 0 0 0 0 0 1
train_jpeg/875ffffa457e0a0aeb8a76872e3fc6d6 0 0 0 0 0 1
train_jpeg/8792fbc9ae43a6042ce8e012c2ab517f 0 0 0 0 0 1
train_jpeg/87a989904bd66047cb190d9575f4834e 0 0 0 0 0 1
train_jpeg/87c3cdf9d5dab832b01f2c94321e3130 0 0 0 0 0 1
train_jpeg/87cdaf89febbb38051b873e2ec170a2d 0 0 0 0 0 1
train_jpeg/8814fdcb765378b91dc124b3113e34d2 0 0 0 0 0 1
train_jpeg/882f88c8897c7e06e65cc59f10ff4c41 0 0 0 0 0 1
train_jpeg/8843bf18d7fc51c9389e414c28237333 0 0 0 0 0 1
train_jpeg/88586f316521440ba4ba0ece7d8627d7 0 0 0 0 0 1
train_jpeg/887b40329f30f5c0176620667da223a3 0 0 0 0 0 1
train_jpeg/88862186ca31f2a8e94a9c4906d10911 0 0 0 0 0 1
train_jpeg/88c814a309754c7abdb8cab5bc33756c 0 0 0 0 0 1
train_jpeg/88d426cc4eac97da6e32f5533597fb59 0 0 0 0 0 1
train_jpeg/88de72b27bd84ac9efcd9f7c813a7ed4 0 0 0 0 0 1
train_jpeg/88de7c70919681b1131860313fbb1208 0 0 0 0 0 1
train_jpeg/890c7efc23b2a23439c301dca707c33f 0 0 0 0 0 1
train_jpeg/89431ff737f91d37f64794633903a0f4 0 0 0 0 0 1
train_jpeg/898fa1a6cd5528a57b55465f0389aa96 0 0 0 0 0 1
train_jpeg/89a42d2cbb43c51f6541b17130f3c03e 0 0 0 0 0 1
train_jpeg/89bc071fbcf2be21ac659b213ee0f40d 0 0 0 0 0 1
train_jpeg/89fafdbd5c404f12355c3d13f165230f 0 0 0 0 0 1
train_jpeg/8a0c078a924f9edcdbd55f8f40cbc66c 0 0 0 0 0 1
train_jpeg/8a352d81c1b4c05e404eb34be4082022 0 0 0 0 0 1
train_jpeg/8a72ffa869927722e05660e3c0f79477 0 0 0 0 0 1
train_jpeg/8a8a9743760cf5d321e5fcbdd604f71f 0 0 0 0 0 1
train_jpeg/8acc83e610cc4023a05d0e963f74d46e 0 0 0 0 0 1
train_jpeg/8b0839b2cc2d11420e6cfbc46b5f0f87 0 0 0 0 0 1
train_jpeg/8b5b5f74e9a9f1c08ffc8015e26c84ab 0 0 0 0 0 1
train_jpeg/8bac2b75c86fcfd46a1dc55032449ffc 0 0 0 0 0 1
train_jpeg/8be157ed11fc1bb06d77637ae7da43bc 1 0 0 1 0 0
train_jpeg/8bf422b64e5a94fe9aeea8193e556c3f 0 0 0 0 0 1
train_jpeg/8c007345b5ecb028dadb49d96d8ea367 0 0 0 0 0 1
train_jpeg/8c44b7408d812e046b96606dd556fd08 0 0 0 0 0 1
train_jpeg/8c80dcd72f15fec04dd63b96972916f1 0 0 0 0 0 1
train_jpeg/8ce5061ba0f285cd7d2763473d94a2fc 0 0 0 0 0 1
train_jpeg/8ceb7a01369d1f273deb2879db8ad1d8 0 0 0 0 0 1
train_jpeg/8d06149da6d50089dbc4ef7e722fe8f1 0 0 0 0 0 1
train_jpeg/8d3515e042b9f3e1384e693e61d0cbd2 0 0 0 0 0 1
train_jpeg/8da02e5768e9450fe08639c0e0d39015 0 0 0 0 0 1
train_jpeg/8dbab6c69b784c72f31433cd70fb45ff 0 0 0 0 0 1
train_jpeg/8dc970b9549c5a8d043bdc9136fb07a9 0 0 0 0 0 1
train_jpeg/8e3006f8c3906fc969d4aa9aeb31f586 0 0 0 0 0 0
train_jpeg/8e488f665a7c5b87299de991ba38ac5a 0 0 0 0 0 1
train_jpeg/8e49cc23db589bc0acd59a8841128560 0 0 1 0 0 0
train_jpeg/8e4fbd703dcadb5ea09f09bbc7108e11 0 0 0 0 0 1
train_jpeg/8ed4976e3f507617cea65e8b068cbb1e 0 0 0 0 0 1
train_jpeg/8f49606aad864437f73d657712df64d1 0 0 0 0 0 1
train_jpeg/8f53904e77e3c20fc28a489d9737d973 0 0 0 0 0 1
train_jpeg/8f6bbe996b137b3608df517ba1404f0e 0 0 0 0 0 1
train_jpeg/8f90045aebf8ed0960242cf8441c7413 0 0 0 0 0 1
train_jpeg/8fd97ddca2c487df56953cff53d7c61a 0 0 0 0 0 1
train_jpeg/901d3c3375a1938dc760bb36e9408d5a 0 0 0 0 0 1
train_jpeg/9026f47a42aaf8c22c7161556f67c5b6 0 0 0 0 0 1
train_jpeg/9043e39c8e52843751e7cc9edc2c02e6 0 0 1 0 0 0
train_jpeg/9092294b64f0c5094798dde81e2b123b 0 0 0 0 0 1
train_jpeg/910e6bb0acb1c0b9156b4b7ae0dc752c 0 0 0 0 0 1
train_jpeg/9120a0510a95b14a2554cb6cd5319f00 1 0 0 0 0 0
train_jpeg/913386914d3d68400a45e88f7f2e8d4d 0 0 0 0 0 1
train_jpeg/91aa108182ceacfb0798d606eb77d417 1 0 0 0 0 0
train_jpeg/92013d304f90f55df3decf478c443e1f 0 0 0 0 0 1
train_jpeg/9221948427ee60025f687b4c3bfddba9 0 0 0 0 0 1
train_jpeg/92cc2be1500427075fed66385ea7dc97 0 0 0 0 0 1
train_jpeg/92cc30a7b5c2313edfdda6f35aaaeb3a 0 0 0 0 0 1
train_jpeg/92cf780d385732954fa44e37fab1711a 0 0 0 0 0 1
train_jpeg/92d03ead0a0cecc730f06deaf38ac44c 0 0 0 0 0 1
train_jpeg/92ea5983fa054b5ca1f6bf98971f61af 0 0 0 0 0 1
train_jpeg/92f0ebeda3513fae175185ecff6ecf0e 0 0 0 0 0 1
train_jpeg/937fa4dd4fcb43ab1d7e0516305a48dc 0 0 0 0 0 1
train_jpeg/938c334f4b35ca75b953f86378fe9975 0 0 0 0 0 1
train_jpeg/938d2fcf6e65f8b9f1489dd8ceab7ca8 0 0 0 0 0 1
train_jpeg/93cb971f3c5504f1362de4367f9199d1 0 0 0 0 0 0
train_jpeg/93dc4bee9e002edb102b9732c102724e 0 0 0 0 0 1
train_jpeg/94184add19d8fdcbdab4d93f101d4567 0 0 0 0 0 1
train_jpeg/945eb0f9c575a45a148e7e64f7cf402a 0 0 0 0 0 1
train_jpeg/9461f0417adb7494c8655031cb73febd 0 0 0 0 0 1
train_jpeg/94887c081f4be59d246c59170d05dfc6 0 0 0 0 0 1
train_jpeg/94c7099c9236965c8caaa5606f9dad25 0 0 0 0 0 1
train_jpeg/950b2740df1b14cd8091023dec5b0ab0 0 0 0 0 0 1
train_jpeg/951f37f1a2b9eeda8687588d6c1395f0 0 0 0 0 0 1
train_jpeg/9545ea18a65503344be5e3ecf86341f6 0 0 0 0 0 1
train_jpeg/954e88119b53f34c3b013905b94fc4fe 0 0 0 0 0 1
train_jpeg/955c561b6301bc98d02990faa70a5ec6 0 0 0 0 0 0
train_jpeg/95ff2398dc8a97bde3e44e0d57f29749 0 0 0 0 0 1
train_jpeg/96331146d9845ecb8a6ae3d15e3bf7bf 0 0 0 0 0 1
train_jpeg/9639e6b5d6391d119e959a65b6733c24 0 0 0 0 0 1
train_jpeg/96836e392ecca0df10f8aeac33db3c68 0 0 0 0 0 0
train_jpeg/96a1f3e3ab6a69eafae6f46b130432ec 0 0 0 0 0 1
train_jpeg/9709f93498e2b1d53bab7f4bb558d154 0 0 0 0 0 1
train_jpeg/971017a6e889f928612db963fff2034a 0 0 0 0 0 1
train_jpeg/9713e99a411c458e17f7f8ad8924c181 0 0 0 0 0 1
train_jpeg/974a9954001223aa95ce223e014f6f1f 0 0 0 0 0 1
train_jpeg/9757c977ba527a1ad244512136a52825 0 0 0 0 0 1
train_jpeg/977ffac5480e144c480bdad2412d3d58 0 0 0 0 0 1
train_jpeg/97cbef53fe25e40a55dfb40847d28ec0 0 0 0 0 0 1
train_jpeg/97f2532b23e896cc3fa4881b574616cd 0 0 0 0 0 1
train_jpeg/97fd11ea81a44af39e0f8bac372acb75 0 0 0 0 0 1
train_jpeg/983bb1fe3d1c3d009b4dbc470a2be49e 0 0 0 0 0 1
train_jpeg/9843055e2c23d2b8d620979a24d6ac2d 0 0 0 0 0 1
train_jpeg/9850d20ee4d2bf722154a90ae07ddff8 0 0 0 1 1 0
train_jpeg/985be77c13eb905ee8e19a45e46ab785 1 0 0 0 0 0
train_jpeg/987217d6c54484533dc62bbcbc98c726 0 0 0 0 0 1
train_jpeg/9894680ab449c562b30df83ee3faa9de 0 0 0 0 0 1
train_jpeg/98a03f67fa1ac60db313bbd9a09d01ec 0 0 0 0 0 1
train_jpeg/99117992763c2f3150e5688c77b518e6 0 0 0 0 0 1
train_jpeg/992f66595e0c21609287c0023b2c721c 0 0 0 0 0 1
train_jpeg/9982d43a326a182bce905a72a7a79af8 0 0 0 0 0 1
train_jpeg/99c9f80ddc48480a4562f47530a6b573 0 0 0 0 0 1
train_jpeg/99e893102cae18f29f3a19e6bf335150 0 0 0 0 0 1
train_jpeg/9a0a228ce804b769d394f82d12d6f37e 0 0 0 0 0 1
train_jpeg/9a1c0f6eefac85c2202f2d79fa23e9b7 0 0 0 0 0 1
train_jpeg/9a515577750417b5e6d096b6ae16880e 0 0 0 0 0 1
train_jpeg/9a896e0b230f590251ce2b5149cf241a 0 0 0 0 0 1
train_jpeg/9af65ea325823abe3267759d885d28a2 0 0 0 0 0 1
train_jpeg/9afff561bc73077fdbbcb1dbe817d112 0 0 0 0 0 1
train_jpeg/9b3c46e22c6d7280065ddeaf9230d730 0 0 0 0 0 1
train_jpeg/9b76f5ad4a5fb378274c64230db6ff30 0 0 0 0 0 1
train_jpeg/9b9f90f821bd4dabcfd09f88d53b7edd 0 0 0 0 0 1
train_jpeg/9bd05fa83f79de378ecfe3ca14e64bbb 0 0 0 0 0 1
train_jpeg/9bea5cf45dd01f201a57783067925543 0 0 0 0 0 1
train_jpeg/9bec6028a3cc222ea65a170776a82546 0 0 0 0 0 1
train_jpeg/9c442dd90183b3bdfc38a3f81845658f 0 0 0 0 0 1
train_jpeg/9c6ef524f6e29ace53a1a9b60f6186e6 0 0 0 0 0 1
train_jpeg/9c78d6489c0e8689f4461c064ca35249 0 0 0 0 0 1
train_jpeg/9c89004f6827ca42cc151098ce8bd986 0 0 0 0 0 0
train_jpeg/9c99d72caeb30147e6b641b11fd65fc5 0 0 0 0 0 1
train_jpeg/9ca34f0aba12135845cac8922ffae83d 0 0 0 0 0 1
train_jpeg/9ca6f4d20348cea6a7efa90deeff2639 0 0 0 0 0 0
train_jpeg/9cacc0c4336366d74bdd322c71c68327 0 0 0 0 0 1
train_jpeg/9cced2a2bc4300696621c357650b8d3f 0 0 0 0 0 1
train_jpeg/9ce6a1e4d900f5bea08546e46179dbe2 0 0 0 0 0 1
train_jpeg/9d46209b17ae9d14fcc7039796d05e6f 0 0 0 0 0 1
train_jpeg/9d64d7f0326c7c9bd9766b7ac4d654c1 0 0 0 0 0 1
train_jpeg/9d7593d2ecec04359396db7bef01e710 0 0 0 0 0 1
train_jpeg/9d8e7ffa84979cbbe37207fe6445a903 0 0 0 0 0 1
train_jpeg/9dc06dc651df290e2f3cd30ac1513c7e 0 0 0 0 0 1
train_jpeg/9de53ac168516aa1a9cc5a36733a3426 0 0 0 0 0 1
train_jpeg/9df823bdb8130ffcea2bee7544a0db94 0 0 0 0 1 0
train_jpeg/9dfc43540dcc14c590f69ef03faf1f26 0 0 0 0 0 1
train_jpeg/9e4494bb24faf76970a1116cda4da0fc 0 0 0 0 0 1
train_jpeg/9e4f8b07c7cfc2e3be4481e8f3507108 0 0 0 0 0 1
train_jpeg/9e83685b659621945abb3edbd792cf0b 0 0 0 0 0 1
train_jpeg/9e9cc9d084546cb6d7f7ddba63411a81 0 0 0 1 1 0
train_jpeg/9ea208ca834a15b0c0f43cde77e61927 0 0 0 0 0 1
train_jpeg/9ebc7b71e7193d7c02ee08f7d63a564f 0 0 0 0 0 1
train_jpeg/9ec5a91797fac442a7da731091b9303c 0 0 0 0 0 1
train_jpeg/9ef3da0f8675575915ce438d90115fb2 0 0 0 0 0 1
train_jpeg/9f07e60e794aa839e814e8b9c1243443 0 0 0 0 0 1
train_jpeg/9f1098918ff33eda5b10805f54aad269 0 0 0 0 0 1
train_jpeg/9f4cf94c0c29ccded84379b0792453f3 0 0 0 0 0 1
train_jpeg/9f9540fc6cacfafb232878e33ce1d8e3 0 0 0 0 0 1
train_jpeg/9fa0871929790043784f5d9aefe7f313 0 0 0 0 0 1
train_jpeg/9fc583b82b23ec8adb680d4fa2a6ba93 0 0 0 0 0 1
train_jpeg/9fcac0e95f66d088f699258ebec37c9e 0 0 0 0 0 1
train_jpeg/9fd12d311ea007b2cd5b6f0973dbc6de 0 0 0 0 1 0
train_jpeg/9fe9ad7f90d3f661763e9f96d95c1a56 0 0 0 0 0 1
train_jpeg/a0192049f3bf7fc5eda0246551e442ae 0 0 0 0 0 1
train_jpeg/a0321542b6089703f2304ff25ff083ad 0 0 0 0 0 1
train_jpeg/a04461580fbcff37fe7eb38e975ac1fa 0 0 0 0 0 1
train_jpeg/a05d02bcf44861404c6aa8e020e5de0e 0 0 0 0 0 1
train_jpeg/a08205e66471295150b3a9a61cd7f3ed 0 0 0 0 0 1
train_jpeg/a0af09ebd6ae1c8b35ae81f0a4547080 0 0 0 0 0 1
train_jpeg/a0af7d64eecad23a41730cef8dbf2f11 0 0 0 0 0 1
train_jpeg/a12554c9f517988ff13af601fba22cdb 0 0 0 0 0 1
train_jpeg/a126b862106115c95d0c28029d08e8cc 0 0 0 0 0 1
train_jpeg/a152a5614c24d7f009cc6a3f5e1762aa 0 0 0 0 0 1
train_jpeg/a17702ec12293392073a23a4eec7ddf4 0 0 0 0 0 1
train_jpeg/a18dee563cbdaa4a85594968f8678b84 0 0 0 0 0 1
train_jpeg/a1a8535d6f44ee3d72a0f64b2555546d 0 0 0 0 0 1
train_jpeg/a1e8167621dbbff8f8bf5714e43fd188 0 1 0 0 0 0
train_jpeg/a1f50fad23e62e8fff2a5fdc2790a766 0 0 0 0 0 1
train_jpeg/a2415b9e3ea7fa21a20c30ba1cb2565b 0 0 0 0 0 1
train_jpeg/a2559fedc9eb8803156cdd78c0d6e62e 0 0 0 0 0 1
train_jpeg/a29b4315c292de2875aa7d5c4a01bc5d 0 0 0 0 0 1
train_jpeg/a2e5bde098e11d93708b1a8259c0fe01 0 0 0 0 0 1
train_jpeg/a3008ac0538678bc6ea3453fb0880bd2 0 0 0 0 0 1
train_jpeg/a305cc27ac9afe19b9873329b373fcf0 0 0 0 0 0 1
train_jpeg/a308e7b835f84d8b94cfd207e6e9b19f 0 0 0 0 0 1
train_jpeg/a33bfa55617af48bde1b1aa517a307b7 0 0 0 0 0 1
train_jpeg/a33cd2473556d2cdfd77ba3d2fa78349 0 0 0 0 1 0
train_jpeg/a341ed51756547e8d43f052b7994d0ec 0 0 0 0 0 0
train_jpeg/a3505263b75023b90b3bfcc7524d6310 0 0 0 0 0 1
train_jpeg/a38ada10a292b712c0e0dc2ac01668ee 0 0 0 0 0 1
train_jpeg/a3ab9e6b821041434b9a0955bd3f191d 0 0 0 0 0 1
train_jpeg/a3c14e9849589c82d4d7cbe592b3136d 0 0 0 0 0 1
train_jpeg/a3cc87890d8f16a5bb6df4dc384d2e3c 0 0 0 0 0 1
train_jpeg/a3d0584454ba83eb250d992fff249d96 0 0 0 0 0 1
train_jpeg/a3e59ba8d8ef9b10e5bca535dff74591 0 0 0 0 0 1
train_jpeg/a40005597b3bc65839f2b3fc7bb8d054 0 0 0 0 0 1
train_jpeg/a40bab0e3bf49536441809cc8d03cbce 0 0 0 0 0 1
train_jpeg/a49735a0751f492444147a7223ae599e 0 0 0 0 0 1
train_jpeg/a4d12767ad7e7d0be5dcc4522a23e7bd 0 0 0 0 0 1
train_jpeg/a4f40c4718e772c3c4386dcf734dffab 0 0 0 0 0 1
train_jpeg/a55fc773adf926e2a04122ef68ed50cb 0 0 0 0 0 1
train_jpeg/a561db26fb599aa9b36ea4c3f34cfa8e 0 0 0 0 0 1
train_jpeg/a5c289616526766229b13f1b6fd4417c 0 0 0 0 0 1
train_jpeg/a5d73879f5982de6f0d60c9cb3c7bc8f 0 0 0 0 0 1
train_jpeg/a5dd0a76a5253cbd34b9365c78e44110 1 0 0 0 0 0
train_jpeg/a5dedc7c9068f198257a7afdf0d15947 0 0 0 0 0 1
train_jpeg/a5fa78262506164ef6e8e4125aa1be5f 0 0 0 0 0 1
train_jpeg/a60c0d6e2b6a3df21b8560ebbc645ba5 0 0 0 0 0 1
train_jpeg/a64fc5cd6dcfe7e66a5b64f0b313cfa3 0 0 0 0 0 1
train_jpeg/a673256f7b975e11bf89dbb29f4565b9 0 0 0 0 0 1
train_jpeg/a674ebdac474ce9c92552027e51d1d9b 0 0 0 0 0 1
train_jpeg/a6842924ead8dcf7ed990f600c0db137 0 0 0 0 0 1
train_jpeg/a6b0aa30513d283981609465d2b9fd9a 0 0 0 0 0 1
train_jpeg/a6c61605383b3450b50875697136f5f9 0 0 0 0 0 1
train_jpeg/a74467045836dd130c7ee24b84a6121f 0 0 0 0 0 1
train_jpeg/a762d86c37354288cbee2a68d3f7fd10 0 0 0 0 0 1
train_jpeg/a7636b14b718140d3e75a0e679fe496f 0 0 0 0 0 1
train_jpeg/a77b9748a490aff9f786fe7f5eedcc0c 0 0 0 0 0 1
train_jpeg/a7b7907cb8643cf431677e6163943ab4 0 0 0 0 0 1
train_jpeg/a7baab79a065319669ecaf61adf1062e 0 0 0 0 0 1
train_jpeg/a7bba955cdf410ec6da045191a8c056c 0 0 0 0 0 1
train_jpeg/a83affb76f04a1d29fa967e6ef3c4bcd 0 0 0 0 0 1
train_jpeg/a84fae30f42f9978cfd9fcaf91544792 0 0 0 0 0 1
train_jpeg/a88723a90690bce470792e308105a063 0 0 0 0 0 1
train_jpeg/a89c3ff3f55569369e8b6e8e9bd898f1 0 0 0 0 0 1
train_jpeg/a931e0bd35e2994665b8670e5a91cb1f 0 0 0 0 0 1
train_jpeg/a9519035bae20b2267b38445724221a2 0 0 0 0 0 1
train_jpeg/a98bf3259fda4941663b88ff1efc7625 0 0 0 0 0 1
train_jpeg/a99cfb1b3656aebf65574bb50653273f 0 0 0 0 0 1
train_jpeg/a9a6bf274ba2b962b680c62b610a3c32 0 0 0 0 0 1
train_jpeg/a9cc2f2d386fc3de3d20da289cdce689 0 0 0 1 1 0
train_jpeg/a9d2143ca3ca4db3ec9fd46db3085208 0 0 0 0 0 1
train_jpeg/aa0202259a3cba71d0e72468e2d9c3e2 0 0 0 0 0 1
train_jpeg/aa3ed03e871e760ea3e824ce77498c75 0 0 0 0 0 1
train_jpeg/aa44934f57cbec8cfcbdd1be1828d97a 0 0 0 0 0 1
train_jpeg/aa95074ff365c4d60210bed08e92fc23 0 0 0 0 0 1
train_jpeg/aa974c2b6ea5fcf05bab269a9c9d4437 0 0 0 0 0 0
train_jpeg/aaa6b4c3a26881de53a602686940b4e1 0 0 0 0 0 1
train_jpeg/aac144daa37a312e2c919bc803b0538f 0 0 0 0 0 1
train_jpeg/aaeb1dc488bcadea5a0861e50063ab98 0 0 0 0 0 1
train_jpeg/ab1b2498d8770cdc4e45374618612fa3 0 0 0 0 0 1
train_jpeg/ab30f3ecc67b3425b1a12869b7647ac7 0 0 0 0 0 1
train_jpeg/abab4d5b7f2ce6b250b666b53fec3e2e 0 0 0 0 0 1
train_jpeg/abc391a77ac9c66e2c6272331c329764 0 0 0 0 0 1
train_jpeg/abc4b79db99cd7f87b59ae2ad55c169f 0 0 0 0 0 1
train_jpeg/abdc33338a055571bf9fae0f09eb0bd5 0 0 0 0 0 1
train_jpeg/ac023841616ad1f665c0ce60ba5ed7b5 0 0 0 0 0 1
train_jpeg/ac30ed2b98e5549a216a3b45aa0c86b2 0 0 0 0 0 1
train_jpeg/ac8ab1b46874eda6380c8bf63f849f81 0 0 0 0 0 1
train_jpeg/aca6c386b330437c2dcc29551f7d25d8 0 0 0 0 0 1
train_jpeg/acc683e2a47d5d1a475ef4f0c1c4fe05 0 0 0 0 0 1
train_jpeg/accf807dedb51bfa05094333dd0b4ae6 0 0 0 0 0 1
train_jpeg/acf43f7566b4f7b9fa28c839a48f9d61 0 0 0 0 0 1
train_jpeg/ad0fae23cb517dbc4c7c1038996b08f2 0 0 0 0 0 1
train_jpeg/ad15f44fa6a2c4e84ec0db08e47d1482 0 0 0 0 0 1
train_jpeg/ad2419105cc4860128812a0718a61aff 0 0 0 0 0 1
train_jpeg/ad38cbf4a2b1e6fcbbb9d78fb513788c 0 0 0 0 0 1
train_jpeg/ad5d2e0ed81b05f691e20a1a2582627e 0 0 0 0 0 1
train_jpeg/ad66bf1e8e79d388e8a49d600b6cc34b 0 0 0 0 0 1
train_jpeg/ad7509d83d7cb53bd2f1f0081372af0b 0 0 0 0 0 1
train_jpeg/addf6c497e75fe3fe155536ce2b749c8 0 0 0 0 0 1
train_jpeg/adf8a1d8d07bd776d7ec5b21574326b9 0 0 0 0 0 1
train_jpeg/ae27391445a96f7c1cab7e2269ff962a 0 0 0 0 0 1
train_jpeg/ae7b53264e15eb70be99f742a591e705 0 0 0 0 0 1
train_jpeg/aee18e85b5917368d27148231ebe8b60 0 0 0 0 0 1
train_jpeg/af15833e946fa12ce1815ffbb05a2f51 0 0 0 0 0 1
train_jpeg/af218542c3b79c55efc30ad23392695b 0 0 0 0 0 1
train_jpeg/af3c6180a462e8106dd49aa58432a7d5 0 0 0 0 0 1
train_jpeg/af500ca6d56045b3f0fc2d8c4d9a2439 0 0 0 0 0 1
train_jpeg/af6b84ed28eca2c84133ab814d98743e 0 0 0 0 0 1
train_jpeg/af72df4fed0840069895f6a308724101 0 0 0 0 0 1
train_jpeg/afc724adc12c213b3e5f7cf6f9ea3a94 0 0 0 0 0 1
train_jpeg/afcd69673091136cc76bbf0bf6ec1ddc 0 0 0 0 0 1
train_jpeg/aff9b5fa191d69543827088db17e6aa8 0 0 0 0 0 1
train_jpeg/b02ba01faa0de8e8f8fef2487923b42c 0 0 0 0 0 1
train_jpeg/b0bef1b57611726c4b0c636264fe5061 0 0 0 0 0 0
train_jpeg/b107d65f0d34e374018804bfc7c78065 0 0 0 0 0 1
train_jpeg/b12061bf52b1440df272f8d83ed6aa10 0 0 0 0 0 1
train_jpeg/b12ed6fd6e85feb30e9fe3bdb0745a62 0 0 0 0 0 1
train_jpeg/b1aca5f95239f094040863a9052cbb88 0 0 0 0 0 1
train_jpeg/b1d91f35ae0878e9ac830ccf817dd478 0 0 0 0 0 1
train_jpeg/b22e2c0dc16c4a5a626498500ab9ff73 0 0 0 0 0 1
train_jpeg/b243e259b42195169f852d16c098e2bf 0 0 0 0 0 1
train_jpeg/b276829738d95b883de85328c278f158 0 0 0 0 0 1
train_jpeg/b2d0f276873680680cd8193524a3f124 0 0 0 0 0 1
train_jpeg/b2df3c7adbabc1dfe92f13bc9ba744ef 0 0 0 0 0 1
train_jpeg/b2f119b4b46c8ca128b1287762d51fed 0 0 0 0 0 1
train_jpeg/b31653be8e7a18487acbed2f8260c5ef 0 0 0 0 0 1
train_jpeg/b33cfdb38fe05829eab57a8478f6577c 0 0 0 0 0 1
train_jpeg/b35f8533b566e37d0b23a08d55219ef2 0 0 0 0 0 1
train_jpeg/b369bab818248a8f8df4ddf5fce57537 0 0 0 0 0 1
train_jpeg/b37f802a65284d671670bc0d8229ef4b 0 0 0 0 0 1
train_jpeg/b39766eebb3128e9d7614eeb12a8572d 0 0 0 0 0 1
train_jpeg/b3c2272bc118aea4ddac51463090d75e 0 0 0 0 0 1
train_jpeg/b3ed6fe9763f5d42da7cb8f5c045d160 0 0 0 0 0 1
train_jpeg/b42c22d609a089773578202c116a4c7e 0 0 0 0 0 1
train_jpeg/b449953750213bffd341b4ddede8a12a 0 0 0 0 0 1
train_jpeg/b454db9e812e8760ae3dc1f39f5cb5d2 0 0 0 0 0 1
train_jpeg/b4b3ad8d92a1b00a29552fbccad93003 0 0 0 0 0 1
train_jpeg/b4eb5760719ce078b1c65c3592b43fd0 0 0 0 0 0 1
train_jpeg/b5351b37d8d3944228ff46e9cc7139a4 0 0 0 0 0 1
train_jpeg/b553adeef08d1fae501dab49c84cac9f 0 0 0 0 0 1
train_jpeg/b5a22ed415afc3a25ec05949305ec2eb 0 0 0 0 0 1
train_jpeg/b5d4d4a70e40f8ea5d08d87a48007e2c 0 0 0 0 0 1
train_jpeg/b5feaf0435154804d860743fcee0410e 0 0 0 0 0 1
train_jpeg/b6102ccb7912b42bd52d9cfec3e36506 0 0 0 0 0 1
train_jpeg/b62207f9f70c0463155f5b6bb9c8e67f 0 0 0 0 0 1
train_jpeg/b649709e399f4ee636dec128f3122ffe 0 0 0 0 0 1
train_jpeg/b697b05804ad72848855b69781acf2eb 0 0 0 0 0 1
train_jpeg/b6a1fb44485f487ebc255f3bfa700ef5 0 0 0 0 0 1
train_jpeg/b6b5e7a80a8caf01b7721d63ae0551be 0 0 0 0 0 1
train_jpeg/b6cc4831c033f204cdc1a81f821c6f77 0 0 0 0 0 1
train_jpeg/b6d5de15875d9977afb9e63ca1b00cf6 0 0 0 0 0 1
train_jpeg/b6e8a7b9f250bd2f9891884a9b8eda18 0 0 0 0 0 1
train_jpeg/b6f4abe4d21f1e44827e26f640f626bc 0 0 0 0 0 1
train_jpeg/b70e768f4383a21290d3e841ca47b2a9 0 0 0 0 0 1
train_jpeg/b76ad070314f34864342db8c2d19a6fd 0 0 0 0 0 1
train_jpeg/b76de5eed16c8ecbb5c3bdc72f334258 0 0 0 0 0 1
train_jpeg/b7c2310d1b1f98c1bb88789595d78613 0 0 0 0 0 1
train_jpeg/b7d5481c5e55226faf15accc515f1bce 0 0 0 0 0 1
train_jpeg/b7eab35e9770936663a46519b12e52d0 0 0 0 0 0 1
train_jpeg/b7f02e21d1b1212f54a14f4e937c508c 0 0 0 0 0 1
train_jpeg/b809bc79ed36a280bbf206bb26b0017b 0 0 0 0 0 1
train_jpeg/b80bc0fd0c5ecbbcb79fa0678fffcab4 0 0 0 0 0 1
train_jpeg/b828c324e8a67810b0d360cf54b93525 0 0 0 0 0 1
train_jpeg/b8322e1a06179954c5b5f5ed05083c05 0 0 0 0 0 1
train_jpeg/b837709dad0c0c3bcf9dad02e80c8d16 0 0 0 0 0 1
train_jpeg/b84f3ca1815191737e4e635dc93d124a 0 0 0 0 0 1
train_jpeg/b8d56d0b4e05be0d8563b5c848437f07 0 0 0 0 0 1
train_jpeg/b8d8470fb67dc1d98821a706a3c0ae18 0 0 0 0 0 1
train_jpeg/b934eceb5d64cfbe4ffe98374e0fc34d 0 0 0 0 0 1
train_jpeg/b983df2bfe85c2fa1bea07adc21156fe 0 0 0 0 0 1
train_jpeg/b9934412fb2dea98c5d55d2f0c5b8c27 0 0 0 0 0 1
train_jpeg/b9dcdf502ae1e01ef2ddf1a850321f6d 0 0 0 0 0 1
train_jpeg/ba01c6d8d20afadbe2936c2c18924e19 0 0 0 0 0 1
train_jpeg/ba21bf09e567083678ffd9fbdc40bbfd 0 0 0 0 0 1
train_jpeg/ba41b26598203c57eb638eb281e54ea3 0 0 0 0 0 1
train_jpeg/ba62176d342518adc0cc93933ba6050a 0 0 0 0 0 1
train_jpeg/bacf76976dff64f707ced998bda67b43 0 0 0 0 0 1
train_jpeg/bb529448c14de6614a21af26b38cd617 0 0 0 0 0 1
train_jpeg/bbd7b455bf2a125a7c438382cef11161 0 0 0 0 0 1
train_jpeg/bbddec90a8d4ed86861978fb09267338 0 0 0 0 0 1
train_jpeg/bbe03119e84db17f2cd765321e63ac8d 0 0 0 0 0 1
train_jpeg/bbf7e1f98708b3e698b20b788bc7aeb4 0 0 0 0 0 1
train_jpeg/bc1ea629af3708b8aa54d8fd5ade64f5 0 0 0 0 0 1
train_jpeg/bc2c59e4dd1f6407c2bc945c2023bf0b 0 0 0 0 0 1
train_jpeg/bc2dc82aec566bf1a3e58efcb7dfcf51 0 0 0 0 0 1
train_jpeg/bc534c841ebd146227b04d12e5078097 0 0 0 0 0 1
train_jpeg/bc578a3cd54d394be32d4c1742f08f49 0 0 0 0 0 1
train_jpeg/bcad73b36d8e807373b5cdd184ced763 0 0 0 0 0 1
train_jpeg/bcd6cd9307ee7945c1abc475aac46f86 0 0 0 0 0 1
train_jpeg/bcea3ebf4c42179b2c8789e8682a5e9c 0 0 0 0 0 1
train_jpeg/bcfc0cff94763e41ce12a7e01645de1b 0 0 0 0 0 1
train_jpeg/bd1aeb3b9a96232d36037a08070a2149 0 0 0 0 0 1
train_jpeg/bd3ff7e8f31f24ede44814c073da5432 0 0 0 0 0 1
train_jpeg/bd4cb51fc33887793d60025c2271b413 0 0 0 0 0 1
train_jpeg/bd797642567d40f2ad51baddcaef6838 0 0 0 0 0 1
train_jpeg/bd7dc30492e43b361521ffe3478050fb 0 0 0 0 0 1
train_jpeg/bd8c7589043ee4023f4c7df4b4b83249 0 0 0 0 0 1
train_jpeg/bd955417a3ab5c46ea2d4b77f7d159b2 0 0 0 0 0 1
train_jpeg/bdd038e7e5e70d4f36d44142fc17e14e 0 0 0 0 0 1
train_jpeg/bdde108a7d024a734cdbed2952f64fe1 0 0 0 1 0 0
train_jpeg/bdf73c351e84ed77310bdd69c7cfa220 0 0 0 0 0 1
train_jpeg/be5348ab7e578f06a773184754de816a 0 0 0 0 0 1
train_jpeg/be6b07923e33b791410d42b507c4eeae 0 0 0 0 0 1
train_jpeg/beb81be7f3b55d47fa70e7972c9dc9e1 0 0 0 0 0 1
train_jpeg/bed92eb6f05d1e8a39ad62dee410a1b1 0 0 0 0 0 1
train_jpeg/bee4980465446310121cc2406bcf43fe 0 0 0 0 0 1
train_jpeg/bf0f872ccba6d521fd1dbe4e55903cac 0 0 0 0 0 1
train_jpeg/bf11e636d1e0d4c9813fdd8dfd24a4c0 0 0 0 0 0 1
train_jpeg/bf2d58a3c9cfa9f23bd74560e1cfe687 0 0 0 0 0 1
train_jpeg/bf306589c4d55e80e4471bc50ea974de 0 0 0 0 0 1
train_jpeg/bf4f2f5be13ba81703d12f37593a2352 0 0 0 0 0 1
train_jpeg/bf9497075e540a85c7cd0140974e9dd5 0 0 0 0 0 1
train_jpeg/bfb480e5cef73e189be3aea38cc54728 0 0 0 0 0 1
train_jpeg/c002429d774966eacca0e2413295040b 0 0 0 0 0 1
train_jpeg/c01011537715b0857c86240cb7fa9521 0 0 0 0 0 1
train_jpeg/c03d5db421ebebd645116dcac6a9fc50 0 0 0 0 0 1
train_jpeg/c05d9cb1afa188530a03e514df4d6696 0 0 0 0 0 1
train_jpeg/c09174bbcffe5fd5f6b2306aeaf27c2c 0 0 0 0 0 1
train_jpeg/c0a9e376561290a4baf916583ac0542a 0 0 0 0 0 1
train_jpeg/c0d736b9fa7c3e3c7c6bd4189c3f131e 0 0 0 0 0 1
train_jpeg/c1055f06efc1998f3762ca21e9fe5e6f 0 0 0 0 0 1
train_jpeg/c14b94a6ebfb3a4b828bd71537f682c7 0 0 0 0 0 0
train_jpeg/c15780a1800258280c80ab54047af86b 0 0 0 0 0 1
train_jpeg/c1b56c6b38aa09f0f32f0605deb5a240 0 0 0 0 0 1
train_jpeg/c1c713b330b2cca01963d73ccb294de9 0 0 0 0 0 1
train_jpeg/c1c9528727dd016bad131ff8c3863774 0 0 0 0 0 0
train_jpeg/c1f08438b014f0b3f2b61fd39df9c881 0 0 0 0 0 1
train_jpeg/c201c69926e59f0c1dfeeeb8365ff05a 1 1 0 0 0 0
train_jpeg/c20ef53ae3bb3763037d2cd547520c62 0 0 0 0 0 1
train_jpeg/c226506322e0c39e0eac2007e559d967 0 0 0 0 0 1
train_jpeg/c24b97ff38cda0fd9d1936a235a9bccb 0 0 0 0 0 1
train_jpeg/c25370b989806c860e4f2025a7ecefbe 0 0 0 0 0 1
train_jpeg/c25f2a0789c2f0712f6ae0413a704013 0 0 0 0 0 1
train_jpeg/c27309d9a3da6749da0e6bd6dff5369c 0 0 0 0 0 1
train_jpeg/c27f709d67e4efcf04157036c6195c75 0 0 0 0 0 1
train_jpeg/c29cec7b8f63ab34b1c88153b3efd4df 0 0 0 0 0 1
train_jpeg/c323203fff69b129f3aadbf66dada2cd 0 0 0 0 0 1
train_jpeg/c36dafa1ed22b81682dbbd30a6dd0b32 0 0 0 0 0 1
train_jpeg/c37f4299ccdb6dbd2e8e4ae100031056 0 0 0 0 0 1
train_jpeg/c3c471f12603c738471f018545d52b11 0 0 0 0 0 1
train_jpeg/c40efde4da3c59ef506a9138b5fb3f5f 0 0 0 0 0 1
train_jpeg/c41f9e2dd4f6b5524d93b3229085b26c 0 0 0 0 0 1
train_jpeg/c43e5cf3cc8497dd25fa7bcdf88b3e73 0 0 0 0 0 1
train_jpeg/c45c9792150390265b6d1f0588aee22c 0 0 0 0 0 1
train_jpeg/c46e0dbfd694845155ed16763e938887 0 0 0 0 0 1
train_jpeg/c4a55aaea43e10f94b1c499d16b63473 0 0 0 0 0 1
train_jpeg/c4b7716467a0e8cf4f76c68dbca0a3bd 0 0 0 0 0 1
train_jpeg/c5a01b193b0a3ee49e5e2c96ee7563bc 0 0 0 0 0 1
train_jpeg/c5a2d304e873eac4bb492a767b357f40 0 0 0 0 0 1
train_jpeg/c5aa9d492605510ce5fc2403df57cd6a 0 0 0 0 0 0
train_jpeg/c5b91a5da65cbe88cd0e7c27b49cebde 0 0 0 0 0 1
train_jpeg/c611c82f7f180affd38ac971f3bfdac3 0 0 0 0 0 1
train_jpeg/c614c95164f4c80a49225286db04cf33 0 0 0 0 0 1
train_jpeg/c68fcaf24e125985f44e60be858f5654 0 0 0 0 0 1
train_jpeg/c6a515beec067c14ff02fc230c94ca89 0 0 0 0 0 1
train_jpeg/c720af678e1925d7c499f5a127c2c292 0 0 0 0 0 1
train_jpeg/c732bac2d377365788676148636994f4 0 0 0 0 0 1
train_jpeg/c738b869da1f73f9e5d89832e6b4f5bd 0 0 0 0 0 1
train_jpeg/c76d814a3b9401891fd35b7027891f2b 0 0 0 0 0 1
train_jpeg/c76f352a04d9506b6c7108837cf13894 0 0 0 0 0 1
train_jpeg/c7a03a292d749dd79fcabd033a379a39 0 0 0 0 0 1
train_jpeg/c7afdce95181c731e79f72d4ad6d4447 0 0 0 0 0 0
train_jpeg/c830bfa2f244f63cf2ded1ec5bd4dc40 0 0 0 0 0 1
train_jpeg/c8623f6f7222da4f76be1d6ab830f7fb 0 0 0 0 0 1
train_jpeg/c868d346be870f50222391996533cdb1 0 0 0 0 0 1
train_jpeg/c879d5119cc393dc2af6a5fcf861007f 0 0 0 0 0 1
train_jpeg/c8ccceee98fe70bbf400a694c93a9fbf 0 0 0 0 0 1
train_jpeg/c8f5a0b9ed2f25e3a220c7b3d97f29f3 0 0 0 0 0 1
train_jpeg/c93a3276cdcbb85d7804a7280af37939 0 0 0 0 0 1
train_jpeg/c94cbb3b5600861cf82b4a406300b4c5 0 0 0 0 0 1
train_jpeg/c95359f0c33d3992b83edd0880e531f3 0 0 0 0 0 1
train_jpeg/c9ab0417e432df9f26a815c5bb45a5be 0 0 0 0 0 1
train_jpeg/c9bb8d5267ac8eff9fee019c0463ea0d 0 0 0 0 0 1
train_jpeg/ca0b4436113ffbfc5dc34f3f7cd206f9 0 0 0 0 0 1
train_jpeg/ca2f7614284d6bd9b78b6b9117c24261 0 0 0 0 0 1
train_jpeg/ca43a7cae1f4b3d62ffc778b33b65011 0 0 0 0 0 1
train_jpeg/ca527d7c532ec5810f5b73ab2ff7170a 0 0 0 0 0 1
train_jpeg/ca715527b26e3649d70409cb9e4d01f8 0 0 0 0 0 1
train_jpeg/cabc60a2e6877d2726b6bfcb6e4c3678 0 0 0 0 0 1
train_jpeg/cad576481adca7522abedfab6091cea1 0 0 0 0 0 1
train_jpeg/caf08730fa52908b618b5abb0e97b8e5 0 0 0 0 0 1
train_jpeg/caf695e686f3fd22b1717f02e3628407 0 0 0 0 0 1
train_jpeg/cb178960a79b79feadaab4d662205dbc 0 0 0 0 0 1
train_jpeg/cb23c75b43410b0ef6133d9979fd5c89 0 0 0 0 0 1
train_jpeg/cb2ffa8eeb9a11d1c968f5582651f93c 0 0 0 0 0 1
train_jpeg/cb32832cef4d95691105489d4ec6a984 0 0 0 0 0 1
train_jpeg/cb330e3f4ef07ee338e903171fe22bad 0 0 0 0 0 1
train_jpeg/cb42c66229ad0a116e354b1468cc5548 0 0 0 0 0 1
train_jpeg/cbbfe664b770d925b7b156c5b0034492 0 0 0 0 0 1
train_jpeg/cbd2f5efa80b32f45ca5a95124e5b2c0 0 0 0 0 0 1
train_jpeg/cbf423e9c1dabd2749eeacee8d210361 0 0 0 0 0 1
train_jpeg/cc092f33ce095c0f51f35119ce22f75e 0 0 0 0 0 1
train_jpeg/cc107c77fdeb8e07b2b24dc39c19d854 0 0 0 0 0 1
train_jpeg/cc1708ee2d3ec540efa5ffa3bf04574f 0 0 0 0 0 1
train_jpeg/cc2a06afd95b1114894b3dc2b37f1c5e 0 0 0 0 0 1
train_jpeg/cc39200cc766b8c7f493e3a2cca31605 0 0 0 0 0 1
train_jpeg/cc6eb0e7b00ba4bb2f917eb2e69f11b0 0 0 0 0 0 1
train_jpeg/cc98da13c817495f32b5ccab2b009cd3 0 0 0 0 0 1
train_jpeg/ccd7d21b78e61e095e6d506c57b2f4f7 0 0 0 0 0 1
train_jpeg/ccfda43a5267e0aa923d8a199baafbd2 0 0 0 0 0 1
train_jpeg/ccfef4968e4e3d491cc92492df037394 0 0 0 0 0 1
train_jpeg/cd0cd9397bb1862a29e07490f8838b85 0 0 0 0 0 1
train_jpeg/cd130c23c3fefd255a96444a430432b8 0 0 0 0 0 1
train_jpeg/cd1577657b776e892a10bf4ae40238f0 0 0 0 0 0 1
train_jpeg/cda1fee8e8b177301515891b8296acec 0 0 0 0 0 1
train_jpeg/cda5f1b6ff5b3f0649786ab621ac303e 0 0 0 0 0 1
train_jpeg/cdaec2ceb813c59dcc836f9e7a7eb4fa 0 0 0 0 0 1
train_jpeg/cdc44f8510ed779fade14a506d2bbd8c 0 0 0 0 0 1
train_jpeg/cdd43a73c26640d921250dbd59acac62 0 0 0 0 0 1
train_jpeg/ce1e463a6c89fb0d083134d088147897 0 0 0 0 0 1
train_jpeg/ce256b16e99feed1587667a573e81349 0 0 0 0 0 1
train_jpeg/ce27243d2d050f7215b7eb5ac66e4700 0 0 0 0 0 1
train_jpeg/ce8484a77b1e87630a54caef0e74b99b 0 0 0 0 0 1
train_jpeg/cf032b9405406c4b2a8a516e08531333 0 0 0 0 0 1
train_jpeg/cf08d47db64605ede9e0946893ab1f09 0 0 0 0 0 1
train_jpeg/cf366e444f5c256d8275e348c17b59a9 0 0 0 0 0 1
train_jpeg/cfbac484f94686cd93d564487d9e5a8a 0 0 1 0 0 0
train_jpeg/cfc654ccfba7724e8da6d1881ef1aca8 0 0 0 0 0 1
train_jpeg/cfd708bfc4b35a7a4d6aabde5c0799ae 0 0 0 0 0 1
train_jpeg/d014804684a4ef47757ec455ef14801f 0 0 0 0 0 1
train_jpeg/d03050d5f49fd2d6212acfed4543e541 0 0 0 0 0 1
train_jpeg/d06958788f925d72f3ff75b0e9fced31 0 0 0 0 0 1
train_jpeg/d0aa3360ff5ddf919d9eb4f3a20e3342 0 0 0 0 0 1
train_jpeg/d0adb7d74759aa5fdcf6216bea6b80c0 0 0 0 0 0 1
train_jpeg/d0c002130841e793bfca41ddb53fbda5 0 0 0 0 0 1
train_jpeg/d11ead83ee9d8f4657916b654b0687d1 0 0 0 0 0 1
train_jpeg/d16b67fee07971da41a3d08707ccd864 0 0 0 0 0 0
train_jpeg/d1713f5cf5838c1592e5f712b5d4928e 0 0 0 0 0 0
train_jpeg/d19b822e1f1cb392d172d1ee4fa73005 0 0 0 0 0 0
train_jpeg/d1ee146b55af8b9cd84ec605a9aa36bd 0 0 0 0 0 1
train_jpeg/d20b5a85afcc3d51263ba89341b3fa17 0 0 0 0 0 1
train_jpeg/d246d9841f32abee30f38be04f4c77f9 0 0 0 0 0 1
train_jpeg/d24cee27e1036892d9d120d9ee0a10ec 0 0 0 0 0 1
train_jpeg/d275ff253f1389632007e075c1a73599 0 0 0 0 0 1
train_jpeg/d2a91257c0e7c22041b4b80643df0079 0 0 0 0 0 1
train_jpeg/d2ca714f8f06979acfbc0992d65fb211 0 0 0 0 0 1
train_jpeg/d2de54e8af5b7157884fc734ef81ca3b 0 0 0 0 0 1
train_jpeg/d2e2ee47077011f2329f3dd5df7c795f 0 0 0 0 0 1
train_jpeg/d2e80d6cae14b72a824f1ac625d23472 0 0 0 0 1 0
train_jpeg/d31b5cfd25dbcb8bf6f294c3a257cdea 0 0 0 0 0 1
train_jpeg/d320c01e0eb75da6cda33cd0b7d3cec3 0 0 0 0 0 1
train_jpeg/d32509da6cdeed96643392245b6ab8e8 0 0 0 0 0 1
train_jpeg/d38141932d16e6729db676b625c1f1d4 0 0 0 0 0 1
train_jpeg/d395c0b411e829fdea7ce9ce8130ee98 0 0 0 0 0 1
train_jpeg/d3bc02cc13302e2f442d937a403b2fbe 0 0 0 0 0 1
train_jpeg/d3ea3f211750890d1ea9d1f0a630b8fc 0 0 0 0 0 1
train_jpeg/d3ecd4345ad106e7e1beab7316fab518 0 0 0 0 0 1
train_jpeg/d414a0d3435dd64628dd3b72e6ecd6be 0 0 0 0 0 1
train_jpeg/d42c8cdbeea7094d8a3e4899742cdda0 0 0 0 0 0 1
train_jpeg/d4358555ad3558a26d3291749e7b251a 0 0 0 0 0 1
train_jpeg/d43d13f6cc6b4d8e0b7be0b7cc7259f5 0 0 0 0 0 1
train_jpeg/d44b907ffbef18483e074eac9a4783dc 0 0 0 0 0 1
train_jpeg/d4af89b10179e630276e21f2f12f2631 0 0 0 0 0 1
train_jpeg/d4ccb1af0fc3f225a7d2536c74a3a388 0 0 0 0 0 1
train_jpeg/d4d41e0e0e7c512d05cdbd89401ee7bf 0 0 0 0 0 1
train_jpeg/d513454347dd168afa0b6bb6c328a2ee 0 0 0 0 0 0
train_jpeg/d51a2871b8b9297299c01f806f111354 0 0 0 0 0 1
train_jpeg/d53cb4358bb03d09abfc099826e54eb9 0 0 0 0 0 1
train_jpeg/d542a2d31e52e44775ed46b028cc0041 0 0 0 0 0 1
train_jpeg/d552f9d13cfb671793ac74e81b7cb20d 0 0 0 0 0 1
train_jpeg/d59e8b41b1b2b15cd6a7ae3ec6882781 0 0 0 0 0 1
train_jpeg/d5b45273cf25f8caafe4d7efaa7187c9 0 0 0 0 0 1
train_jpeg/d5b60e99c9f5fbfe79a87b68ba8d08c5 0 0 0 0 0 1
train_jpeg/d5b83f7e5dd6954c3e5613d1e7792e1e 0 0 0 0 0 1
train_jpeg/d5c5e5232067a160489297eaa69e3099 0 0 0 0 0 1
train_jpeg/d60d07bbc4caaed410ec90ed0c3742fb 0 0 0 0 0 1
train_jpeg/d621da940921cdda3e7f87f36e9a5f5d 0 0 0 0 0 1
train_jpeg/d6599d989c75982e68a7f277ddf170ff 0 0 0 0 0 1
train_jpeg/d673addf6e6cb1071177731309bdd89d 0 0 0 0 0 1
train_jpeg/d6b8482421ee5ee48d166c37d54cf7de 0 0 0 0 0 1
train_jpeg/d6fb22a067e4c9d6380ad86b5d99383f 0 0 0 0 0 1
train_jpeg/d718d8b21873829e97441a619f189576 0 0 0 0 0 1
train_jpeg/d719f48511a1a8e275e7262f5a1cc05c 0 0 0 0 0 1
train_jpeg/d736050c55ac8a3815d7d3c82f8d16db 0 0 0 0 0 1
train_jpeg/d75aceb018c2f5bf94d5fdae304cd8b5 0 0 0 0 0 1
train_jpeg/d7a25ad16052c0403d8d7313c8af2223 0 0 0 0 0 1
train_jpeg/d7b5ffb03cf95f5d36a5e2ac067169b1 0 0 0 0 0 1
train_jpeg/d7f2e8a9e9bc6a6275917f27c9eed894 0 0 0 0 0 1
train_jpeg/d88889702d40b5b13d15fe27608816a2 0 0 0 0 0 1
train_jpeg/d8b16ea0320a52d536fef0e076eeddd6 0 0 0 0 0 1
train_jpeg/d922f26c687373f71735de49dda7c9a5 0 0 0 0 0 1
train_jpeg/d92309c6e0911811e2ba3c122cd31090 0 0 0 0 0 1
train_jpeg/d93d5fa29d42ab8878a2bfa4c7b6dacf 0 0 0 0 0 1
train_jpeg/d94241be54c60a6419a590c3fc58745a 0 0 0 0 0 1
train_jpeg/d96fda262ecb33711d94ac8813a70b3e 0 0 0 0 0 1
train_jpeg/d9c599b10c98143b8e2e282ea76c0fc2 0 0 0 0 0 1
train_jpeg/d9ff2149c1fe67a65b26310b4018b006 0 0 0 0 0 1
train_jpeg/da6f1a174526b57d8e0a8b092432f99b 0 0 0 0 0 1
train_jpeg/da725779464a7fc47b836ab2b5ad22a5 0 0 0 0 0 1
train_jpeg/da9d280f051af85ebda246e43acf473f 0 0 0 0 0 1
train_jpeg/db3cb5883ca027326872b01820b1e156 0 0 0 0 0 1
train_jpeg/db491a991cef30ffffcc5e97afb18fb5 0 0 0 0 0 1
train_jpeg/db621b6bf94c240c5336d7a9ac1851b0 0 0 0 0 0 1
train_jpeg/db87c0d448f759840500df5bfffd90c2 0 0 0 0 0 1
train_jpeg/db8c3f6b46f4c83a11e95da6fbe8330c 0 0 0 0 0 1
train_jpeg/dbbc06558a408f0a0ab5dce639e514b6 0 0 0 0 0 1
train_jpeg/dc0891b0748b90ad95dbd023222ecf27 0 0 0 0 0 1
train_jpeg/dc8d481c7c41309f208ab310307fb6ff 0 0 0 0 0 1
train_jpeg/dc9bdc272849c5232b78990a1c27dd34 0 0 0 0 0 1
train_jpeg/dca579df08e6dc334409a70e8c0039ab 0 0 0 0 0 1
train_jpeg/dcee5c339d220a9906de111253338580 0 0 0 0 0 1
train_jpeg/dd1bafb91e030b06b166cc6f30a43128 0 0 0 0 0 1
train_jpeg/dd24bdf17806362aab369798b59fc3a9 0 0 0 0 0 1
train_jpeg/dd56e45f5a420deeea392f45fedee77c 0 0 0 0 0 1
train_jpeg/dd8cba935053fb4c376bf6580cf636b9 0 0 0 0 0 1
train_jpeg/dd928f86c1a8831da50e1c8b8d2f1707 0 0 0 0 0 1
train_jpeg/ddbe41935f4c7c4c6624654585e12652 0 0 0 0 0 1
train_jpeg/ddddd043151fa4b6280afed14ab06161 0 0 0 0 0 1
train_jpeg/ddee6f3f4d3dc44f3fdb6b4cf771ba95 0 0 0 0 0 1
train_jpeg/de0b4c9d065467ea456efcb64155e489 0 0 0 0 0 1
train_jpeg/de1d3dba205bbad553d446ae091da3ba 0 0 0 0 0 1
train_jpeg/de2940b8addeb5078d4e1a65369a6a3f 0 0 0 0 0 1
train_jpeg/de46379f042249fb8683991262d01937 0 0 0 0 0 1
train_jpeg/de6d6efd88431d3253198106bb070471 0 0 0 0 0 1
train_jpeg/de71b6b8004ff55b677a76b0352712e8 0 0 0 0 0 1
train_jpeg/de8c78afea91064bd977bb7092b99a63 0 0 0 0 0 1
train_jpeg/dea14aee7ebd5d25d36ac440bad3e62d 0 0 0 0 0 1
train_jpeg/decea87fdcb267729e84d3842721d33d 0 0 0 0 0 1
train_jpeg/df1fd0c37d5f245799db4baf4af5256b 0 0 0 0 0 1
train_jpeg/df22170b3f5ebed270d0de29adae140a 0 0 0 0 0 1
train_jpeg/df62393cfc31ac473af77c85dafa09f4 0 0 0 0 0 1
train_jpeg/df6f1a659a93666db0c13ee25889d552 0 0 0 0 0 1
train_jpeg/df7c4e1c53d9ed99d2daaaf9086ca8d1 0 0 0 0 0 1
train_jpeg/df91d818a193e328405cf8a86ed530bb 0 0 0 0 0 1
train_jpeg/df973dc15f598f6ce77c8f127a0067d2 0 0 0 0 0 1
train_jpeg/dfa0f1b7c81f354ced7bff478c8d542a 0 0 0 0 0 1
train_jpeg/e0020913cd1889e9ee9a5196f24af33a 0 0 0 0 0 1
train_jpeg/e0411c35eb55676ee2ee29ca269187a4 0 0 0 0 0 1
train_jpeg/e04c58b55093d601257c9017dbba66e0 0 0 0 0 0 0
train_jpeg/e06d0f3704b4baa27380683bc25984e0 0 0 0 0 0 1
train_jpeg/e07fc7a901c4d4dd47838d0a431332c1 0 0 0 0 0 1
train_jpeg/e0a7b2311a978bb3c267948f2170d466 0 0 0 0 0 1
train_jpeg/e0ba9af0459793b1db8b61d44c32fa37 0 0 0 0 0 1
train_jpeg/e0cc5e52a9e5fe9493c13f3451a5b7e0 0 0 0 0 0 1
train_jpeg/e0f5aff4daedec8ea01e4125d854eb98 0 0 0 0 0 1
train_jpeg/e1148dba04affb780429d99c8c3b568e 0 0 0 0 0 1
train_jpeg/e11a0cf421fc6e4ca67a6dc1bddc3980 0 0 0 0 0 1
train_jpeg/e13ffd5a8ab18c1cf1ea49aaec76997e 0 0 0 0 0 1
train_jpeg/e14a2079083f20c4f638a2d627514ccd 0 0 0 0 0 1
train_jpeg/e160b2d6fc7e3322006bb8bb079ef418 0 0 0 0 0 1
train_jpeg/e160c0d5a552332fa3a112e60226294f 0 0 0 0 0 1
train_jpeg/e16eebe316cbe78a046b507aa265d962 0 0 0 0 0 1
train_jpeg/e1a603beea2b53b3031a337d8a87cd72 0 0 0 0 0 1
train_jpeg/e1b344e4b499a19b247e6b6213b98f20 0 0 0 0 0 1
train_jpeg/e1c88be08dcb3f9baca7cb67c77fbcf9 0 0 0 0 0 1
train_jpeg/e1edc5f003883e5027f0e63e67f883d2 0 0 0 0 0 1
train_jpeg/e2441e5b3cbecdd27c65aea20353cc1d 0 0 0 0 0 0
train_jpeg/e263e822f06dc13b9156b0776dbdbb8a 0 0 0 0 0 1
train_jpeg/e26ff6648ca1758df295c0a4e259d926 0 0 0 0 0 1
train_jpeg/e2878900d428b05d537fd0c615db5823 0 0 0 0 0 1
train_jpeg/e2b2574690d765edd3eff55196b535ba 0 0 0 0 0 1
train_jpeg/e2b2f50550d1dc76448410e7ff060251 0 0 0 0 0 1
train_jpeg/e2b49dff8e2f7888a60a1742f548ad3c 0 0 0 0 0 1
train_jpeg/e3270b5dfe411a202aa878a6996cf6c5 0 0 0 0 0 1
train_jpeg/e33f67bb274e75146faa95baaa6fbd47 0 0 0 0 0 1
train_jpeg/e345cc1bc62b3ad7f37e7fbb540311f0 0 0 0 0 0 1
train_jpeg/e3769a9e37c159ac96c5d2f155d1826c 0 0 0 0 0 1
train_jpeg/e3ac18fd134bcb699760db4ef362e14f 0 0 0 0 0 1
train_jpeg/e3c632b4a9603af5c3d4fe0a02c87290 0 0 0 0 0 1
train_jpeg/e3c91051c8f2bcec228fb9ef85ebab24 0 0 0 0 0 1
train_jpeg/e3e8b186331c3acb1b9f82b1f2cbe56d 0 0 0 0 0 0
train_jpeg/e41d7b9d7af7d738c31ae832a725632b 0 0 0 0 0 1
train_jpeg/e444d07c618bc40a493c83919ef11df8 0 0 0 0 0 1
train_jpeg/e462b73879d647c23796785533e25e1f 0 0 0 0 0 1
train_jpeg/e4d5fc64087ad738f45cbd207f839462 0 0 0 0 0 1
train_jpeg/e4fdb253b4d97d3b4420e060f1df5feb 0 0 0 0 0 1
train_jpeg/e5014dcb94447af471a65381b46c25be 0 0 0 0 0 1
train_jpeg/e505a715563903739da99393751f5ff2 0 0 0 0 0 1
train_jpeg/e580dc1bdc22fca94110f5e65a45eac9 0 0 0 0 0 1
train_jpeg/e596e3b89332bde018574ca5e32c1e0d 0 0 0 0 0 1
train_jpeg/e5a5f352eeaad7f111c88fb2c03f5d0d 0 0 0 0 0 1
train_jpeg/e5ac3f7d0b2de93893dc3515490088f8 0 0 0 0 0 1
train_jpeg/e5bb131acdbdaa4d269b0e7b9160998b 0 0 0 0 0 1
train_jpeg/e5c0e5bd7e50d4de77316f4f3582e6e4 0 0 0 0 0 1
train_jpeg/e5d08b7bdc2922b20a5bfa6ee36edf5c 0 0 0 0 0 1
train_jpeg/e5f555e04bd705502f7ca5e36e9e845a 0 0 0 0 0 1
train_jpeg/e60ce67640c934d4fb3bcac5b334983d 0 0 0 0 1 0
train_jpeg/e613a63ea3e1262cd599a32571d11c2e 0 0 0 0 0 0
train_jpeg/e628f2132ee111f24dd4ed439cc1fdc1 0 0 0 0 0 1
train_jpeg/e629f8ddce09c66f105c7b75da693bc4 0 0 0 0 0 1
train_jpeg/e649013e726da52a687e9f9e7842e3ab 0 0 0 0 0 1
train_jpeg/e66b00af670246c8b3e7fbbd7fa0f5ae 0 0 0 0 0 1
train_jpeg/e690dec63fc0ce9e73eaf32e679b6ceb 0 0 0 0 0 1
train_jpeg/e6e678e7980816f24d50cf4ba20e67bb 0 0 0 0 0 1
train_jpeg/e6fe9b8c55ac87480352537ff03d7d04 0 0 0 0 0 1
train_jpeg/e70b30c0abd15c0c0d3b8f635256a2e6 0 0 0 0 0 1
train_jpeg/e76dc83accd6304c0b2ec7cfd9d15f01 0 0 0 0 0 1
train_jpeg/e7818a86758495de750484d160db1451 0 0 0 0 0 1
train_jpeg/e790d69d1a21a354adfb7c7391ccea52 0 0 0 0 0 1
train_jpeg/e79af15e54bfd1fa3e32c5f4e9af50f1 0 0 0 0 0 1
train_jpeg/e81749897c4747a1dd5d1827942e4ba2 0 0 0 0 0 1
train_jpeg/e8197de118ba8004e7acb25668ddbcde 0 0 0 0 0 1
train_jpeg/e81c764da47fe50a69d9eee322441a8b 0 0 0 0 0 1
train_jpeg/e83cc4621c6f0f5f627326874848887e 0 0 0 0 0 1
train_jpeg/e84a9853202c413ac29099e9389386f6 0 0 0 0 0 1
train_jpeg/e8899a119282a4b2b67b19ad42bedf6a 0 0 0 0 0 1
train_jpeg/e8e1f4db5ec4c5ccb4a45c88a2f712b3 0 0 0 0 0 1
train_jpeg/e8fbbd3a478837f5b5c497874e492fdf 0 0 0 0 0 1
train_jpeg/e919de94f21a893445b9c2414871256e 0 0 0 0 0 1
train_jpeg/e92bbeb7b1adea54c20f40f3ad2a8037 0 0 0 0 0 1
train_jpeg/e981c8d1cdec803cbf210b0fea369704 0 0 0 0 0 1
train_jpeg/e99959c570cc189706e79fbbd151ae61 0 0 0 0 0 1
train_jpeg/e9ff892454b40672f41ead3020a084a6 0 0 0 0 0 1
train_jpeg/ea50b4da99e490be7dc8a0f6b356d1f5 0 0 0 0 0 1
train_jpeg/ea5c6bccc392343d3508aae5bb6f536e 0 0 0 0 0 1
train_jpeg/eaab62d65417c4c58c9dcbe563fb8e72 0 0 0 0 0 1
train_jpeg/eab1fcceca65974f9a463940626586cc 0 0 0 0 0 1
train_jpeg/ead4154dfc21e9db4663842cedb411da 0 0 0 0 0 1
train_jpeg/eafabce713e83112f3951b7ed8f6bed8 0 0 0 0 0 1
train_jpeg/eafea84c5c3a51cd4c1b78be06ffee08 0 0 0 0 0 1
train_jpeg/eb36ce1af5512454384f751932c15d67 0 0 0 0 0 1
train_jpeg/eb384402d0dee9dc9818a0b65681bf67 0 0 0 0 0 0
train_jpeg/eb7e130a397c5af923003334d5733610 0 0 0 0 0 1
train_jpeg/ebe4693705ca26cdd3ead9f10f92a7bb 0 0 0 0 0 1
train_jpeg/ec4086162a82f8fced63253032a89ddd 0 0 0 0 0 1
train_jpeg/eca3a6e40f9c8bef58e76df16ecf6835 0 0 0 0 0 1
train_jpeg/ecb439e4fe716d926152ba6501696589 0 0 0 0 0 1
train_jpeg/ed431222ef5a3addea4f1970136117ea 0 0 0 0 0 1
train_jpeg/ed519b65cf5155e5d88bce63ba686c92 0 0 0 0 0 1
train_jpeg/ed5dc278e2170bf5766529cdc1e60f29 0 0 0 0 0 1
train_jpeg/ee0038c59a1b52cd027e0108418e0500 0 0 0 0 0 1
train_jpeg/ee25d885155b131723c1dba2921d7589 0 0 0 0 0 1
train_jpeg/ee5df4bb65365422e9f5e172a416dd6a 0 0 0 0 0 1
train_jpeg/ee915f3c066c9435c5403584e000777f 0 0 0 0 0 1
train_jpeg/eeb6f0e5be5c38812e9204b7689d6d18 0 0 0 0 0 1
train_jpeg/eeba1df3c9694cae838733dc33239d7f 0 0 0 0 0 1
train_jpeg/eec6cd4968fc6a83f634ae757d13f277 0 0 0 0 0 1
train_jpeg/eed9ea04a58ca180187196dd641b09bc 0 0 0 0 0 1
train_jpeg/ef1bcfdefb957f66e15ee9b875af7aac 0 0 0 0 0 1
train_jpeg/ef358452261a2dd62a493f5283939919 0 0 0 0 0 1
train_jpeg/ef85cda3a115da5e7399342ac986d489 1 0 0 0 0 0
train_jpeg/ef85e2e6c9e9bb187a1c574876aaaddc 0 0 0 0 0 1
train_jpeg/efb4c40bcdca8c2e5100a9febf5fbd4b 0 0 0 1 0 0
train_jpeg/efbc03067e522ed1127276e445913fdf 0 0 0 0 0 1
train_jpeg/efe36330d8283825e3b54a6da4222181 0 0 0 0 0 1
train_jpeg/efffa6250327e060be9e821859843dff 0 0 0 0 0 1
train_jpeg/f03ab985cd68c5cc6e57b3c936e2aeed 0 0 0 0 0 1
train_jpeg/f0805a178fb1901f23513be7b5262f5e 0 0 0 0 0 1
train_jpeg/f08282b69e70d6c8eed22059746bb781 0 0 0 0 0 1
train_jpeg/f0b8c0d06a7cccc003f214b216673324 0 0 0 0 0 1
train_jpeg/f0ee544d64027ece2cce82efbb76009c 0 0 0 0 0 1
train_jpeg/f0f3a753c028f9c3bf055529e5c0c3fa 0 0 0 0 0 1
train_jpeg/f0fe423a27c36770206a214d8d81a344 0 0 0 0 0 1
train_jpeg/f150daaf3bef251be0199b6f2662077d 0 0 0 0 0 1
train_jpeg/f17ab5d2c1c0820f859587e13515841f 0 0 0 0 0 1
train_jpeg/f18ee951605d2c276acb3385dc76be8d 0 0 0 0 0 1
train_jpeg/f1cbcf9205d98d491f92f5aec2cd08a5 0 0 0 0 0 1
train_jpeg/f1cc6ecd5562c49f2c25d539722fa074 0 0 0 0 0 1
train_jpeg/f1d1d044621a14cf86416b00c84139dc 0 0 0 0 0 1
train_jpeg/f1f76abbb54845f5be539cb4f8298a51 0 0 0 0 0 1
train_jpeg/f25c4d2cfdf2eb08c8db6f16d8f71bbe 0 0 0 0 0 1
train_jpeg/f2651cf9aa12efd2615a65900287b9cf 0 0 0 0 0 1
train_jpeg/f2667d4348807707e4d653183061ae78 0 0 0 0 0 1
train_jpeg/f2e5eb5de5ca28f05adcc8c37973e85f 0 0 0 0 0 1
train_jpeg/f328bdf759b330f66fcbe9cc62a183cc 0 0 0 0 0 1
train_jpeg/f39eb4b3aef4664776c298b1500cb577 0 0 0 0 0 1
train_jpeg/f3dd45cb122c6b807a1c468a10511f03 0 0 0 0 0 1
train_jpeg/f42d9fd08054e844cb30da620eff1b47 0 0 0 0 0 1
train_jpeg/f4418ef00ac5f112fa3b43acf0b3e3a9 0 0 0 0 0 1
train_jpeg/f4bce728f0331c8a9d9ee0c3fb18735b 0 0 0 0 0 1
train_jpeg/f508f9892103f1a107a56ac5036af993 0 0 0 0 0 1
train_jpeg/f52ec4da5edc58fc2f93c00316c38fe7 0 0 0 0 0 1
train_jpeg/f561aa1fdb8a675552e5b0c17839023e 0 0 0 0 0 1
train_jpeg/f5659dca0a38527e901ecb2c4c30ed6c 0 0 0 0 0 1
train_jpeg/f57499c072f081f12ce8006e81a20d74 0 0 0 0 0 1
train_jpeg/f5f0081e8dc7596b38083e2b7aa4214a 0 0 0 0 0 1
train_jpeg/f5f417184d7747ce9d6cc2790e01f97d 0 0 0 0 0 1
train_jpeg/f60901792e9a337961fbca2ad55c0c9e 0 0 0 0 0 1
train_jpeg/f6178657260dafbe0088bf3bb12e95fd 0 0 0 0 0 1
train_jpeg/f64e48932e13c5f56b74ef7c948fe0b8 0 0 0 0 0 1
train_jpeg/f652652f33d50987fec8a4b136433edd 0 0 0 0 0 1
train_jpeg/f65ebcab15ce9a0f1fb2cd2a89cb0ba9 0 0 0 0 0 1
train_jpeg/f6a697a61f3557289d7763c39c031d8a 0 0 0 0 0 1
train_jpeg/f6ee38b0c52f354da0a6cb2bf106533e 0 0 0 0 0 1
train_jpeg/f719cf48bb8411ce0e062a5347cc1f75 0 0 0 0 0 1
train_jpeg/f730c80ec55bf2f6b80001ec0686f245 0 1 0 0 0 0
train_jpeg/f764cd85ea43abfb8e4d638fb0eae057 0 0 0 0 0 1
train_jpeg/f78c70190e569c970a721b97152eed1a 0 0 0 0 0 1
train_jpeg/f7975e0d3f833ad7f395b1c895db6189 0 0 0 0 0 1
train_jpeg/f7dd175ca0962155ec39311b997a5288 1 0 0 0 0 0
train_jpeg/f7eb44830c14e8d1a0ae29521c1712b4 0 0 0 0 0 1
train_jpeg/f833631d7c0a269fd403b1dc8e7f2fc3 0 0 0 0 0 1
train_jpeg/f87d3fef16e2bb2ef72179864c9f6cef 0 0 0 0 0 1
train_jpeg/f8be03d9194788a85dd0e3d14dad98af 0 0 0 0 0 1
train_jpeg/f8c418328ee0eb0e833b5b6655823cfd 0 0 0 0 0 1
train_jpeg/f8c58f156f9bcdba6f1d0d454560c8d4 0 0 0 0 0 1
train_jpeg/f8e09e1878afbde523ffbccbf3f7eded 0 0 0 0 0 1
train_jpeg/f8f3bf0d3d08f814e2764470681998a4 0 0 0 0 0 0
train_jpeg/f9574727cba36fbc6a3799cbfd9b2bef 0 0 0 0 0 1
train_jpeg/f972faed5e9885f7409133166cf8ed9a 0 0 0 0 0 1
train_jpeg/f998ddf451a859e6ccbfc835d0f67389 0 0 0 0 0 1
train_jpeg/f9b6143fdadf3e46bc016548719a4371 0 0 0 0 1 0
train_jpeg/f9ce61e625356d31cf67c8ce97186d22 0 0 0 0 0 1
train_jpeg/f9e9858e9b2a21957259da02b2f542bf 0 0 0 0 0 1
train_jpeg/fa00b3ef7a88c7c35ea4f04212c57310 0 0 0 0 0 1
train_jpeg/fa2835a32eb5b05ddce866a6d85274df 0 0 0 0 0 1
train_jpeg/fab76d60c7fad833d0dccaccda261c3a 0 0 0 0 0 1
train_jpeg/fac75d8df144493c44c741ccb0efba3d 0 0 0 0 0 1
train_jpeg/fb48bbb3ffa789f21368916c4ea54e27 0 0 0 0 0 1
train_jpeg/fb511731a1fc742451a090891ebaa0ce 0 0 0 0 0 0
train_jpeg/fbd897fc62fa777478c63fb052fe149e 0 0 0 0 0 1
train_jpeg/fbe57bedb58a628d16e2c48b35c8b0f7 0 0 0 0 0 1
train_jpeg/fbf60b1cc54f09f8673325b33ab09e3c 0 0 0 0 0 1
train_jpeg/fc1472d9603c99c6e7c41395776428b9 0 0 0 0 0 1
train_jpeg/fc5de25720448b86bba9b96ff6d118fa 0 0 0 0 0 1
train_jpeg/fc5faea91a2577b6ed826512a579e0e4 0 0 0 0 0 1
train_jpeg/fc6507c221af5b7defe7458c0b780397 0 0 0 0 0 1
train_jpeg/fcda60d2d1258fe5195c90d52d29f83a 0 0 0 0 0 1
train_jpeg/fd66c489f1de56737aabeb8838227f15 0 0 0 0 0 1
train_jpeg/fd78c7d8b42f7d4c6c12e1ab79efbc65 0 0 0 0 0 1
train_jpeg/fdf1abf871d652ae4b6855e179719df7 0 0 0 0 0 1
train_jpeg/fe269d95485425df8d800b90f00d43d9 0 0 0 0 0 1
train_jpeg/fe38f660798b39c4dcca261997841bae 0 0 0 0 0 1
train_jpeg/fe53a9e7e76d1e1227519ef252a0a0bc 0 0 0 0 0 1
train_jpeg/fe67a20679c1eed6e19ee55f776d0f6d 0 0 0 0 0 1
train_jpeg/fe7ae3274e29f67ed1aab93d54c0c2d2 0 0 0 0 0 1
train_jpeg/fe9e24dbd1a10aa6af52bf1427bceda0 0 0 0 0 0 1
train_jpeg/fec3e77cce3ce87eb3e6e244c185cb87 0 0 0 0 0 1
train_jpeg/ff13acf028a2629a8c4d2bf84c2983cc 0 0 0 0 0 1
train_jpeg/ff4974cd041121716c824d829ac7ee92 0 0 0 0 0 1
train_jpeg/ff53fc490ff326e8b66df0f1e9839219 0 0 0 0 0 1
