train_jpeg/0032c6091dc8f1b1245fc2f5f45458fa 0 0 0 0 0 1
train_jpeg/0059d21bef1793fa9522e4ec8cae1a1a 0 0 0 0 0 1
train_jpeg/007a5b30bc5eadb13017059543e0b6be 0 0 0 0 0 1
train_jpeg/00b05e693202bb65a0c0ca7a0201495d 0 0 0 0 0 1
train_jpeg/00f14d2898f10c7019b359958e6bc3c4 0 0 0 0 0 1
train_jpeg/0101ad90f31ddb8fb24e9935a3dac9db 0 0 0 0 0 1
train_jpeg/01ab9b3948978c95fa9d6d238893d1cc 0 0 0 0 0 1
train_jpeg/01ad4b5b1e69b4fd92ebe4e35d76eeb5 0 0 0 0 0 1
train_jpeg/01b0069a8e0221a610294d4697b4abf9 0 0 0 0 0 1
train_jpeg/01bae93cacf4bd0206de3ac69ce2bfbb 0 0 0 0 0 1
train_jpeg/01d74633de293c5790e191d6a544b130 0 0 0 0 0 1
train_jpeg/024ce202d752d81d45df640b67f51d5f 0 0 0 0 0 1
train_jpeg/02d78076ba349f56b20f3467af61ef58 0 0 0 0 0 1
train_jpeg/0370b082971fe47663fedaf76fa5e492 0 0 0 0 0 1
train_jpeg/0423124ca41c984335554a43267db7fa 0 0 0 0 0 1
train_jpeg/04494b3ea2a46c6204620592419352db 0 0 0 0 0 1
train_jpeg/046c58187c0ca245b8b5408ec3575949 0 0 0 0 0 1
train_jpeg/04738c36453aa559b68043a2b2d00f7f 0 0 0 0 0 1
train_jpeg/049a2b96bf575f6fad12b576d3aae44c 0 0 0 0 0 1
train_jpeg/04f3e0ba1b46a723e88d7331f5e21419 0 0 0 0 0 1
train_jpeg/0511640ec15281c29b396689471340dd 0 0 0 0 0 1
train_jpeg/0533afec465c6a68efb7df00e5332b40 0 0 0 0 0 1
train_jpeg/056c4d8c3a338b66ea0247bc5e0237c4 0 0 0 0 0 1
train_jpeg/059ec0fc0d6840cff6e268e46f85faa0 0 0 0 1 0 0
train_jpeg/05b13ce73a727aefbb323d543426fb9b 0 0 0 0 0 1
train_jpeg/05dc427060325263843c57a04aeee7ed 0 0 0 0 0 1
train_jpeg/05e1efa511adb8c1e2631b13734031d1 0 0 0 0 0 1
train_jpeg/05e560d65da399f4310a51c5bc7f44d8 0 0 0 0 0 1
train_jpeg/05ea0fb3ee5e5ca0b523e1fdf1a883d6 0 0 0 0 0 1
train_jpeg/05f3c5986c9c49c6f04d4e15fa01a785 0 0 0 0 0 1
train_jpeg/062a20d74974867cb8f6a100972d3426 0 0 0 0 0 1
train_jpeg/065e7a6c7c848aa3f17ae034e7fbec23 0 0 0 0 0 1
train_jpeg/06b04918044786c36584a86273d72747 1 0 0 0 0 0
train_jpeg/06c69cf01de70640c23fddb47572b8dd 0 0 0 0 0 1
train_jpeg/06efcd37617307118fd48b3a493c133b 0 0 0 0 0 0
train_jpeg/0742030431be6b6807b9ca0a7eefe127 0 0 0 0 0 1
train_jpeg/07854dd260192cc96748dd3bfd61d51e 0 0 0 0 0 1
train_jpeg/07a79abc9fc963ee9a7f36234e011c78 0 0 0 0 0 1
train_jpeg/0812e5efe41ac63eb29583269843d8e2 0 0 0 0 0 1
train_jpeg/08daf3cf9bcf3d306ad08dbb9a53f4f2 0 0 0 0 0 1
train_jpeg/0900f93acb9f42caa354036b6453816d 0 0 0 0 0 1
train_jpeg/09619c3dab17ec42ccbd87d29e0e05d6 0 0 0 0 0 1
train_jpeg/096f214b3f16d0d36d17a3cb128c19a7 0 0 0 0 0 1
train_jpeg/0999a23a7982827edaf16f0244d2e2d7 0 0 0 0 0 1
train_jpeg/09cd361cf999660b8bfc4c5833875d21 0 0 0 0 0 1
train_jpeg/09e8d1f0104d36f9ae500392d1cd2086 0 0 0 0 0 1
train_jpeg/09f726dbbb439ad1f363dd7d55f17f28 0 0 0 0 0 1
train_jpeg/09fcb37b4bf132c373ae0435f13fa059 0 0 0 0 0 1
train_jpeg/0a16dc6491142ff8c7c36f3b3f4ebd02 0 0 0 0 0 0
train_jpeg/0a191458e89dd7016e2032e9898bb5f8 0 0 0 0 0 1
train_jpeg/0a4fbc9ade84a7abd1680eb8ba031a9d 0 0 0 1 0 0
train_jpeg/0a695a94168b32705b91779586c6b2e7 0 0 0 0 0 1
train_jpeg/0a75c2f2e7bc1090077b8ef4aeeeacce 0 0 0 0 0 1
train_jpeg/0a8b7a6bc6b604bd67eff9d5258b959a 0 0 0 0 0 1
train_jpeg/0aa75e34705ae441a95c2869469c0f31 0 0 0 0 0 1
train_jpeg/0ac148392d4a9e42884f178cd8de015a 0 0 0 0 0 1
train_jpeg/0ad8663c40dedf625c03ecc586af5c52 0 0 0 0 0 1
train_jpeg/0ad8d7f0f8a9bc784c8bb38e50a63beb 0 0 0 0 0 1
train_jpeg/0ada863fb878555ffd8dbd34e2496f76 0 0 0 0 0 1
train_jpeg/0aebd7e296fbaae90a154e7989cb7e06 0 0 0 0 0 1
train_jpeg/0b029c678b0391bea96cfcc7116b83a1 0 0 0 0 0 1
train_jpeg/0b1ac7f8267aa361183b90592618945f 0 0 0 0 0 1
train_jpeg/0b25caa22ea240d779eec6b3d48fac59 0 0 0 0 0 1
train_jpeg/0b357271846b8fc4d32dd774b74bf276 0 0 0 0 0 1
train_jpeg/0b8c73a84bc8b5f1a11b27619c1bd8a3 0 0 0 0 0 1
train_jpeg/0bdf902cc4ac4ad2c49059960f572ab2 0 0 0 0 0 0
train_jpeg/0be975f6809d71a7011deca1f94ce752 0 0 0 0 0 1
train_jpeg/0c684171749ce2c0c601b9d69b882edb 0 0 0 0 1 0
train_jpeg/0caa65414aa060e40650c4614d122578 0 0 0 0 0 1
train_jpeg/0cbaca12e05803e6301f8f4a92b47565 0 0 0 0 0 1
train_jpeg/0cbe760fa8204491c0bfa5574da82b90 0 0 0 0 0 1
train_jpeg/0d4e7a191d3824127b65425027827f33 0 0 0 0 0 1
train_jpeg/0d5b5d084d43bed385e4c41afc273f75 0 0 0 0 0 1
train_jpeg/0d7ece5a693e80f4745a0750ec1f3cd1 0 0 0 0 0 1
train_jpeg/0d7ed5f6bf3af64f934cce03e617764b 0 0 0 0 0 1
train_jpeg/0db907ff35f16c60a0a4aeabea20dd63 0 0 0 0 0 1
train_jpeg/0dbdb924a9140849abd4ff650c5356da 0 0 0 1 0 0
train_jpeg/0dd1d5cdc448658c8be9d136eba8c666 0 0 0 0 0 1
train_jpeg/0de6a6b3d7689c2f261f2fc385d3b667 0 0 0 0 0 1
train_jpeg/0def2b4c6eededaa53e20636c9ae3b76 0 0 0 0 0 1
train_jpeg/0e064df2b171504e828e3cb8959f6507 0 0 0 0 0 1
train_jpeg/0e2c49d7d9a4db2f61776c970a463361 0 0 0 0 0 1
train_jpeg/0e566069cb507a0581b54998b23e2ece 0 0 0 0 0 1
train_jpeg/0e9fc53cf8fc7bd9822c0cc557703f43 0 0 0 0 0 1
train_jpeg/0f08bc7ac92a1678c2c3307c181580e7 0 0 0 0 0 1
train_jpeg/0f0aebf828076b819da84cf9e3b4b59c 0 0 0 0 0 1
train_jpeg/0f7ab20fb85469481df0c23360fac949 0 0 0 0 0 1
train_jpeg/0fdba5b4298773f488709251e49b26a2 0 0 0 0 0 1
train_jpeg/102a115e13edadc89540c060affec761 0 0 0 0 0 1
train_jpeg/10387d064935914e96534db4f8625a6b 0 0 0 0 0 1
train_jpeg/1049b2ea72618fc2406996e0d869d317 0 0 0 0 0 1
train_jpeg/106f429f6701dbf750e07d6746082995 0 0 0 0 0 1
train_jpeg/1072da8bf618f814cf7cc3068410d82a 0 0 0 0 0 1
train_jpeg/107d7671377160a4a5d708849ed5d331 0 0 0 0 0 1
train_jpeg/10b414d8343ab3a51cba5d5f84986ec4 0 0 0 0 0 1
train_jpeg/10d147dc17cedd31c86cc0a33815a1b7 0 0 0 0 0 1
train_jpeg/10ddfd44af9ff919ef88218b88211151 0 0 0 0 0 1
train_jpeg/11acc69b72d448e98a3c2a7d9e57618d 0 0 0 0 0 1
train_jpeg/11b2e6db4cc87c726b30263b6afcd18d 0 0 0 0 0 1
train_jpeg/11bfa241b83d4b1dad26919f15263ea7 0 0 0 0 0 1
train_jpeg/11eda2bb6f6db5355ffc8ec8e36a8866 0 0 0 0 1 0
train_jpeg/123b3644a2eaa1990a2d121787e6ad1d 0 0 0 0 0 1
train_jpeg/1246d654bb8a0b1e713e6d48a485456a 0 0 0 0 0 1
train_jpeg/12501078d1f3f2a912c929a4e97e4254 0 0 0 0 0 1
train_jpeg/128c74577cb8aa5fb9efe7cb4c520322 0 0 0 0 0 1
train_jpeg/12c57b0679d77f63009d79239f5cb1ba 0 0 0 0 0 1
train_jpeg/13183cb48b0aae02e88c3f45547d393a 0 0 0 0 0 1
train_jpeg/1327133dc89fd3a8e8d0e8f6c0ce6202 0 0 0 0 0 1
train_jpeg/133ed9054828b0e75987e00217aef89d 0 0 0 0 1 0
train_jpeg/13c284b597a4620ad6400f1c2535a87a 0 0 0 0 0 1
train_jpeg/14098afea17d540b429c999762f84f06 0 0 0 0 0 1
train_jpeg/14155c990928bd35a34c5b63593cb300 0 0 0 0 0 1
train_jpeg/142b3834a4c681e4e0e61aa0ea9ad67d 0 0 0 0 0 1
train_jpeg/14908b417298707a9531b328a0f30109 0 0 0 0 0 1
train_jpeg/14ed8052e2a79c4475fe03f6f3df4925 0 0 0 0 0 1
train_jpeg/14f2cc0ad531303b0cf8d60bfad32bc7 0 0 0 0 0 1
train_jpeg/14f7c3b33b29f53bcd6103f50ed76353 0 0 0 0 0 1
train_jpeg/1561a9389c58572344978d3b4cfa6709 0 0 0 0 0 1
train_jpeg/1568b51e55c6d3b116b11c852c18e279 0 0 0 0 0 1
train_jpeg/15703baf49cdef5b522570cff4324808 0 0 0 0 0 1
train_jpeg/1577db18d5da316898c6c06ca60da535 0 0 0 0 0 1
train_jpeg/1595e8093b55b28f8aa035af560cc489 0 0 0 0 0 1
train_jpeg/15adb042e5149aca8f045e3fab6cf7f8 0 0 0 0 0 1
train_jpeg/15f016248709de49e2b725bda5cdd787 0 0 0 0 0 1
train_jpeg/1690a6092c497ef70d2759acfce9d482 0 0 0 0 0 1
train_jpeg/169161c96410386408a481c9e6b64925 0 0 0 0 0 1
train_jpeg/17b17affb6fee438172e1dba27d83f15 0 0 0 0 0 1
train_jpeg/17f6dee4cb5a49d4831d3be2f3d276d4 0 0 0 0 0 1
train_jpeg/18016e29bda26f938d66d73c887101d7 0 0 0 0 0 1
train_jpeg/181a75c1249752890a7dc4a5f1f8a445 0 0 0 0 0 1
train_jpeg/18380add550465c69aeebf7188c0f583 0 0 0 0 0 1
train_jpeg/1852c9e51ea7a5d9172b98cf23ca45e3 0 0 0 0 0 1
train_jpeg/18ab1248c29601086e724c18891d2bee 0 0 0 0 0 1
train_jpeg/18d7436c9658e6332cd85f06d9365ae7 0 0 0 0 0 1
train_jpeg/192a98fb55e4101cc4fd00129a82ced0 0 0 0 0 0 1
train_jpeg/193e0dbe28d74ede2e3b9bec14d6cfde 0 0 0 0 0 1
train_jpeg/19414721d264ab5bf8c29e30fbfbfebd 0 0 0 0 0 1
train_jpeg/194948df6c373e542f180aabe09894e8 0 0 0 0 0 1
train_jpeg/19b51cda56e42d3fd879b996c986bbc1 0 0 0 0 0 1
train_jpeg/19d5846964503f1a79a552700b59e371 0 0 0 0 0 1
train_jpeg/19d8fca6a7a5bbc35dc669ef9406ba99 0 0 0 0 0 1
train_jpeg/19f08bdb301a4041b98258cf9a5aeafb 0 0 0 0 0 1
train_jpeg/1a027a6706c01aa0ec05d79942af1a15 0 0 0 0 0 1
train_jpeg/1a03c5e8edca392f033aab3aa97b04e8 0 0 0 0 0 1
train_jpeg/1a63b558b5efe649b48e724e07c49a73 0 0 0 0 0 1
train_jpeg/1a659fe794a9cd300aaeb3f1a0426d1f 0 0 0 0 0 1
train_jpeg/1ac4c387094f40ffe656dba6cda068ff 0 0 0 0 0 1
train_jpeg/1af2c28f20e34b5482bd03a3844d0d8f 0 0 0 0 0 1
train_jpeg/1af9eca90157fa3d3c04c3ac90ccb9a9 0 0 0 0 0 1
train_jpeg/1b03ffc81d549227fc6c640d9a4833f6 0 0 0 0 0 1
train_jpeg/1b27aa960f895039e74237f54fd256a2 0 0 0 0 0 1
train_jpeg/1b4272ebac3eb5cabb7af61a9517d90e 0 0 0 0 0 1
train_jpeg/1b635e668c3c61431b918f1ab457eac9 0 0 0 0 0 1
train_jpeg/1b8929dcd5ba852afce3a24c9a33909b 0 0 0 0 0 1
train_jpeg/1bb1a91b8f1b1904e54df4a344caf85e 0 0 0 0 0 1
train_jpeg/1bf0c30ec9cf3abe34938787e5f9fc28 0 0 0 0 0 1
train_jpeg/1c9e6dbfe347fb693c6c9e0cd82113c8 0 0 0 0 0 1
train_jpeg/1cbdce1ee91b08da8573de59820f6381 0 0 0 0 0 1
train_jpeg/1cc987d1b186a02bec602950b3debeec 0 0 0 0 0 1
train_jpeg/1cd0875e0a37e347301306ae881b2a24 0 0 0 0 0 1
train_jpeg/1ce0b74770c21730b35e7800b7b8e4ad 0 0 0 0 0 1
train_jpeg/1d2deaded6c9a147e9a0243fe70bd1a6 0 0 0 0 0 1
train_jpeg/1d932218c8a3889b328c368944de8355 0 0 0 0 0 1
train_jpeg/1d98ca466a4d9f4103a5f4b9970f8e90 0 0 0 0 0 1
train_jpeg/1e0186710c1b727da188c139c83a820b 0 0 0 0 0 1
train_jpeg/1e28e5318ff7a316ceda590d6dad2044 0 0 0 0 0 1
train_jpeg/1e4464931141d6d2d7fe1bf8a7332ab5 0 0 0 0 0 1
train_jpeg/1e8ef974ee9035e9eb04b4ee395e83ce 0 0 0 0 0 1
train_jpeg/1ecc10ca44af4ff9638ab9723ba974cb 0 0 0 0 0 1
train_jpeg/1ef008b6baf86c8889d464710f46e27b 0 0 0 0 0 1
train_jpeg/1f0020b4117724f14386bcbeebb9d194 0 0 0 0 0 1
train_jpeg/1f0df0b923228e9219ae3bf0d7f5e17a 0 0 0 0 0 1
train_jpeg/1f0e394fa5ef64c88db0037b4ea954c3 0 0 0 0 0 1
train_jpeg/1f15edb18cab49f1996f395c217e5d14 0 0 0 0 0 1
train_jpeg/1f51fbda3b0b698e7670d3d9e77176db 0 0 0 0 0 1
train_jpeg/1f897eadcbbca4e2104e7a2d7fd3e0f9 0 0 0 0 0 0
train_jpeg/1fb108b04624f03f75122985270150b9 0 0 0 0 0 1
train_jpeg/1fc0841f014f99bb62074454fe7ebe0a 0 0 0 0 0 1
train_jpeg/1fc991b32cc74cd90feb7ed007fef755 0 0 0 0 0 1
train_jpeg/1ff360baaff7e3f923ec84b5d1913c35 0 0 0 0 0 1
train_jpeg/200036706168231979f66a89287ec68b 0 0 0 0 0 1
train_jpeg/20255a87a5b092cc5fd834b177e9c37a 0 0 0 0 0 1
train_jpeg/20374abc6a6d82a106212cddd740a99c 0 0 0 0 0 1
train_jpeg/2055ec1aef57503407b483c3be8ca71c 0 0 0 0 0 1
train_jpeg/2064c0ca2857f38fe43d1a3e30847a1b 0 0 0 0 0 1
train_jpeg/2084cc8989cf6a5a92c76d722530fec0 0 0 0 0 0 1
train_jpeg/208cddf534a1bc9c35f5faa6a6c51f94 0 0 0 0 0 0
train_jpeg/2094cd7cf01e7e283818e836115596c4 0 0 0 0 0 1
train_jpeg/20ae3139b1ae9537caeff00f6cb2200a 0 0 0 0 0 1
train_jpeg/20b208fe31541c86d56ea9bb28d6bfba 0 0 0 0 0 1
train_jpeg/20b3714dd6c53ce0f439e05ca97b60e8 0 0 0 0 0 1
train_jpeg/20b5bd22f9b48da4107b6db7479001ff 0 0 0 0 0 1
train_jpeg/20c912c5a00f426f19d54272bd2b4fcd 0 0 0 0 0 1
train_jpeg/21274fbd409469136e38f2efcf3b77b2 0 0 0 0 0 1
train_jpeg/212863572a589065a200069a59d5223c 0 0 0 0 0 1
train_jpeg/212e39d070d362d7edc9b2bb2b3f6944 0 0 0 0 0 1
train_jpeg/213f1932f2f8b002bc2237a93bc82c96 0 0 0 0 0 1
train_jpeg/21a10246a5ec7af151081d0cd6d65dc9 0 0 0 0 0 1
train_jpeg/21d1ba4b3d9d85283e185050a4c669c6 0 0 0 0 0 1
train_jpeg/223cd0546f8c4cc901b6dc4ca2ab93df 0 0 0 0 0 1
train_jpeg/224bad08be27f3a91bcfefee9a555095 0 0 0 0 0 1
train_jpeg/22534d281d56c327662b790b3b27e8a7 0 0 0 0 0 1
train_jpeg/22abdc214b76004a0bad8faf56da9cee 0 0 0 0 0 1
train_jpeg/22c9c7ace328496817b0791450e3a221 0 0 0 0 0 1
train_jpeg/23131626dc183b20262da386d09fb1c1 0 0 0 0 0 1
train_jpeg/2377426fc941366d89d23c2d09d5b00f 0 0 0 0 0 1
train_jpeg/23a8f7f5a8d57205fc42afbe83ccc3da 0 0 0 0 0 1
train_jpeg/23ac6234107db29775e5a285c5b0e364 0 0 0 0 0 1
train_jpeg/23b5a0775b57978b873274fd8e155ffb 0 0 0 0 0 1
train_jpeg/23cce180577f430196777b952a26b5db 0 0 0 0 0 1
train_jpeg/23d21fefa17763a4434cd67b576f09f1 0 0 0 0 0 1
train_jpeg/23e0439829d449c53fc2216d648118ff 0 0 0 0 0 1
train_jpeg/23f29659e174d2c4651857bf304a5d75 0 0 0 0 0 0
train_jpeg/2464cb0d204ce011f7a9dc28db281693 0 0 0 0 0 1
train_jpeg/2479523e23486abd1d2ad666381eea86 0 0 0 0 0 1
train_jpeg/2485be1972f84c17c35a52ac1e823869 0 0 0 0 0 1
train_jpeg/24a5d0a82499463cd44d51ae2a4cba17 0 0 0 0 0 1
train_jpeg/24b85098cd5586a07def8ca70a4b7b2f 0 0 0 0 0 1
train_jpeg/256506ed7f2d47b1fca0d52a863e7b2b 0 0 0 0 0 1
train_jpeg/25978f8d8601743919c7b3613b4d066e 0 0 0 0 0 1
train_jpeg/26045d6e5c9397d08825496593fbc291 0 0 0 0 0 1
train_jpeg/26576637eee899e19fdc98b8fcfb28a4 0 0 0 0 0 1
train_jpeg/26675a820164ae13cdaed176598fff22 0 0 0 0 0 1
train_jpeg/26685ccd5ba1c45df01ae530f323f3ab 0 0 0 0 0 1
train_jpeg/26ca0d087d159ff2705f65df9d5fa599 0 0 0 0 0 1
train_jpeg/26f0c7e2fa58e5fa110b165b05dd0dd9 0 0 0 0 0 1
train_jpeg/26f736f4ae211cb29c19a3e57ba3e7f4 0 0 0 0 0 1
train_jpeg/27072bd43805ed0ed2031bcb2fe6ec20 0 0 0 0 0 1
train_jpeg/273f6286bdf9970d76ded49f57822edd 0 0 0 0 0 1
train_jpeg/2741227ad4b1d65788fd0744fa7d6286 0 0 0 0 0 1
train_jpeg/2752b250ca52cd0afe8b4b980e82310b 0 0 0 0 0 1
train_jpeg/278dea92aaa93bc18c56e11cd87dc474 0 0 0 0 0 1
train_jpeg/279912e5dbf2052afeae7d223c380e3b 0 0 0 0 0 1
train_jpeg/27a01bcb032c0dc79e5c21befb84b143 0 0 0 0 0 1
train_jpeg/27ecab6bd831b11db5b502f8d6288f29 0 0 0 0 0 1
train_jpeg/28013e33c4791e3046b3bc78b6cc7338 0 0 0 0 0 1
train_jpeg/280a144f5960ef83c58dd70abba38ea4 0 0 0 0 0 1
train_jpeg/2812db133a69cb8bd4adec4122677b1c 0 0 0 0 0 1
train_jpeg/283175723b6cfb107d3b2f6de0a87c88 0 0 0 0 0 1
train_jpeg/2834116f0762ae9c1eeb66e3c8d15eaa 0 0 0 0 0 1
train_jpeg/2849342ae0ba121002d4bc792c9d1fc3 0 0 0 0 0 1
train_jpeg/289267f94a0bb624a41647870f180bd2 0 0 0 0 0 1
train_jpeg/28af0c96909404992bef8d7231186fb0 0 0 0 0 0 1
train_jpeg/294c1b068fb6ecfd27f5106e744ddb4b 0 0 0 0 0 1
train_jpeg/2998cdc708e79055543eb95842261f57 0 0 0 0 1 0
train_jpeg/2a5103cfbf52646dde4dab7e6eb27391 0 0 0 0 0 1
train_jpeg/2a53e7732f137e6d8c555ebc75ab4244 0 0 0 0 0 1
train_jpeg/2a7e7275289739cdbf6ab64cf2287a48 0 0 0 0 0 1
train_jpeg/2a8be2bd51a3851ed0ce9c84e9a62426 0 0 0 0 0 0
train_jpeg/2aa257bfba49bfe4e8521bbab6042365 0 0 0 0 0 1
train_jpeg/2aa8deacc85f0cdfbcdf3619d1bfa853 0 0 0 0 0 1
train_jpeg/2aab75b4b293d54b52633fb560f3b603 0 0 0 0 0 1
train_jpeg/2b0f82148f786f6634ac9e3e4954af9c 0 0 0 0 0 1
train_jpeg/2b27150473ff6934b8f074872586973f 0 0 0 0 0 1
train_jpeg/2b33f3a742af2c0d8fce8a2a808ea409 0 0 0 0 0 1
train_jpeg/2b6f39b5deccef4bfa11213d267b2a66 0 0 0 0 0 1
train_jpeg/2bfc8083486515f4ea07ed1a9d169b9f 0 0 0 0 0 1
train_jpeg/2c24bf86a6838bddee3bde0ca6fb7509 0 0 0 0 0 1
train_jpeg/2c455514c8e4a448d0a3f3f193fe97a4 0 0 0 0 0 1
train_jpeg/2c6076a64fecbe68df18715260167643 0 0 0 0 0 1
train_jpeg/2c69ecb7713836b2637306bc11cce405 0 0 0 0 0 1
train_jpeg/2c6c48665c4d007b795cbcb57da481bd 0 0 0 0 0 1
train_jpeg/2c74f4196862f688266048d27224464d 0 0 0 0 0 0
train_jpeg/2c986de4d8d886b70cb30f11875641cf 0 0 0 0 0 1
train_jpeg/2ca96021f8f968d4c3f0b9f5fc250470 0 0 0 0 0 1
train_jpeg/2ce292377fa815713f392a7c3ae55d27 0 0 0 0 0 1
train_jpeg/2d2dab02bcbe866c0c167196f088a4e8 0 0 0 0 0 1
train_jpeg/2d40e0cc7dca11e4b2d8574532096c31 0 0 0 0 0 1
train_jpeg/2d8289dc0a35bc2c7d3b0afb4d0c25fb 0 0 0 0 0 1
train_jpeg/2da024888d146f663f550e794eda1d83 0 0 0 0 0 1
train_jpeg/2da397f355747dff221c86d9d6eeed87 0 0 0 0 0 1
train_jpeg/2dc9da42a0099cfcffc06ea77961c7c1 0 0 0 0 0 1
train_jpeg/2dd1ac22b6f66bcc79b4836f6415bf16 0 0 0 0 0 1
train_jpeg/2dd6824879f221dca22790b299430827 0 0 0 0 0 1
train_jpeg/2e0698f428a55f5af56ce5a727ed2486 0 0 0 0 0 1
train_jpeg/2e21c9ab51303ea2fc6f4e90e18825d5 0 0 0 0 0 1
train_jpeg/2e400d384acd12f3569df70ad088af11 0 0 0 0 0 1
train_jpeg/2e634940f1e54c351390adc796441c3f 0 0 0 0 0 1
train_jpeg/2e968b23fc1bc1150bf1943e1b53b031 0 0 0 0 0 1
train_jpeg/2ebb05b4c603d590854c621fa4f1fd5c 0 1 0 0 0 0
train_jpeg/2ee21f1cbdb39e53576e8e348188af2f 0 0 0 0 0 1
train_jpeg/2f000bd78273737ac4ddbb618666746a 0 0 0 0 0 1
train_jpeg/2f1cefbcabb4d047b8944af78ac0d8f4 0 0 0 0 0 1
train_jpeg/2f26aa8a91c030eab136daa53d5027ed 0 0 0 0 0 1
train_jpeg/2f3264d3c0a52bb2e280855bcfd35733 0 0 0 0 0 0
train_jpeg/2f5ce240ae96f86a5bcf3f7a8fabd645 0 0 0 0 0 1
train_jpeg/2f676a2005a4daf0fd6cba35b6afb730 0 0 0 0 0 1
train_jpeg/2fd75ce4f9359d478edcf81d606fa636 0 0 0 0 0 1
train_jpeg/3015a7c28d079188fda71d42f870ad51 0 0 0 0 0 1
train_jpeg/30449fde0f51f26ca4c1bcb2bf482ff8 0 0 0 0 0 1
train_jpeg/3052d5f66f219ee25809245280ca4228 0 0 0 0 0 1
train_jpeg/3091912bc947841085f33e214d077348 0 0 0 0 0 1
train_jpeg/309567fc6ae93a47b1665c7c60edd20b 0 0 0 0 0 1
train_jpeg/30b2356b3f71b6a43e499af2cba679c0 0 0 0 0 0 1
train_jpeg/30b2830c567550e16cb0813c6a29337c 0 0 0 0 0 1
train_jpeg/318329567e0c03497d31c4a42cdb8354 0 0 0 0 0 1
train_jpeg/31ab750de5cb0c76b49d45ab1d2186a6 0 0 0 0 0 0
train_jpeg/31be77981097447655ba760810965a6d 0 0 0 0 0 1
train_jpeg/31c4f79a0513c0470deebbfb0a2231e1 0 0 0 0 0 1
train_jpeg/31c7020f6e83cd92ecddc801ebd4c1a0 0 0 0 0 0 1
train_jpeg/31f21db3de490677e8b2d846703c25b6 0 0 0 0 0 1
train_jpeg/323abbba4d9da9ac2b171ffc36a9986d 0 0 0 0 0 1
train_jpeg/32557c0fb41d37a9e3c8485d3dcdb8cc 0 0 0 0 0 1
train_jpeg/325c062a860bca024758a223755d74a6 0 0 0 0 0 1
train_jpeg/3280106acd492b03cfb5ba6eca4629e6 0 0 0 0 0 1
train_jpeg/328e89c3bad7c078d2295a666e496bc7 0 0 0 0 0 1
train_jpeg/32ac1e21bcb8cd7bf1e434f62ae4e9dc 0 0 0 0 0 1
train_jpeg/32d7d0b779485be0f92e8ef0f90cccdf 0 0 0 0 0 1
train_jpeg/32fde91b99bae97d18e444d506e9ac45 0 0 0 0 0 1
train_jpeg/3325d98f021657b783303a0264e0c4a7 0 0 0 0 0 1
train_jpeg/33e26b941b7c24646f7428ccc0083b78 0 0 0 0 0 1
train_jpeg/33e50d8affccee27af22b7692af554d7 0 0 0 0 0 1
train_jpeg/3401b53a86a36db0ff61b87eec51b4e8 0 0 0 0 0 1
train_jpeg/3412dbbf82bda8188efdedb48a1731ce 0 0 0 0 0 1
train_jpeg/343948314c3ec023c0e7ad634f126527 0 0 0 0 0 1
train_jpeg/344b6a69f9dc489eeb704f9686db24d4 0 0 0 0 0 1
train_jpeg/346f1188f13a810f924803b118e16c44 0 0 0 0 0 1
train_jpeg/34923076c417ba259406746b6942835e 0 0 0 0 0 1
train_jpeg/34b603069113c5ca58f14a9a7df6386a 0 0 0 0 0 1
train_jpeg/34ebf9174995582aae86b99f54087647 0 0 0 0 0 1
train_jpeg/34f7e9cdd5cbc349b3d378b6fe8eba8e 0 0 0 0 0 1
train_jpeg/34fda0402fb015bab250aa7b3f0372f1 0 0 0 0 0 1
train_jpeg/355d1c27824a343cde65516686c0a425 0 0 0 1 0 0
train_jpeg/3563cbf78297f9df2aa8fe7220a3cefc 0 0 0 0 0 1
train_jpeg/358dd8dad4d1449fc453f8a12f0f46b5 0 0 0 0 0 1
train_jpeg/35e38672875ff60d5a131d91b4db5a6d 0 0 0 0 0 0
train_jpeg/360c94f96b9beac4211eb22003a0f732 0 0 1 0 0 0
train_jpeg/36148cd81d5c56b7adec783c7c629ec6 0 0 0 0 0 1
train_jpeg/3624ae2cb0c9dcff4dbf33914dd2ab93 0 0 0 0 0 1
train_jpeg/367b53fd4130ec321b3cfe73df816f3b 0 0 0 0 0 1
train_jpeg/36bbd459a965a8e317338dcc9d9e4185 0 0 0 0 0 1
train_jpeg/36d2e5e9bae8dfe964f905328a4ab11f 0 0 0 0 0 1
train_jpeg/379f083410e64a2fb74761b795bd0a41 0 0 0 0 0 1
train_jpeg/37b7002617b3a7f6b92365e34675d102 0 0 0 0 0 1
train_jpeg/38189a3311c6503cc05aa4fa97621d2a 0 0 0 0 0 1
train_jpeg/382145f051a1d66c85a36159c2e8a743 0 0 0 0 0 1
train_jpeg/38539b35e4c6a3ac5fb1670bbc0f1a26 0 0 0 0 0 1
train_jpeg/3873c800bc356d4752c3c5cd7f657bc5 0 0 0 0 0 1
train_jpeg/389f1d56cf1e148ff92cc8725960377c 0 0 0 0 0 1
train_jpeg/38b97efbca19ea22d60a2dd91a27e257 0 0 0 0 0 1
train_jpeg/38ccfc0fd67dcb818d05fc640e968a92 0 0 0 0 0 1
train_jpeg/3908056ba6fc625b4aff2c08ee62f5f9 0 0 0 0 0 1
train_jpeg/393877b097eb1f53bd47f7a8747bb7a2 0 0 0 0 0 1
train_jpeg/39784ca691902bc2cf6b54c0d4d46289 0 0 0 0 0 1
train_jpeg/397e892d4f0593ff9bb8cadf85b4a0ab 0 0 0 0 0 1
train_jpeg/399a2c70a65ba57c5f095c0eed1814a5 0 0 0 0 0 1
train_jpeg/39b089e6b4b6c7ed3a6dc4c176e82ffb 0 0 0 0 0 1
train_jpeg/3a250bb0e3cc59b014e2e2bb6c860fb3 0 0 0 0 0 1
train_jpeg/3a317a2f18be6d7d3574a49f0b8e3309 0 0 0 0 0 1
train_jpeg/3a3506dabb083b7e540bdaa34b5ee413 0 0 0 0 0 1
train_jpeg/3a5d4b0e43f4d7de7a94440f59a7e57c 0 0 0 0 0 1
train_jpeg/3a6e3a84bd03049935b8254d28485251 0 0 0 0 0 1
train_jpeg/3a7a9cd8aaaa550f5f72ae9fe1707ab9 0 0 0 0 0 1
train_jpeg/3a8d4d0553fda8c1021a74a0e59ae131 0 0 0 0 0 1
train_jpeg/3a9ca3e1abf4367614147b0df838624a 0 0 0 0 0 1
train_jpeg/3aa1aa100d059de96740925373bbf8c7 0 0 0 0 0 1
train_jpeg/3aaf9082b2fc37d21d61ae532d3112d4 0 0 0 0 0 1
train_jpeg/3abdd629a7f516b06656587804ef1f0c 0 0 0 0 0 1
train_jpeg/3abdf429daeb55e510e29a698977c217 0 0 0 0 0 1
train_jpeg/3b0186ddd945f484420fa6dde1056c1c 0 0 0 0 0 1
train_jpeg/3b0adb12d741b889f22974d7b1c1b797 0 0 0 0 0 1
train_jpeg/3b368fea4f80aa6475184bb3a880983c 0 0 0 0 0 1
train_jpeg/3b5d47335b76a13a78ea88e06883e9a9 0 0 0 0 0 1
train_jpeg/3b7f1edb2129713f1ddd570c48d6ace1 0 0 0 0 0 1
train_jpeg/3b84fad11366b42cf32c96c2d0fa84d4 0 0 1 0 0 0
train_jpeg/3b954ff67ca7bcf8d10be0d2a9b193ae 0 0 0 0 0 1
train_jpeg/3ba4bcd3c12c2ce7dc305417a58e66c5 0 0 0 0 0 1
train_jpeg/3c0908f1c50c600d8a68f4b4a093b6ce 0 0 0 0 0 1
train_jpeg/3c34b9ebfce146cdc0faf222c63e9f0a 0 0 0 0 0 1
train_jpeg/3c47131a874576cb08b30dae80e5eb13 0 0 0 0 0 1
train_jpeg/3c76b23a74a3d2012fb50834dcbbc43a 0 0 0 0 0 1
train_jpeg/3c95ac819293940394fff78c76c60ca6 0 0 0 0 0 1
train_jpeg/3c9f08fbafe114bec914d2a6e9ca14e1 0 0 0 0 0 1
train_jpeg/3cd8b9b6d212008e7eac9a1fe86b15e3 0 0 0 0 0 1
train_jpeg/3cdcd43f230d185be9a3ea2463f348dc 0 0 0 0 0 0
train_jpeg/3d100048eee5507768634d2733c59b6a 0 0 0 0 0 0
train_jpeg/3d538819cef059b1797685d349c18661 0 0 0 0 0 1
train_jpeg/3d96fc00b9f124888f8073ef5e08b566 0 0 0 0 0 1
train_jpeg/3db67d1ca109b704da4688cca58346a0 0 0 0 0 0 1
train_jpeg/3de366aa826bd76b997fb4d9d3b33553 0 0 0 0 0 1
train_jpeg/3dfbe57b2f78fdc715e81b12630f45ec 0 0 0 0 0 1
train_jpeg/3e44ac670116ca3a4bfd07ef19980b2a 0 0 0 0 0 1
train_jpeg/3e7261e033146c6a7ae60566a7a12fed 0 0 0 0 0 1
train_jpeg/3e815f30830eeeb1eb65b4902e126cc5 0 0 0 0 0 1
train_jpeg/3e8d34e1bb974f41726faa36ed3b6ee0 0 0 0 0 0 1
train_jpeg/3e977f48ab070b3cf0f6e7dc50c207d9 0 0 0 0 0 1
train_jpeg/3f304a0d3bec1b3b1c53b828d28ae7de 0 0 0 0 0 1
train_jpeg/3f65e3179b6b77dd55473aa92cde44db 0 0 0 0 0 1
train_jpeg/3f79d5c9084186e488c6617e723a3339 0 0 0 0 0 1
train_jpeg/3f8496260e5b67482d2c6a36f104a53b 0 0 0 0 0 1
train_jpeg/3fb83af943cdcbd3d255a51b0d86f827 0 0 0 0 0 1
train_jpeg/3fc0763ebdef87b4c27cfb2a062b6496 0 0 0 0 0 1
train_jpeg/3fe05cdb192edd7078d911a3bf674547 0 0 0 0 0 1
train_jpeg/40069a1da8d0e9fc831ce5672b0ec908 0 0 0 0 0 1
train_jpeg/401dcf59383ac272c5658e1650f40c3c 0 0 0 0 0 1
train_jpeg/406d4e20d70bfce59fdbbd242d6e2989 0 0 0 0 0 1
train_jpeg/40c5bb0fb2daacf73f49b8cdfc278a27 0 0 0 0 0 1
train_jpeg/40dcb513437e7adde4414b51b273ade8 0 0 0 0 0 1
train_jpeg/41264e8b15541bea4f7fb5a8abfb4bbc 0 0 0 0 0 1
train_jpeg/41491f7473bdfd7dd666f867b8f93412 0 0 0 0 0 1
train_jpeg/4171c03d203139833f2390b1a6315f47 0 0 0 0 0 1
train_jpeg/41b3ba8c3998b6947018ce3bf0a4e546 0 0 0 0 0 1
train_jpeg/41c14d3879236a7c6f4dc5c2edcc8a0b 0 0 0 0 0 1
train_jpeg/41d6159222d3c8aa480f2ca9acd915d3 0 0 0 0 0 1
train_jpeg/41fdc5f2d25a364bd7f525ef84fb731c 0 0 0 0 0 1
train_jpeg/4212c387ecc2861799e7394603c325a7 0 0 0 0 0 1
train_jpeg/42321013b9306bb07e1e98bb177d1683 0 0 0 0 0 1
train_jpeg/425d40a4b08ec1aaccdc02ca1db78388 0 0 0 0 0 1
train_jpeg/4264e4da911ccee92f13f72ea3cd384f 0 0 0 0 0 1
train_jpeg/426897029e9276d5279228ecd1c0f814 0 0 0 0 0 1
train_jpeg/4276c66e7d8eb27840974e30d6281bcb 0 0 0 0 0 1
train_jpeg/4279368bcbf7e98171be56cc9855ef67 0 0 0 0 0 1
train_jpeg/427ad07478cb7710bb265665a9e8e919 0 0 0 0 0 1
train_jpeg/428de3bd0df77dfd8d747ee481e74b15 0 0 0 0 0 1
train_jpeg/42964050d44b271491f579883fb321e0 0 0 0 0 0 1
train_jpeg/42ca112b4b72ed4c70ddceccc1b35a48 0 0 0 0 0 1
train_jpeg/42d849992260c900588c51ce1835ea05 0 0 0 0 0 1
train_jpeg/430d3965420491cd83a28bac825dda61 0 0 0 0 0 1
train_jpeg/4345be313f4d62bb6b2a56feefe891e7 0 0 0 0 0 1
train_jpeg/43c1a3c5da7dd571c469e5fb3212de6b 0 0 0 0 0 1
train_jpeg/43f22f6c7dbc889c799fb3c49bfecdf6 0 0 0 0 0 1
train_jpeg/44340a3332c1364864dd4d9ae6fea977 0 0 0 0 0 1
train_jpeg/44782ba571937e1868d5ec142c7cdc6e 0 0 0 0 0 1
train_jpeg/44b30aa87ad06bd8263adbaab603da4a 0 0 0 0 0 1
train_jpeg/4598e5a3abf2a9fe6a8c12a233cea6a2 0 0 0 0 0 1
train_jpeg/45beae35a855d010ef2744a912b92934 0 0 0 0 0 1
train_jpeg/45dc873d2b7736057ab1705252a1d1f1 0 0 0 0 0 1
train_jpeg/45f04a5e14cd4763fb55fc7950beffce 0 0 0 0 0 1
train_jpeg/46149bf87a508338b6813c56b2840d1c 0 0 0 0 0 1
train_jpeg/461918c2343be661e38f3d9ac106d37d 0 0 0 0 0 1
train_jpeg/4627bc9d0f3b5b6ee3b3544bde89071c 0 0 0 0 0 1
train_jpeg/46633cbe0ddaef3d0dc44ef5bcd19439 0 0 0 0 0 1
train_jpeg/4679cc98fd5d83db238876050fc3e31f 0 0 0 0 0 1
train_jpeg/467dad00f52961cafc2ff9df73f5c91d 0 0 0 0 0 1
train_jpeg/4737dc6ce8a5c9b9ebae0fd9e6c7ae64 0 0 0 0 0 1
train_jpeg/479f688143635e866da68da5dcd88efc 0 0 0 0 0 1
train_jpeg/47ae412991a2007b884e35d473f4c0d1 0 0 0 0 0 1
train_jpeg/47db2377baf03ae64eb421d6a9613a6f 0 0 0 0 0 1
train_jpeg/480a26ee89ee25d5bd88a3bd598ebd82 0 0 0 0 0 1
train_jpeg/48200e4586ef8e34d232650fa19b52c6 0 0 0 0 0 1
train_jpeg/48301cb51e42d4f15835b1ab3172b1b6 0 0 0 0 0 1
train_jpeg/4876181d5f69da92e9e6191b0d01a1bf 0 0 0 0 0 1
train_jpeg/488dcd262f3255bfa7273cac17b2bbd3 0 0 0 0 0 1
train_jpeg/489f6ddc9f121ccadf798c6b14d0d74f 0 0 0 0 0 1
train_jpeg/48d06341033449f23908cb8f42bb9a59 0 0 0 0 0 1
train_jpeg/48f3a35fcd6c76d5d0ee2d475b3f1f51 0 0 0 0 0 0
train_jpeg/4942ccd86fa518186a5011d558e870a2 0 0 0 0 0 1
train_jpeg/494ff71dc671dfe9fa10126064b9ce15 0 0 0 0 0 0
train_jpeg/49658111ee6f9bdbf080646f9e0efabb 0 0 0 0 0 1
train_jpeg/49a33cbe93e696af8a9ca3864c7e0776 0 0 0 0 0 1
train_jpeg/49ffdc3f7a8d0fc1f91335975ac6b44f 0 0 0 0 0 0
train_jpeg/4a4a73ec783c1cdf4bd15d5e2a9b52bb 0 0 0 0 0 1
train_jpeg/4a5afee9bce2ad08686b8a660a77943a 0 0 0 0 0 1
train_jpeg/4a5df63f7bcec3f87581511567d36ab0 0 0 0 0 0 1
train_jpeg/4accb02a87e27e8f75ff6195eca04b41 0 0 0 0 0 1
train_jpeg/4ad31360a01c40bc9074745f770c8ec7 0 0 0 0 0 1
train_jpeg/4ad3dfee1499ccfb79e36a5dbe629aff 0 0 0 0 0 1
train_jpeg/4afccda5fa0674d8cc99b342938db8f7 0 0 0 0 0 1
train_jpeg/4afe7bd20999683f3751e22d8806ba4a 0 0 0 0 0 1
train_jpeg/4b0095e1a49ce04398f30cdee415201c 0 0 0 0 0 1
train_jpeg/4b070a47be8f61230a040e122b281c66 0 0 0 0 0 1
train_jpeg/4b2807b2f02514ee36b6706f5f09b8fc 0 0 0 0 0 1
train_jpeg/4b834fbd379561bd3ee481db6420cb35 0 0 0 0 0 1
train_jpeg/4b856badb3972fc2a5fe6b4c4db46e38 0 0 0 0 0 1
train_jpeg/4ba1d94812bf9828f4bb2c37e9faca4a 0 0 0 0 0 1
train_jpeg/4bf5576f3130e11a15018cc0dab97701 0 0 0 0 0 0
train_jpeg/4c27e9e5e1f0eccd8fbda6137e6d29d3 0 0 0 0 0 1
train_jpeg/4c4cf43e7c8529c430c1d1295fee1784 0 0 0 1 1 0
train_jpeg/4c69148b8a5c0040d9ae22149f295b37 0 0 0 0 0 1
train_jpeg/4c7d33b4c5bf485af4df30bb8500a002 0 0 0 0 0 0
train_jpeg/4cbc9c033fe06b8037718e3a4c52be21 0 0 0 0 0 1
train_jpeg/4cd850f4238a13a5659b0a5805001f34 0 0 0 0 0 1
train_jpeg/4d179456845adcf2c3a47513f89e2f7c 0 0 0 0 0 1
train_jpeg/4d382aae3f8589c113589533ffdb3545 0 0 0 0 0 1
train_jpeg/4d4bffa2926bfcb4851b5e968136b047 0 0 0 0 0 1
train_jpeg/4d6640e989d988dba6e0a23a0578ea89 0 0 0 0 0 1
train_jpeg/4d7fb6d2de98b99652ab45cdf8ad81fb 0 0 0 0 0 1
train_jpeg/4db952de1d3c2a13cc9d7bad1a7f1570 0 0 0 0 0 1
train_jpeg/4de00727970092f702013334de506744 0 0 0 0 0 1
train_jpeg/4e211dbf20063986d7589aae1ed1e521 0 0 0 0 0 1
train_jpeg/4e4cbf0f594c88fa0dd129485f159f41 0 0 0 0 0 1
train_jpeg/4e9b01aa352324896deb732f39276520 0 0 0 0 0 1
train_jpeg/4ea163d759773e5d39d010336d81410c 0 0 0 0 0 1
train_jpeg/4eba4a7398dcb610dfc7bd794e52b9e4 0 0 0 0 0 0
train_jpeg/4ecccb854e4e2d710c4859b402ab4880 0 0 0 0 0 1
train_jpeg/4efd7c1cdcbb8f3fcd12cbc09e2ca847 0 0 0 0 0 1
train_jpeg/4f09499741de881b71bb549e9cacdd66 0 0 0 0 0 1
train_jpeg/4f3a001347620cd760469c7656a98afa 0 0 0 0 0 1
train_jpeg/4f5c366af19af7febed4078fd274636d 0 0 0 0 1 0
train_jpeg/4f6f8f8a8240daecc68f2751d16ad92b 0 0 0 0 0 1
train_jpeg/4f9883a177fe8bb9dc1ec89256bca42b 0 0 0 0 0 1
train_jpeg/4fb8b42ce575d32e3bc864ac4b72b46f 0 0 0 0 0 1
train_jpeg/4fbadd9601a2a98892407eff3f194de7 0 0 0 0 0 1
train_jpeg/4fc49c5102e8cc394d6e7c4194c45b4c 0 0 0 0 0 1
train_jpeg/4fd2276eac936187164ccd09db6a5c4d 0 0 0 0 0 1
train_jpeg/4fdcc8e5347a4a54e8364369609b5cdc 0 0 0 0 0 1
train_jpeg/4ff71ca20844206cc9680124fd80c4c5 0 0 0 0 0 1
train_jpeg/5068923278514dece0e02554dba901e3 0 0 0 0 0 1
train_jpeg/5076848df8fa698b517a34f6a8246d43 0 0 0 0 0 0
train_jpeg/509273d5d4ce790330ea3956d448d8dd 0 0 0 0 0 1
train_jpeg/50d48c5870580f5e7ac6a94c15728e90 0 0 0 0 0 1
train_jpeg/50d75e28af419f1e77bebe039080698a 0 0 0 0 0 1
train_jpeg/512e7a3cb8427dccc274f5425a3121dd 0 0 0 0 0 1
train_jpeg/5163a39c2357330a40c5e06eab034fad 0 0 0 0 0 1
train_jpeg/5177f7590914eb9d8447c911b59d4beb 0 0 0 0 0 1
train_jpeg/518db09789ceaa1085d7bcd9292e066d 0 0 0 0 0 1
train_jpeg/522f0c06d9e1f4a71a80d3c3977d2224 0 0 0 0 0 1
train_jpeg/525c3c02095b734f5b161154df894b65 0 0 0 0 0 1
train_jpeg/52a8241a351307b812b63dd80912e0dd 0 0 0 0 0 1
train_jpeg/52c4114a737e53ff318994962de6e17d 0 0 0 0 0 1
train_jpeg/52f8ccffec591b51c73bf964ee316a49 0 0 0 0 0 1
train_jpeg/534e7dc7c241654e8e0c5b1ce519406e 0 0 0 0 0 1
train_jpeg/53c5f82af2582e61a0d2c47c851cc246 0 0 0 0 0 1
train_jpeg/53e38d7f3c422e9c1b62bb337b882735 0 0 0 0 0 1
train_jpeg/540bbb00807ba358eff476bd9e5ce288 0 0 0 0 0 1
train_jpeg/542f4583f097667ad5f691085f1da789 0 0 0 0 0 1
train_jpeg/542fb1103cb5c85fd8483eeb477743e8 0 0 0 0 0 1
train_jpeg/545b8572f049a9d9a9433bf89a543292 0 0 0 0 0 1
train_jpeg/545dfeb98c767fa82f092f977057c9e6 0 0 0 0 0 1
train_jpeg/54646f3243174b65ff1a0cd363cb1a5b 0 0 0 0 0 1
train_jpeg/549f149c33ca641daf77496f36eb8783 0 0 0 0 0 1
train_jpeg/54b776c1c57573abd6484945cd19f70f 0 0 0 0 0 1
train_jpeg/54f1231c54cc1a041eadf56fef95bbed 0 0 0 0 0 1
train_jpeg/554226bc3c0d84ab8feca75f233a2f2e 0 0 0 0 0 1
train_jpeg/5559b71758059bad0cc1eece97da6670 0 0 0 0 0 1
train_jpeg/5610fd15c233e8ed55909ff2b9948ad3 0 0 0 0 0 1
train_jpeg/564a53cd8024bc37490355d2f36b3642 0 0 0 0 0 1
train_jpeg/564b521e3ada8a90c4ed5e218e9eafa9 0 0 0 0 0 1
train_jpeg/565f761092a0cbc6f85c8195de091343 0 0 0 0 0 1
train_jpeg/5675d53af4dba50022ac53d02afc7827 0 0 0 0 0 1
train_jpeg/56d1fd3be3db90b601c4e0b6926f7214 0 0 0 0 0 1
train_jpeg/56e7e4476765a42415fb8794e4fab391 0 0 0 0 0 1
train_jpeg/570ff043568e88ee3792b8805e145485 0 0 0 0 0 1
train_jpeg/5754642add678ded7e9c90724fbc655c 0 0 0 0 0 1
train_jpeg/576bf32b4e63adbbc622b07ea09a0394 0 0 0 0 0 1
train_jpeg/576f4f2f08b01d21440f4a3103101c5b 0 0 0 0 0 1
train_jpeg/5790f1fb600b859c067e0bd867c69c3e 0 0 0 0 0 1
train_jpeg/57986acaa315af9d51fe809704856768 0 0 0 0 0 1
train_jpeg/5808a2c41ab3a541379def8bab24be49 0 0 0 0 0 1
train_jpeg/583d8b41ad8fb8bc5322630ff2083739 0 0 0 0 0 1
train_jpeg/584543aafcd6faabc28f78df995bb29e 0 0 0 0 0 1
train_jpeg/584ec5b449687a6442a75e7136754aae 0 0 0 0 0 1
train_jpeg/58989b53f38657250fbb9de06952f139 0 0 0 0 0 1
train_jpeg/589ddb8375feb065c45b1d825a7e99af 0 0 0 0 0 1
train_jpeg/58a6f79a6a566999a7d8bab824b8b541 0 0 0 0 0 1
train_jpeg/58bd0c3a2860c3df77b03c432441d485 0 0 0 0 0 1
train_jpeg/58d91c47c65fb368fe23ffa2dcbed62d 0 0 0 0 0 1
train_jpeg/58e39c61e9bc2f75fd8a8a3c7cb1eafe 0 0 0 0 0 1
train_jpeg/58e46d3472322f4a116ebab23e0b5c1e 0 0 0 0 0 1
train_jpeg/592d8b548a45338c899adeb96b355f32 0 0 0 0 0 1
train_jpeg/5937d0be76fb99f55a94c2199845eb09 0 0 0 0 0 1
train_jpeg/594c87b7427780ef7bc3e53d45bbda24 0 0 0 0 0 1
train_jpeg/59615049fbc2df4b0aaeb3aca6648421 0 0 1 0 0 0
train_jpeg/5968c5b0e0498a38b225b646264a38ba 0 0 0 0 0 1
train_jpeg/59b3bc3302675fab558eedad8e9831ab 0 0 0 0 0 1
train_jpeg/59d6e0d02e892e31e540a05c78338f53 0 0 0 0 0 1
train_jpeg/59e3589ef8b6f4eae14759c975704622 0 0 0 0 0 1
train_jpeg/59fed662a3a22b74290f2c1fbaaee47f 0 0 0 0 0 1
train_jpeg/5a8231c748478ef6be5055800a2fce17 0 0 0 0 0 0
train_jpeg/5a8a028d06d49b8daf3c20c8e53ab805 0 0 0 0 0 1
train_jpeg/5aba01e90e762c8f3bc617b0243a2d47 0 0 0 0 0 1
train_jpeg/5ad4917a3ac7b1056497c4006d28d21b 0 0 0 0 0 1
train_jpeg/5ae08cb261f95dbd6d2643e6f6a342f4 0 0 0 0 0 1
train_jpeg/5ae3a513bfde7fb9528b6830548aab36 0 0 0 0 0 1
train_jpeg/5b0c168a249db4242e705ede172bed4c 0 0 0 0 0 1
train_jpeg/5b1670d49882cd6d4718a5bb8616b34f 0 0 0 0 0 0
train_jpeg/5b1dc838b4aa03455d6895553ea3834b 0 0 0 0 0 1
train_jpeg/5b2636814335f0f72162d9280e294e14 0 0 0 0 0 1
train_jpeg/5b36b00fb3360931df4f8cc106bcd56a 0 0 0 0 0 1
train_jpeg/5b68a9c57be2c2b62bc8d89dee5d869f 0 0 0 0 0 1
train_jpeg/5ba5f21b61f9d12ef2a88487cc71f6ec 0 0 0 0 0 1
train_jpeg/5bab93d6965cb975d5d407c6b2b5b2c7 0 0 0 0 0 1
train_jpeg/5bc8debe9dbceb6ed9510ca4c0af5718 0 0 0 0 0 1
train_jpeg/5bd9abee030f681a8fa24e35837270c5 0 0 0 0 0 1
train_jpeg/5c6a7334ef6de11f55adff603734e4ea 0 0 0 0 0 1
train_jpeg/5c90e7611ea68b1c7eaff09690e8a3a0 0 0 0 0 0 1
train_jpeg/5cbf1220606242111b9d4c6754c71777 0 0 0 0 0 1
train_jpeg/5cc6a7ae37db51da2957731606922867 0 0 0 0 0 1
train_jpeg/5ccec2234a9c249b016fb879f062a852 0 0 0 0 0 1
train_jpeg/5cec01b36b19d64a91cb38fe5c99289b 0 0 0 0 0 1
train_jpeg/5d3325c2fb25ebe16e226158f65e7552 0 0 0 0 0 1
train_jpeg/5d436e41a072563679755fcd70d4cfcb 0 0 0 0 0 1
train_jpeg/5da097c62789fb3e38b0fa433f85d913 0 0 0 0 0 1
train_jpeg/5dd6779422c2ecb2902d7965f479e72a 0 0 0 0 0 1
train_jpeg/5deff64e4cad1fd10eb0d74c23e469d3 0 0 0 0 0 1
train_jpeg/5df459c558910e614a9eb6bd7b454777 0 0 0 0 0 1
train_jpeg/5e194561328ca9c3336e33297698d21f 0 0 0 0 0 1
train_jpeg/5e340572fe84e07654029950c56ac877 0 0 0 0 0 1
train_jpeg/5e407b2c94bf1b857b94ff35ed44526e 0 0 0 0 0 1
train_jpeg/5e7b3a88943d8c021ad176490a9db454 0 0 0 0 0 1
train_jpeg/5e850eb7ebc6e34bf640274e29c53249 0 0 0 0 0 1
train_jpeg/5e8a39bba1e7b9eb27e3b99fdcf8d2a4 0 0 0 0 0 1
train_jpeg/5e9c9b1f6be41b2e52b29cb98997aee6 0 0 0 0 0 1
train_jpeg/5eb3f5cb8e18778cad831a75d0e74d95 0 0 0 0 0 1
train_jpeg/5ec79a35752f7b502f063d69d55f676c 0 0 0 0 0 1
train_jpeg/5ee7d7e6df4cda91b44134754044751c 0 0 0 1 0 0
train_jpeg/5f149875df7d2b5e00fb50b67b576d71 0 0 0 0 0 1
train_jpeg/5f61f01f62827d84911aebb1dc24cc23 0 0 0 0 0 1
train_jpeg/5f671dd1207e96217c572146f08dc3a2 0 0 0 0 0 1
train_jpeg/5f7e9dab96933463abbb0c5bc5964f96 0 0 0 0 0 1
train_jpeg/5fbf0debb714847a6c44da31fe148b10 0 0 0 0 0 1
train_jpeg/6037626f8f22c760de042de41d1e8020 0 0 0 0 0 1
train_jpeg/605b338c46ea8eb4bd6dc1c1c466a38c 0 0 0 0 0 1
train_jpeg/607867449f9bc95be2e163509e254752 0 0 0 0 0 0
train_jpeg/6081e75c58a050442a9ff3a5a2a51ffc 0 0 0 0 0 0
train_jpeg/60de4d1a777eb52dcbbdc3db3f8b4fec 0 0 0 0 0 1
train_jpeg/60e641e62376dc3cfa71299033535b40 0 0 0 0 0 1
train_jpeg/61306376f68f499c2d6e52b56225012b 0 0 0 0 0 0
train_jpeg/613fd7f3a8b48248d4027c90a414ff9a 0 0 1 0 0 0
train_jpeg/61966d6f39bef799d5a19a7bc8215ab7 0 0 0 0 0 1
train_jpeg/619ff64bf5975183bdd2c0d46940a483 0 0 0 0 0 1
train_jpeg/61a153c76cdd06fc381288fe5ef546eb 0 0 0 0 0 1
train_jpeg/61b4f4821217a812bb5f63967f241d2a 0 0 0 0 0 1
train_jpeg/61f1b63d57ebeda7057f052360cd7810 0 0 0 0 0 1
train_jpeg/61fee17f99b29fc46130613d0e7ba7c2 0 0 0 0 0 1
train_jpeg/620664ee95e4f58879e35869ae08c12a 0 0 0 0 0 1
train_jpeg/621b6a6f53cbcf0c44a719b5258e74f2 0 0 0 0 0 1
train_jpeg/6230d822745eb0d7b5a9e8a5728d8e1d 0 0 0 0 0 1
train_jpeg/624decabb72afef84b63d24305cecf3d 0 0 0 0 0 1
train_jpeg/627e8a4ec2f7c02da8840a87651a2939 0 0 0 0 0 1
train_jpeg/627f1b996224a026e65f6e315b4c7cbd 0 0 0 0 0 1
train_jpeg/6284e06225c1bba8f413896721002e1f 0 0 0 0 0 1
train_jpeg/62895510090bb78cd33470447e1d98df 0 0 0 0 0 1
train_jpeg/629f7adb357049205885894711a12343 0 0 0 0 0 1
train_jpeg/62bdecf7581f32c52f3093de7bcc9904 0 0 0 0 0 1
train_jpeg/62deaf5f6e7d93b940f8dcdec0b6c121 0 0 0 0 0 1
train_jpeg/62eaa7c251280aa3c31139ea3f81f391 0 0 0 0 0 1
train_jpeg/63185740907730e76fc0df2c41365407 0 0 0 0 0 1
train_jpeg/633732084de1dcecb1aaa0dfce84b896 0 0 0 0 0 1
train_jpeg/6342af724f6e20084ae966f9bbc14207 0 0 0 0 0 1
train_jpeg/63572d2fe85618e17ee2937b1ccc220f 0 0 0 0 0 1
train_jpeg/639e53252ed92c51e57bede9afeb6d5d 0 0 0 0 0 1
train_jpeg/63f912f3d277cbcc65aca626565d5aab 0 0 0 0 0 1
train_jpeg/644b2b3c6b3e706926b92840144ab869 0 0 0 0 0 1
train_jpeg/6477e048ea0bdb984f8339a0b61ad933 0 0 0 0 0 1
train_jpeg/6480b6c219bbe0ffd852a83765aac20f 0 0 0 0 0 1
train_jpeg/64a606fb75f1f77d998a73cd45d30422 0 0 0 0 0 1
train_jpeg/64b7e04fb25df5d7a916d632833874d2 0 0 0 0 0 1
train_jpeg/64d3cdee64cc3a892b85575eccce7b92 0 0 0 0 0 1
train_jpeg/64e17b0f7b34294b7f74017bc01b080d 0 0 0 0 0 1
train_jpeg/64e1916ddd4fa85b9a58ac67d1bc5de4 0 0 0 0 0 1
train_jpeg/64ebff0a73f5c7daf54acb8d71ff0980 0 0 0 0 0 1
train_jpeg/64f085326690cc9c79ba64fb315d2dff 0 0 0 0 0 1
train_jpeg/651e3e80c37c3f1cd0c9fc5d267a99d4 0 0 0 0 0 1
train_jpeg/6535a046e90cc4e42bd3ac9598a07e06 0 0 0 0 0 1
train_jpeg/65ad4fb69f36c807fce87e66a1c6533d 0 1 0 0 0 0
train_jpeg/65c022ec43d252175815d4dbde63a3dd 0 0 0 0 0 1
train_jpeg/65e08c58565cb7c1707b3a63040837d5 0 0 0 0 0 1
train_jpeg/65e97b1e85197353e02e399d7a5e928d 0 0 0 0 0 1
train_jpeg/6605faf598579d666064f0a09cee2557 0 0 0 0 0 0
train_jpeg/66159784bcb98b06fa47abf4f9d6521f 0 0 0 0 0 1
train_jpeg/6617dc18304ba45ff2c6c6f1633748a5 0 0 0 0 0 1
train_jpeg/6623cc05fe0d5d91b39064da83f01260 0 0 0 0 0 1
train_jpeg/664141a1e5b55d29de9426a1979aedee 0 0 0 0 0 1
train_jpeg/66436645ce6cd996b4e492ec3f06219a 0 0 0 0 0 1
train_jpeg/6644b267058ae9b1d8b10ff905879bca 0 0 0 0 0 1
train_jpeg/66573ba393543d7bda876ed5a255adf9 0 0 0 0 0 1
train_jpeg/66982a5ce84caf7641c6baf9156693c5 0 0 0 0 0 1
train_jpeg/66bbe3b0df8f9b8bda1f11d3adb5940a 0 0 0 0 0 1
train_jpeg/673d2f7a0982b53c220ae202c35345b9 0 0 0 0 0 1
train_jpeg/683ec9af11ca7fe33686ddce989d3768 0 0 0 0 0 0
train_jpeg/687420f92b5e0de29fc1b44bb1bf7df8 0 0 0 0 0 1
train_jpeg/687ca0b62889d06335ba7a3d147baf76 0 0 0 0 0 1
train_jpeg/688061c46a310e823d2b0a498729f316 0 0 0 0 0 1
train_jpeg/68d9b3f46988bbd8e927dbfca77fc805 0 0 0 0 0 1
train_jpeg/68ffaf79e68c2d29606f985adf059803 0 0 0 0 0 1
train_jpeg/693e7e9777d7f16f4862ba62dcea1cfc 0 0 0 0 0 1
train_jpeg/6945a8192d248b14b7ee994adc12edda 0 0 0 0 0 1
train_jpeg/6954ee2f30240e9790436f1c0bf81912 0 0 0 0 0 1
train_jpeg/695d762dcadea1e7674d3448b111492a 0 0 0 0 0 1
train_jpeg/699a1e44e265a9a8d41b404cedae6842 0 0 0 0 0 1
train_jpeg/69cac543a42fac7f93546f0b614fdaa9 0 0 0 0 0 1
train_jpeg/69d3996aea16fd7e7397d27714c56f70 0 0 0 0 0 1
train_jpeg/69ea3cb5de2b638097e68aa955ad1087 0 0 0 0 0 1
train_jpeg/69ff3c692e683c861e29f83d58e17659 0 0 0 0 0 1
train_jpeg/6a068b7cdf1b78d1c4d2aef21a142cff 0 0 0 0 0 1
train_jpeg/6a54971c60216631888bc0b559f12a46 0 0 0 0 0 1
train_jpeg/6a5a92798a840e7b12533ada2e2816cb 0 0 0 0 0 0
train_jpeg/6a76f514b4a131896ab837c776c7d04d 0 0 0 0 0 1
train_jpeg/6ab5c431b22ff5d86b7fda584d8251e0 0 0 0 0 0 1
train_jpeg/6ada8f68e2f901b30feb74aaa0c32ba4 0 0 0 0 0 1
train_jpeg/6b26d8dbe5f1ef8a3de2d2815417d278 0 0 0 0 0 1
train_jpeg/6b44b2c4a86f4e2b8ac0092fab505f22 0 0 0 0 0 1
train_jpeg/6b4d9607b39cd302ab15ed2d8f148e5d 0 0 0 0 0 1
train_jpeg/6b75fcf73e3630eca7c4f1df3c7b4fa8 0 0 0 0 0 1
train_jpeg/6b7a5ee6ec7702b7fd9ed5ab4668cbe6 0 0 0 0 0 1
train_jpeg/6ba1d0209f95d342399db2231e62af00 0 0 0 0 0 1
train_jpeg/6bba06407f805ce70ae52a10fe38b1da 0 0 0 0 0 1
train_jpeg/6bbf54943c04324784c54e27de8dca85 0 0 0 0 0 1
train_jpeg/6bcaa8ca1344287b61e15b3e8cffcaf2 0 0 0 0 0 1
train_jpeg/6bd4b51f7f0d016f291b40f40e1bde20 0 0 0 0 0 1
train_jpeg/6beeef5f1c161b43a900b3b03318d28c 0 0 0 0 0 1
train_jpeg/6c3d8be75c2c2ac1ca496396fae6f61f 0 0 0 0 0 1
train_jpeg/6c9fe8b8ff904ab226c611a0e5567b32 0 0 0 0 0 1
train_jpeg/6cbb600a8aaf873bb91b799c31c84a2b 0 0 0 0 0 1
train_jpeg/6cbd13b06658fd36d2304b2ae9b82207 0 0 0 0 0 1
train_jpeg/6cc5b3e159d353a6e9e5c9388c74640e 0 0 0 0 0 1
train_jpeg/6ccd2936901b93611218fe9604cb383c 0 0 0 0 0 1
train_jpeg/6cd6250e56403799f76678165bcf91d8 0 0 0 0 0 1
train_jpeg/6cf076d01340d69f77857cd4708692d1 0 0 0 0 0 0
train_jpeg/6d77cebbbcaafe74863f18ad5e9549a5 0 0 0 0 0 1
train_jpeg/6d8478f09244fc42d4cef1c65e8ddd3c 0 0 0 0 0 1
train_jpeg/6dc197d0503400617170a11ab7812d73 0 1 0 0 0 0
train_jpeg/6dfb8cee6eb512cf449b31524584fd22 0 0 0 0 0 1
train_jpeg/6e2cfa861b5ba121bdd3a054621ad4a8 0 0 0 0 0 1
train_jpeg/6e324f1289698a4ec6f2baeed252ed76 0 0 0 0 0 1
train_jpeg/6e5776831430f043f18d70c93239457a 0 0 0 0 0 0
train_jpeg/6e85fdd4db708c020784d148659c6367 0 0 0 0 0 1
train_jpeg/6eae1d4353b0a57087ca071556aef1ec 0 0 0 0 0 1
train_jpeg/6ec9f6dfb3ea8a1615fd24b3dc072b20 0 0 0 0 0 1
train_jpeg/6eccc3e361a9cbaaa9a280f30d38f137 0 0 0 0 0 1
train_jpeg/6ecf4d9fc47523ed028206ab33244f8c 0 0 0 0 0 1
train_jpeg/6eec3fd09b4a8334a2cc5cb233228a6a 0 0 0 0 0 1
train_jpeg/6f766386cad8fec2a39bab9fbc3e44cf 0 0 0 0 0 1
train_jpeg/6f95a9001875b9dd105324cac339e4f0 0 0 0 0 0 1
train_jpeg/6fa1438e182fd577efba73531c0c35a8 0 0 0 0 0 1
train_jpeg/6fb9945498b3eee49e1eee600e78e9a4 0 0 0 0 0 1
train_jpeg/6fbeb3ec1ec16b267f98fc12cbab9b6f 0 0 0 0 0 0
train_jpeg/7021edd61c6640c497c774e6ef61e491 0 0 0 0 0 0
train_jpeg/706134f7cb42a91aaa6d858852de518b 0 0 0 0 0 1
train_jpeg/7079c0eb6355a5dfbd9873d6abdf0a34 0 0 0 0 0 1
train_jpeg/707c385d9f2bd692e1b9e3d9d4da8a9e 0 0 0 0 0 1
train_jpeg/7084059b156cac62b1126ec08e3ecbbd 0 0 0 0 0 1
train_jpeg/708e9255eba0c7279a625e6eb817f6d7 0 0 0 0 0 1
train_jpeg/70cd388750423edbe130a1198a1a3a96 0 0 0 0 0 1
train_jpeg/70e567ae5cbd788e91527948ced9c237 0 0 0 0 0 1
train_jpeg/719ef3ece6314f7962ffe89cfd4cdb7f 0 0 0 1 0 0
train_jpeg/71c1082bc237ebf8fe85306389b3634c 0 0 0 0 0 1
train_jpeg/723172eb9b2b9922d740149bcdd18720 0 0 0 0 0 1
train_jpeg/72338eba8f25aa318ee8581f4e020329 0 0 0 0 0 1
train_jpeg/723eed86d23d1fe4bf07ae5c9c6affcf 0 0 0 0 0 1
train_jpeg/7268ec445a6c2ffcc4a0fcf28199341e 0 0 0 0 0 1
train_jpeg/7285334919ab31104859f93fd3bd8187 0 0 0 0 0 1
train_jpeg/72c909d2fb1087e9588136505e9e7020 0 0 0 0 0 1
train_jpeg/72fa0ad37e8941fd77fa3b030944c0f9 0 0 0 0 0 1
train_jpeg/72ff64b0ef1232b9e57d51a2cadf8173 0 0 0 0 0 1
train_jpeg/73275cb4c28f25309c3414de04b64d6c 0 0 0 0 0 1
train_jpeg/7346308962a682d3671080d546e6fbdb 0 0 0 0 0 1
train_jpeg/73de4dfd9d1dd268f299b08c1ec3d4a2 0 0 0 0 0 1
train_jpeg/7420390f86743477b75da6c94a2a05f4 0 0 0 0 0 1
train_jpeg/747eec98df4c54df053df178cc8c2395 0 0 0 0 0 0
train_jpeg/7487afc84cf5bbc3de57737b08f6e87a 0 0 0 0 0 1
train_jpeg/74944a8dcfbe34a5f24abe292c6cd97f 0 0 0 0 0 1
train_jpeg/74dc4ee82bae04106855e78e3b0a340e 0 0 0 0 0 1
train_jpeg/7520d54e60d31f2310d1eb5c77a7507a 0 0 0 0 0 0
train_jpeg/753581089bcd75c2ba28375ac72ed77a 0 0 0 0 0 1
train_jpeg/756728bcb0238aed0175e8b4d26e7e7e 0 0 0 0 0 1
train_jpeg/758ecebbb7d3da26eeadc428aafc991b 0 0 0 0 0 1
train_jpeg/75a789a84afa7e36adc385a84f8b8c0f 0 0 0 0 0 1
train_jpeg/75b4afff533ef3bbced8fdae06ac6511 0 0 0 0 0 1
train_jpeg/75ed9329d92e12a8d1eb26cdaa0c5094 0 0 0 1 0 0
train_jpeg/760a877f8f42ca3e7729aca967e56b1f 0 0 0 0 0 1
train_jpeg/762d7c92fc97f018326c42e196fcedbf 0 0 0 0 0 1
train_jpeg/76baa8d5fd0bc8db4761566a6dcc65e4 0 0 0 0 0 1
train_jpeg/76bd6d60f495982df348eaf871cf2025 0 0 0 0 0 1
train_jpeg/77835724cdfcfeb3509584375709ea03 0 0 0 0 0 1
train_jpeg/77878b78f958b8cfbafb4da7130feaec 0 0 0 0 0 1
train_jpeg/779f3b4e5deddf8161905698bf806432 0 0 0 0 0 1
train_jpeg/77a01f5a6710d451996cc9075fe22eb7 0 0 0 0 0 1
train_jpeg/77c3750fdc5ae970693a6d7080ef702c 0 0 0 0 0 1
train_jpeg/780af107204cb03ec998564505246007 0 0 0 0 0 1
train_jpeg/7818fb1b87d3e5db37218f019278d6bd 0 0 0 0 0 1
train_jpeg/782695d44959640000d4afedab82a63f 0 0 0 0 0 1
train_jpeg/784ce01cd06b8294074b59c452dbadcb 0 0 0 0 0 1
train_jpeg/78c1b61cfb348be14a529e557ff63cf1 0 0 0 0 0 1
train_jpeg/78da90acc43f4955f1c5bd83507b3c76 0 0 0 0 0 1
train_jpeg/78e74c1de02fd646c20b2f46d22a4ae5 0 0 0 0 0 1
train_jpeg/78f34747eb66eb091fbc011c24c1a367 0 0 0 0 0 1
train_jpeg/793c5b4edfb03b51eb742cdf84702596 0 0 0 0 0 1
train_jpeg/79bd8310bd57dfd23d33bfe5b3cc81d3 0 0 0 0 0 0
train_jpeg/7a4ce7fce3df81a83c774e5a091e3bf2 0 0 0 0 0 1
train_jpeg/7a775d2937b716a76da7b36fc00b0294 0 0 0 0 0 1
train_jpeg/7aafebc428c47903130a7bf5d9c6d5b5 0 0 0 0 0 1
train_jpeg/7ac59121682ceee52113882e22577686 0 0 0 0 0 1
train_jpeg/7af97a01d24c91deb8fe5355014be936 0 0 0 0 0 1
train_jpeg/7afe7d6b62fec4f70b09008b9ada0fd7 0 0 0 0 0 1
train_jpeg/7b5b6fba00909823b4ce668012677732 0 0 0 0 0 1
train_jpeg/7b6c00f300b0aa2c2c2bd0b51edea43a 0 0 0 0 0 1
train_jpeg/7b8f2d8c5d78ecf3a06b49e3f46e52f0 0 0 0 0 0 1
train_jpeg/7b9b793a911c9bc192d550cc6b2b257b 0 0 0 0 0 1
train_jpeg/7ba985cac507ec83c1ef708071a90504 0 0 0 0 0 1
train_jpeg/7bc9ecd56967b9546f0af6e2e9537494 0 0 0 0 0 1
train_jpeg/7bfa5ec72b112db0a62976f026b11e9a 0 0 0 0 0 1
train_jpeg/7c1874e73e85727a0a12139add66bfa6 0 0 0 0 0 1
train_jpeg/7c31bfbc975f78cf311e7bd4d2f4c040 0 0 0 0 0 1
train_jpeg/7ccc4a3d0979aaafc7613f9d4c9c92b0 0 0 0 0 0 1
train_jpeg/7cfb2e7c9cee1792c6537e00128c286f 0 0 0 0 0 1
train_jpeg/7d3d289c824d3643eb22cdcde43afdf7 0 0 0 0 0 1
train_jpeg/7d57de3c3c7f81da4daab6094e01e9e8 0 0 0 0 0 1
train_jpeg/7d5c70800f518f6584e25b2a88238a22 0 0 1 0 0 0
train_jpeg/7d746268923b15615c93334eff3a6baf 0 1 0 0 0 0
train_jpeg/7d76598892e30352a76248c958fd6219 0 0 0 0 0 1
train_jpeg/7d79935d14c5af1e9b9d0d414f3e65a1 0 0 0 0 0 1
train_jpeg/7d96035b3771e1c56dc1f47f37a35672 0 0 0 0 0 1
train_jpeg/7d99044b9f2dc42f674600c8139f0652 0 0 0 0 0 1
train_jpeg/7dffef84bf3bb7ecbe7644b2a11b14b8 0 0 0 0 0 1
train_jpeg/7e20b83bce6da017ebe4ce49535232d3 0 0 0 0 0 1
train_jpeg/7e27268a3207b3c92b29380778076742 0 0 0 1 0 0
train_jpeg/7e2bd6a3845b5ead3134174e22c68265 0 0 0 0 0 1
train_jpeg/7e2c00df012b5314d02508317514e531 0 0 0 0 0 1
train_jpeg/7e2debe4301fb5848fe57fb2f8ada4d8 0 0 0 0 0 1
train_jpeg/7e771799f53cb06ea951e7909d3c6522 0 0 0 0 0 1
train_jpeg/7ec1177a72b786ae2be31bddee000f93 0 0 0 0 0 0
train_jpeg/7ed24ce6b41f8756cc9cd5fc6a669e14 0 0 0 0 0 1
train_jpeg/7efccd93a8f6bebfd5b3d1443ded4cbc 0 0 0 0 0 1
train_jpeg/7f0d9559e81ae52e9d046609d419dca1 0 0 0 0 0 1
train_jpeg/7f4740eeb1ebdf4d7572eb959fa9700b 0 0 0 0 0 1
train_jpeg/7f6e22a61e1e4a61282e4f2b4d5ec0b3 0 0 0 0 0 1
train_jpeg/7f71a9ac115f976a323e6a346fb99bad 0 0 0 0 0 1
train_jpeg/7fa4801b2d2af2aaf5ba824af5c8ca8c 0 0 0 0 0 1
train_jpeg/7fd2b33ac919d2d1b4ec6d4098256e59 0 0 0 0 0 1
train_jpeg/8010ca3580d86b532fe5f73ef9ff2c49 0 0 0 0 0 1
train_jpeg/8015e5edbf16541fef78e6f8859764e4 0 0 0 1 0 0
train_jpeg/80494023b09f661f00cca8ebaef860c2 0 0 0 0 0 1
train_jpeg/80566ec123fa2c9bbb6483c7d9ed9643 0 0 0 0 0 1
train_jpeg/806c1d836d96096533f0c5ab3b0c5a7f 0 0 0 0 0 1
train_jpeg/806c20c1d5b38e2ca7941854ec66659f 0 0 0 0 0 0
train_jpeg/8073db37a31c49306c6aad99a7b84808 0 0 0 0 0 1
train_jpeg/80825dba437faa3185cf44702a3c5a2e 0 0 0 0 0 1
train_jpeg/8098dc94fc5ba23973dae0e0912c0053 0 0 0 0 0 1
train_jpeg/80ae70d50e38a2be0e324371c1e41bad 0 0 0 0 0 1
train_jpeg/80b62b3cd010cffd870e611d99593081 0 0 0 0 0 1
train_jpeg/80db2b87a1596458b6188888391ab4d6 0 0 0 0 0 1
train_jpeg/80dd01e17222cdf9eef92e8c986179fb 0 0 0 0 0 1
train_jpeg/810470b77c45ea68e800052d56192d79 0 0 0 0 0 1
train_jpeg/812ed04068507604227752b581ea7dbb 0 0 0 0 0 1
train_jpeg/81703345656b74f04c38727c7b817735 0 0 0 0 0 1
train_jpeg/817156a6b23080b1a200ec0b0a2f36c2 0 0 0 0 0 1
train_jpeg/81b84cb547ada6c0a05c8c6dea989b31 0 0 0 0 0 1
train_jpeg/81caf8f52f61ca62184dacab65649105 0 0 0 0 0 1
train_jpeg/81cd411b0c04890206277a524f968a6b 0 0 0 0 0 1
train_jpeg/82225c7d9d9d257ff166c37a90909c8e 0 0 0 0 0 1
train_jpeg/8244bfb4b2a346678d4a6f84b33070d2 0 0 0 0 0 1
train_jpeg/8273b02ab7701ea501d65e5f2b92585f 0 0 0 0 0 1
train_jpeg/82b0803c018e309b370168b0ac9f2c9a 0 0 0 0 0 1
train_jpeg/82cc080c1b41686a81fcf03aedae2442 0 0 0 0 0 1
train_jpeg/82dda789847403a8544ad1e6928571bf 0 0 0 0 0 1
train_jpeg/83199f1f78d9dbe5d682082ec9a46897 0 0 0 0 0 1
train_jpeg/831f068a9f85c88b9b184db910f1fe07 0 0 0 0 0 1
train_jpeg/834f395ef75cdefe26c9d2cb3cf809b4 0 0 0 0 1 0
train_jpeg/83a17ed23c12f2d4bd03cfa2b34264d4 0 0 0 0 0 1
train_jpeg/83dd247bd08d6eb65a536e43796c69b0 0 0 0 0 0 1
train_jpeg/83fbff8c7d3d607f2d3bdf88e7548e77 0 0 0 0 0 1
train_jpeg/842617f4f69fc13da1b7794555d8356a 0 0 0 0 0 1
train_jpeg/84688a6536fcaf82f65841ad717e9329 0 0 0 0 0 1
train_jpeg/847a4481225784f0ddf4c38b594278b7 0 0 0 0 0 1
train_jpeg/84823b0b03c61f4a8d1f6cc074dfea3c 0 0 0 0 0 1
train_jpeg/848a8f3f7a4d210c2ee4901b0e07369a 0 0 0 0 0 1
train_jpeg/84c87b7beb63b5b3ac76ed9da17c7033 0 0 0 0 1 0
train_jpeg/84ccfc2b291a2986d20f22861de7f699 0 0 0 0 0 0
train_jpeg/84eb3e8b282f648bbc43c356f058f24e 0 0 1 0 1 0
train_jpeg/84ff96ac0729a419a44000cbbd2891dd 0 0 0 0 0 1
train_jpeg/85041ac1ad6809cdf9d2900226fe5194 0 0 0 0 0 1
train_jpeg/853619e73f96b4df89652afada64a151 0 0 0 0 0 1
train_jpeg/857e10e6ba1ec2b72f23f3396a2e000e 0 0 0 0 0 1
train_jpeg/85b4d2245736df99dd72eda3924b7dcf 0 0 0 0 0 1
train_jpeg/85cfc59f138f490784170dbaeb0112a7 0 0 0 1 0 0
train_jpeg/85e558f168eaa79e303217aa77846522 0 0 0 0 0 1
train_jpeg/86930a4f8b68b79ffb9659d67fcd3249 0 0 0 0 0 1
train_jpeg/86bee6a64c8148fe1e08012b9f8ebbce 0 0 0 0 0 1
train_jpeg/86c32da60c6f07481ad2bc48ec8378d8 0 0 0 0 0 1
train_jpeg/86d28573de77dd3966c78b2b471117d1 0 0 0 0 0 1
train_jpeg/86f1a3f542e3cb98186b18322ed18b61 0 0 0 0 0 1
train_jpeg/8735dbb94fc3e09cd42b44c3e07c654e 0 0 0 0 0 1
train_jpeg/8744237e216189b00132b35c7af1b1c5 0 0 0 0 0 1
train_jpeg/8757ef60dda6f5ea955f720ee1271b70 0 0 0 0 0 1
train_jpeg/87582e6226d2bfd8eaeb07ba32def9a9 0 0 0 0 0 1
train_jpeg/878388e79ebdbc0af00dcda00431854a 0 0 0 0 0 1
train_jpeg/8788745c121bcbce59873c943afa0ebd 0 0 1 0 0 0
train_jpeg/879813e530746de2e2fbbfcded4c7804 0 0 0 0 0 1
train_jpeg/87c3cdf9d5dab832b01f2c94321e3130 0 0 0 0 0 1
train_jpeg/87fdaa98d570ac156bfaa0d863401373 0 0 0 0 0 1
train_jpeg/886159a41e7589ba0d0713980591e27d 0 0 0 0 0 0
train_jpeg/886287a985cb25fb5cd072a9d3e3d0c5 0 0 0 0 0 1
train_jpeg/889129958ca07c898313de01d8980e09 0 0 0 0 0 1
train_jpeg/88d426cc4eac97da6e32f5533597fb59 0 0 0 0 0 1
train_jpeg/88ddf35371237909c6910163445bff97 0 0 0 0 0 1
train_jpeg/89068be45da02828aa9841f9901c845f 0 0 0 0 0 1
train_jpeg/8912ff28e4b5fd0a5e101fef66dabaa5 0 0 0 0 0 1
train_jpeg/89297f7803c6d2d9620f3dfe14a2a358 0 0 0 0 0 1
train_jpeg/893e0aba4c16fcda10142283c97925c1 0 0 0 0 0 1
train_jpeg/89f9fc62f4e0a0d79ecd90ad9c2d1f71 0 0 0 0 0 1
train_jpeg/8a04279a3f39ab448af01bf8121c5603 0 0 0 0 0 1
train_jpeg/8a3a27f152ad0f45501dbb5bf3c871f1 0 0 0 0 0 1
train_jpeg/8a6d6cfef94546b6833aca6e9acaa406 0 0 0 0 0 1
train_jpeg/8a8dfb35de1667ab00b27caf1d4b61df 0 0 0 0 0 1
train_jpeg/8ac80452eb6c8f9f14d653c869ee63d0 0 0 0 0 0 1
train_jpeg/8ae5be46f7b51d9cf7fbc3f7001a053a 0 0 0 0 0 1
train_jpeg/8b4d0d466575a85fd083c3d14fdc6dfc 0 0 0 0 0 1
train_jpeg/8b5b5f74e9a9f1c08ffc8015e26c84ab 0 0 0 0 0 1
train_jpeg/8bbafb60613e55d5fd4f9ee2fccbf7a1 0 0 0 0 0 1
train_jpeg/8be157ed11fc1bb06d77637ae7da43bc 1 0 1 0 0 0
train_jpeg/8c0185c222f81cd07d085edfc65aa416 0 0 0 0 0 1
train_jpeg/8c1530d871c3dbc19cfa13f055661411 0 0 0 0 0 1
train_jpeg/8c236e145b88af99532fae385e19dbf8 0 0 0 0 0 1
train_jpeg/8c2561a4658d953382b571a399170cf7 0 0 0 0 0 1
train_jpeg/8c44b7408d812e046b96606dd556fd08 0 0 0 0 0 1
train_jpeg/8c6cbbc156f7eb5d6132c937d089f014 0 0 0 0 0 1
train_jpeg/8c93071f4d3c65844fe16c44a12a7213 0 0 0 0 0 1
train_jpeg/8c9c4b89ed3cc02a57ae9c3386ca11f4 0 0 0 0 0 1
train_jpeg/8cbbc48f4f7d217892a6caff8152dc6d 0 0 0 0 0 1
train_jpeg/8cec1f0e31fddd81f3d7220b9d8a508c 0 0 0 0 0 1
train_jpeg/8cff1d0d83131cdb17a7ee37f046f730 0 0 0 0 0 1
train_jpeg/8d483805b3489befc1afdd2c8c2aa352 0 0 0 0 0 1
train_jpeg/8d73e1a7177236b643e797a44fbe56eb 0 0 0 0 0 1
train_jpeg/8dbbe68eac92a7f6361cf1e43af49af1 0 0 0 0 0 1
train_jpeg/8dc560b60321213566bdb9fa221a2749 0 0 0 0 0 1
train_jpeg/8e49cc23db589bc0acd59a8841128560 0 0 0 1 0 0
train_jpeg/8e9b41a52054f85e6cafe253c8deeab9 0 0 0 0 0 1
train_jpeg/8ed4976e3f507617cea65e8b068cbb1e 0 0 0 0 0 1
train_jpeg/8ed4abd01a8abe4281322901bc1e4906 0 0 0 0 0 1
train_jpeg/8ee81fa4b7356d4dfe8069e8f5a8d785 0 0 0 0 0 1
train_jpeg/8f1dc4cdee710c505afeb711377c07be 0 0 0 0 0 1
train_jpeg/8f4a6323f8001cb8628229ad71fc6988 0 0 0 0 0 1
train_jpeg/8f53904e77e3c20fc28a489d9737d973 0 0 0 0 0 1
train_jpeg/8f5d2902d94b8b34007b77368b84b0e8 0 0 0 0 0 1
train_jpeg/8f79f74f8135b22982836178f2bc751a 0 0 0 0 0 1
train_jpeg/8f915a9084e8b3654c7c9c37d5d9768a 0 0 0 0 0 1
train_jpeg/8f9d7553d513eef9bee8ed9ddf5db054 0 0 0 0 0 1
train_jpeg/8fb6a298b6c2845714cef3a65faa1c72 0 0 0 0 0 1
train_jpeg/8fca80e7b01704575f553adf60d9c3ed 0 0 0 0 0 1
train_jpeg/8fee4f9f9c8e1b85708e42ac0f990d81 0 0 0 0 0 1
train_jpeg/900809f90cb65b6fa2615c805e173f39 0 0 0 0 0 1
train_jpeg/9026f47a42aaf8c22c7161556f67c5b6 0 0 0 0 0 1
train_jpeg/9043e39c8e52843751e7cc9edc2c02e6 0 0 1 0 0 0
train_jpeg/904ef1ed19b812d07c74532ce1ea80d9 0 0 0 0 0 1
train_jpeg/9087f814c3270de94a9bd7cd0ed258c0 0 0 0 0 0 1
train_jpeg/909ab0321cdc507243c58b1f95ef55bf 0 0 0 0 0 1
train_jpeg/911c04a6e6222a44ef3847876dc1c0b9 0 0 0 0 0 1
train_jpeg/913386914d3d68400a45e88f7f2e8d4d 0 0 0 0 0 1
train_jpeg/916917dc9ec6191ac3c32d8b2c6571e2 0 0 0 0 0 1
train_jpeg/91bd34988db056a443f2652abd2c9f81 0 0 0 0 0 1
train_jpeg/91c9a4a1c2b1c36ddf2840c3dc6a755e 0 0 0 0 0 1
train_jpeg/91f1c20e4e0753f19022f919014aaa3d 0 0 0 0 0 0
train_jpeg/9229dbc9e79d1a96f2d3a827506fc5d1 0 0 0 0 0 1
train_jpeg/9273bd554f5d9340a11722070a53c65b 0 0 0 0 0 0
train_jpeg/92961d9fa6d18f13f788f8ebfea45d63 0 0 0 0 0 1
train_jpeg/92cc2be1500427075fed66385ea7dc97 0 0 0 0 0 1
train_jpeg/92dd1dbfcae9c897709b2a3b83af54e1 0 0 0 0 0 1
train_jpeg/92f0ebeda3513fae175185ecff6ecf0e 0 0 0 0 0 1
train_jpeg/93406be09e29df294b85ef9eb09b10c8 0 0 0 0 0 1
train_jpeg/934ae4059e70c35de6227bb171b026f5 0 0 0 0 0 1
train_jpeg/937fa4dd4fcb43ab1d7e0516305a48dc 0 0 0 0 0 1
train_jpeg/938c334f4b35ca75b953f86378fe9975 0 0 0 0 0 1
train_jpeg/938d2fcf6e65f8b9f1489dd8ceab7ca8 0 0 0 0 0 1
train_jpeg/9392bf868724b18bb06b2ee710d69e12 0 0 0 0 0 1
train_jpeg/93dc4bee9e002edb102b9732c102724e 0 0 0 0 0 1
train_jpeg/9419414560d0ad2da475ffaed99499fb 0 0 0 0 0 1
train_jpeg/944d77a54c81f6665672728f3cc65c23 0 0 0 0 0 1
train_jpeg/94666bba608908c0341b30263f10a129 0 0 0 0 0 1
train_jpeg/9467830e0f4dc6dc755718f994cc7a3b 0 0 0 0 0 1
train_jpeg/94743d446fac609118a2e7061d6c833f 0 0 0 0 0 1
train_jpeg/948c5398a7c0fe56094764659ca93772 0 0 0 0 0 1
train_jpeg/94db14c4d9cc5b73cd4ccc12e94d566a 0 0 0 0 0 1
train_jpeg/94e6070d9566edf22f3ac36236604577 0 0 0 0 0 1
train_jpeg/94efecb6752f0a4dda3de5880520478a 0 0 0 0 0 1
train_jpeg/951f37f1a2b9eeda8687588d6c1395f0 0 0 0 0 0 1
train_jpeg/956968f00cae86775c7b54bdc9f8ec0e 0 0 0 0 0 1
train_jpeg/959cb0680fbb9779352b9e42feef7977 0 0 0 0 0 1
train_jpeg/95ff2398dc8a97bde3e44e0d57f29749 0 0 0 0 0 1
train_jpeg/9603e92ab8b666cea595350970e5a497 0 0 0 0 0 1
train_jpeg/9619fd51cacde00be45411bee20d371d 0 0 0 0 0 1
train_jpeg/9637e54d9a4162ab8c4370d45eb3a069 0 0 0 0 0 1
train_jpeg/9658074bb66e4e68d6fab1fd949fa62b 0 0 0 0 0 1
train_jpeg/96d2bd5e74a349ffd6934e08a9470cd9 0 0 0 0 0 1
train_jpeg/971017a6e889f928612db963fff2034a 0 0 0 0 0 1
train_jpeg/971793b9ed96c4868d2f1c236ff97132 0 0 0 0 0 1
train_jpeg/972f8298395b49ef09c8faf6a04e22b0 0 0 0 0 0 0
train_jpeg/973b11ed160c27c132551b977e2035a2 0 0 0 0 0 1
train_jpeg/974098983e6881cd7026424c5fd2b416 0 0 0 0 0 1
train_jpeg/97b6462ef16212a075882c76cbb02c72 0 0 0 0 0 1
train_jpeg/97f2532b23e896cc3fa4881b574616cd 0 0 0 0 0 1
train_jpeg/97fe3100065217d8818a7391c0fdaa99 0 0 0 0 0 1
train_jpeg/983bb1fe3d1c3d009b4dbc470a2be49e 0 0 0 0 0 1
train_jpeg/9850d20ee4d2bf722154a90ae07ddff8 1 0 0 1 0 0
train_jpeg/9852b93d2e984a4c427f7d14be534717 0 0 0 0 0 0
train_jpeg/9870bcb3e4c078c7ed4c8b0cf61bf6ff 0 0 0 0 0 1
train_jpeg/989d4c50abad1ca221eed512f9304b77 0 0 0 0 0 1
train_jpeg/98d438ae085cd4fcf430fa9bdce295f6 0 0 0 0 0 1
train_jpeg/990100555b4fe76dfdd55171e8fcc8a9 0 0 0 0 0 1
train_jpeg/992d78f7d7396581dedf62938ded80aa 0 0 0 0 0 1
train_jpeg/9957e7e58690f10dcdb02b0048a3a1df 0 0 0 0 0 1
train_jpeg/997018ea56a7f8300ed36818913a6c3e 0 0 0 0 0 1
train_jpeg/99a6743fa1b152cd6faae6e2966a01bd 0 0 0 0 0 1
train_jpeg/99bac8deff3eb3beb9479e0c080940f7 0 0 0 0 0 1
train_jpeg/99c08d49bf151e21d875027ca000bcc9 0 0 0 0 0 1
train_jpeg/99cb0ed6b63c75966bf4714c1ff4c7cf 0 0 0 0 0 1
train_jpeg/9a515577750417b5e6d096b6ae16880e 0 0 0 0 0 1
train_jpeg/9a55eaf833d51c807f321c46b8cde73e 0 0 0 0 0 1
train_jpeg/9ac29df6a5cc619b147221fb53181d5f 0 0 0 0 0 1
train_jpeg/9accdad5369d3b030a1f380f4ebdd6b9 0 0 0 0 0 1
train_jpeg/9afff561bc73077fdbbcb1dbe817d112 0 0 0 0 0 1
train_jpeg/9ba0cb91053c58194976504994cd1a6c 0 0 0 0 0 1
train_jpeg/9bd05fa83f79de378ecfe3ca14e64bbb 0 0 0 0 0 1
train_jpeg/9bda9a00fb6bb9a1bc1e511e69f269de 0 0 0 0 0 1
train_jpeg/9c442dd90183b3bdfc38a3f81845658f 0 0 0 0 0 1
train_jpeg/9c89004f6827ca42cc151098ce8bd986 0 0 1 0 0 0
train_jpeg/9ca2725b69db57ebc2df26a7da70affb 0 0 0 0 0 0
train_jpeg/9cacc0c4336366d74bdd322c71c68327 0 0 0 0 0 1
train_jpeg/9cb2caee92dbc3f4567df483ae880a6a 0 0 0 0 0 1
train_jpeg/9cc0d05c525ff092ae62b5876acde82b 0 0 0 0 0 1
train_jpeg/9cf5b8224f59b7efc9c41af444cb3bc0 0 0 0 0 0 1
train_jpeg/9d124eeeddaf6132854c92ac76a9ca16 0 0 0 0 0 1
train_jpeg/9d25a49dcfd33a593605da5b2cecfe2b 0 0 0 0 0 1
train_jpeg/9d46209b17ae9d14fcc7039796d05e6f 0 0 0 0 0 1
train_jpeg/9d7593d2ecec04359396db7bef01e710 0 0 0 0 0 1
train_jpeg/9df6fc705f64aff96686f44fdbf9d73f 0 0 0 0 0 1
train_jpeg/9e104788d948797f70790dce9067c277 0 0 0 0 0 0
train_jpeg/9e39dc984383c166059841f2bca8cdd7 0 0 0 0 0 1
train_jpeg/9e4494bb24faf76970a1116cda4da0fc 0 0 0 0 0 1
train_jpeg/9e4f8b07c7cfc2e3be4481e8f3507108 0 0 0 0 0 1
train_jpeg/9e9cc9d084546cb6d7f7ddba63411a81 0 0 0 1 1 0
train_jpeg/9ebe7ffd8763715c9d2cc87404dbf80d 0 0 0 0 0 1
train_jpeg/9ef2c06481a9e65d71e6743d04217462 1 0 1 0 0 0
train_jpeg/9f006d9ef6436bb178b81edfbcc43679 0 0 0 0 0 1
train_jpeg/9f043a4c5c64473ac13c6ff6cf6c4fa5 0 0 0 0 0 1
train_jpeg/9f4d59945cb1bc2f3dd51754a5943e3c 0 0 0 0 0 1
train_jpeg/9f79612cb768f8fa50a6cb22e4e38a2a 0 0 0 0 1 0
train_jpeg/9f7ac02c7456ab3178c7997e15cdce84 0 0 0 0 0 1
train_jpeg/9f9540fc6cacfafb232878e33ce1d8e3 0 0 0 0 0 1
train_jpeg/9fb8448d2d7ce8d93e129a16906074e3 0 0 0 0 0 1
train_jpeg/9fbf300467f7aa281430832b244e8018 0 0 0 0 0 1
train_jpeg/a0321542b6089703f2304ff25ff083ad 0 0 0 0 0 1
train_jpeg/a05d02bcf44861404c6aa8e020e5de0e 0 0 0 0 0 1
train_jpeg/a08205e66471295150b3a9a61cd7f3ed 0 0 0 0 0 1
train_jpeg/a083b9235a837f1f0171174a00ea538c 0 0 0 0 0 1
train_jpeg/a0d944e7bc5598c15fa5dc9bb4053bf7 0 0 0 0 0 1
train_jpeg/a10cb1cf1e7fb4c18ce291bde0edd97a 0 0 0 0 0 1
train_jpeg/a12c284f80ffbfa559fc73a17851f7e3 0 0 0 0 0 1
train_jpeg/a17702ec12293392073a23a4eec7ddf4 0 0 0 0 0 1
train_jpeg/a1a8535d6f44ee3d72a0f64b2555546d 0 0 0 0 0 1
train_jpeg/a1aaab69be8475b3be2f052ebf618eeb 0 0 0 0 0 1
train_jpeg/a1b5cfca2b1906d2d92b6668e39501fe 0 0 0 0 0 1
train_jpeg/a1c28c6577b846888f74e51aa2bf60b4 0 0 0 0 0 1
train_jpeg/a1d1cbb23e3efdbbbcfccc03e9624356 0 0 0 0 0 1
train_jpeg/a1df46be5ace1fcd65a304d44f83a1a6 0 0 0 0 0 0
train_jpeg/a1e2ef3ddab1424e24479cb95501e667 0 0 0 0 0 1
train_jpeg/a21417454475fad0efd885b19db28e18 0 0 0 0 0 1
train_jpeg/a216dd0390a36ce441556512e599ffc5 0 0 0 0 0 1
train_jpeg/a29792eee5ee65480c4537ce1fcfee24 0 0 0 0 0 1
train_jpeg/a2a8eb578628cb2c353e6b6dc311de5c 0 0 0 0 0 1
train_jpeg/a2cb3324f157241988e4061a60c9e136 0 0 0 0 0 1
train_jpeg/a2dc602b1882fc33e021c0c63c87aec7 0 0 0 0 0 1
train_jpeg/a2fc8eb18befd9fe711da44cee00338c 0 0 0 0 0 1
train_jpeg/a3008ac0538678bc6ea3453fb0880bd2 0 0 0 0 0 1
train_jpeg/a305cc27ac9afe19b9873329b373fcf0 0 0 0 0 0 1
train_jpeg/a341ed51756547e8d43f052b7994d0ec 0 0 0 0 0 1
train_jpeg/a3505263b75023b90b3bfcc7524d6310 0 0 0 0 0 1
train_jpeg/a42d877671b9903f7008e1613a16bf6f 0 0 0 0 0 1
train_jpeg/a463c0f3cc9f4945ce7f70d7b3f94819 0 0 0 0 0 1
train_jpeg/a46630aee2bd7da6617637604eca3086 0 0 0 0 0 1
train_jpeg/a490ed81448de3aaf331a67835776d20 0 0 0 0 0 1
train_jpeg/a5043dea5ccbb464991918bf894aafd2 0 0 0 0 0 1
train_jpeg/a553bd2b261d739ed6503b815d5fd965 0 0 0 0 0 1
train_jpeg/a55fc773adf926e2a04122ef68ed50cb 0 0 0 0 0 1
train_jpeg/a561db26fb599aa9b36ea4c3f34cfa8e 0 0 0 0 0 1
train_jpeg/a59b404c0b03f0635c723a4c05ea62ce 0 0 0 0 0 1
train_jpeg/a59e00cd3b1ea253ae338e2bef9d143c 0 0 0 0 0 1
train_jpeg/a64fc5cd6dcfe7e66a5b64f0b313cfa3 0 0 0 0 0 1
train_jpeg/a652db62c7bd93e13633f707ce208cc9 0 0 0 0 0 1
train_jpeg/a6674a7ecb3e0493d4b4bc7fda25da88 0 0 0 0 0 1
train_jpeg/a673256f7b975e11bf89dbb29f4565b9 0 0 0 0 0 1
train_jpeg/a68f8cf139999708da7b3aa3e6594d4a 0 0 0 0 0 1
train_jpeg/a6c0cadaed94c0183782c4e26b47ad1d 0 0 0 0 0 1
train_jpeg/a6d40c4c1c08b1d89adca15d9952526d 0 0 0 0 0 1
train_jpeg/a77e1d00ec6a45a10a5c3414e115f972 0 0 0 0 0 1
train_jpeg/a78f1eee245f31219a997e3c1d6b63a0 0 0 0 0 0 1
train_jpeg/a79e4b1c72a57047464f65c65f2b7ff3 0 0 0 0 0 1
train_jpeg/a7b7907cb8643cf431677e6163943ab4 0 0 0 0 0 1
train_jpeg/a7bba955cdf410ec6da045191a8c056c 0 0 0 0 0 1
train_jpeg/a7e7dbcc763a3e07babd629dfd16c5e4 0 0 0 0 0 1
train_jpeg/a83affb76f04a1d29fa967e6ef3c4bcd 0 0 0 0 0 1
train_jpeg/a88295796bf6bc9cec53f76527a08cc4 0 0 0 0 0 1
train_jpeg/a88facb2e1f2af6f887c2603efd891ff 0 0 0 0 0 1
train_jpeg/a8ba44710ed9f78bdf9a52c28da82ace 0 0 0 0 0 1
train_jpeg/a8c660e329167de455edee73f47606d1 0 0 0 0 0 1
train_jpeg/a8ca5feabfe90a8e8e0362edce19cab6 0 0 0 0 0 1
train_jpeg/a9066012a6b59ef2a153a05091517cb6 0 0 0 0 0 1
train_jpeg/a9327189753ce26eebbddaaf73f241da 0 0 0 0 0 1
train_jpeg/a9519035bae20b2267b38445724221a2 0 0 0 0 0 1
train_jpeg/a958385942b02ab4483188ba5c5a3dad 0 0 0 0 0 1
train_jpeg/a984d1ccc1a85ce9cd268e3b80d59122 0 0 0 0 0 1
train_jpeg/a98bf3259fda4941663b88ff1efc7625 0 0 0 0 0 1
train_jpeg/a98f2b52fcc332bfecc15a97d2f6db35 0 0 0 0 0 1
train_jpeg/a9938093c9f45ebb143d48c9236cde98 0 0 0 0 0 1
train_jpeg/a9cb470818b2e038b74d811f3b9e4bee 0 0 0 0 0 1
train_jpeg/a9cc2f2d386fc3de3d20da289cdce689 0 0 0 1 1 0
train_jpeg/a9ed4b5aaf129325369ebae1cfd5e321 0 0 0 1 0 0
train_jpeg/a9f2816d377349f221a96f46c728d36e 0 0 0 0 0 0
train_jpeg/aa3ed03e871e760ea3e824ce77498c75 0 0 0 0 0 1
train_jpeg/aa4cf76226d7f21f2d98f6dbf14b0ed8 0 0 0 0 0 1
train_jpeg/aa6475267e83947ee5078281a7ff3df3 0 0 0 0 0 1
train_jpeg/aa811a4bf3fed951a497be29b273ffc4 0 0 0 0 0 1
train_jpeg/aa974c2b6ea5fcf05bab269a9c9d4437 0 0 0 0 0 0
train_jpeg/aac144daa37a312e2c919bc803b0538f 0 0 0 0 0 1
train_jpeg/aacd0a8ec30a8e0a2feccbdb165dc8c9 0 0 0 0 0 1
train_jpeg/aadca4c2d680af0c23325b0f16cedb97 0 0 0 0 0 1
train_jpeg/ab1b2498d8770cdc4e45374618612fa3 0 0 0 0 0 1
train_jpeg/aba3749b22a3bb954504aaa5b447bfa8 0 0 0 0 0 1
train_jpeg/abc052d0674088cf5ed36044f394ee93 0 0 0 0 0 1
train_jpeg/abc4b79db99cd7f87b59ae2ad55c169f 0 0 0 0 0 1
train_jpeg/abc53b4a032de3231d80353c6f49e3a8 0 0 0 0 0 1
train_jpeg/ac30ed2b98e5549a216a3b45aa0c86b2 0 0 0 0 0 1
train_jpeg/ac712d8f66878f5c7b836c0f481237a9 0 0 0 0 0 1
train_jpeg/aca6c386b330437c2dcc29551f7d25d8 0 0 0 0 0 1
train_jpeg/ace8679282aed8bfb0586dc2ece0a75b 0 0 0 0 0 1
train_jpeg/acfaf30ac9340a1679d1d584b800cdf2 0 0 0 0 0 1
train_jpeg/ad0fae23cb517dbc4c7c1038996b08f2 0 0 0 0 0 1
train_jpeg/ad15f44fa6a2c4e84ec0db08e47d1482 0 0 0 0 0 1
train_jpeg/ad2419105cc4860128812a0718a61aff 0 0 0 0 0 1
train_jpeg/ad47b5fc69425a039a8d98cb9798d34a 0 0 0 0 0 1
train_jpeg/ad65ef4667adaa5e3bc774ad80158540 0 0 0 0 0 0
train_jpeg/ad7a6c723992c7b272768f57f3f41335 0 0 0 0 0 1
train_jpeg/ada233117aabf4db3bb6ab1507a60c63 0 0 0 0 0 1
train_jpeg/add5a53fc2f41e820147d9abc5e1da16 0 0 0 0 0 1
train_jpeg/adef9dba6952bc9f0e12ec333d323702 0 0 0 0 0 1
train_jpeg/adfeecc2c9520591fa8e12688bcebda9 0 0 0 0 0 1
train_jpeg/ae067560d404de903c68858d9916b6f7 0 0 0 0 0 1
train_jpeg/ae0b557d5aeddf9fb47cf2cd0dcdba3f 0 0 0 0 0 1
train_jpeg/ae27391445a96f7c1cab7e2269ff962a 0 0 0 0 0 1
train_jpeg/af070ec995bc4fd4ebe6c4af7ebab4ff 0 0 0 0 0 1
train_jpeg/af1c56655da271042c654a5911d696bf 0 0 0 0 0 1
train_jpeg/af201da8a5f8354c4c3291995d5cbafd 0 0 0 0 1 0
train_jpeg/af3e2ee699e10cbef074430f1e3f27f3 0 0 0 0 0 1
train_jpeg/af72df4fed0840069895f6a308724101 0 0 0 0 0 1
train_jpeg/af8c3c5b00e34b6b5c4471aae6dc5a90 0 0 0 0 0 1
train_jpeg/afae10b91e3e55cf509f8149366ebe2f 0 0 0 0 0 1
train_jpeg/b06508a46843af6469b1d15e2dd345f6 0 0 0 0 0 1
train_jpeg/b0760193b8f68a45cb4f8f822c35de63 0 0 0 0 0 1
train_jpeg/b0d240b51e6f6bd1c138e62aebb14b07 0 0 0 0 0 1
train_jpeg/b127a6da511c3c1d544b54fc52e9c6b7 0 0 0 0 0 0
train_jpeg/b13d914db2c2fd9b1b443dca87cb3ab7 0 0 0 0 0 1
train_jpeg/b14ae4deac87240d4a179741a8779a3f 0 0 0 0 0 1
train_jpeg/b1615f167b9d06c47358128916361fc0 0 0 0 0 0 1
train_jpeg/b171f32d3ccd246ef009595b9fe9e205 0 0 0 0 0 1
train_jpeg/b19140c03d24dd602afccafbb6485930 0 0 0 0 1 0
train_jpeg/b1c50f14b8ed2fe9d3478b115600eee3 0 0 0 0 0 1
train_jpeg/b1d77ef5e81e364764c2f97a3a317be6 0 0 0 0 0 1
train_jpeg/b1d7cd4432f36fc46d4e49f01def1cbe 0 0 0 0 0 1
train_jpeg/b2d057ff2d8cde63dee83fb760f4e8d9 0 0 0 0 0 1
train_jpeg/b2d52fe2c8bd9663dd3dddcc4049ac6d 0 0 0 0 0 1
train_jpeg/b2da731a6a1f3b124158c4747ab422ea 0 0 0 0 0 1
train_jpeg/b2df3c7adbabc1dfe92f13bc9ba744ef 0 0 0 0 0 1
train_jpeg/b2df8e7f5070e86f339c3750a6568887 0 0 0 0 0 1
train_jpeg/b2f4f8240bd95be245cd8bcc7d418ae1 0 0 0 0 0 1
train_jpeg/b311f38e300e7f4caac52f5a7e5c8f57 0 0 0 0 0 1
train_jpeg/b31653be8e7a18487acbed2f8260c5ef 0 0 0 0 0 1
train_jpeg/b31cded9486986079d87d7212f1089a7 0 0 0 0 0 1
train_jpeg/b33a4f3c2dfffd395d40bfefacf9cd3f 0 0 0 0 0 1
train_jpeg/b34b31b0663b718ff3e1d67e6c4135e3 0 0 0 0 0 1
train_jpeg/b369bab818248a8f8df4ddf5fce57537 0 0 0 0 0 1
train_jpeg/b3c2272bc118aea4ddac51463090d75e 0 0 0 0 0 1
train_jpeg/b3cd7935e258b4c609fcd0ee48b5d2ea 0 0 0 0 0 1
train_jpeg/b3d24ebdbf200405192006f10fa5a792 0 0 0 0 0 1
train_jpeg/b3ed6fe9763f5d42da7cb8f5c045d160 0 0 0 0 0 1
train_jpeg/b3fd73ef7025fa34391fffa6b437e369 0 0 0 0 0 1
train_jpeg/b43de31870d5c31db4eb73ff293d2343 0 0 0 0 0 1
train_jpeg/b4562a8dfc67b079f154a830273485f7 0 0 0 0 0 1
train_jpeg/b4a7390909a64331a6df9a72e5485b31 0 0 0 0 0 1
train_jpeg/b4fc5e0bb44a19fcb308e73639746915 0 0 0 0 0 0
train_jpeg/b502b41aafb37e54ddb1ffa035c190a2 0 0 0 0 0 1
train_jpeg/b5073e2870aa24ea6ad3b3b2c90850e2 0 0 0 0 0 1
train_jpeg/b508112a2b015ec159ce926661b6b23a 0 0 0 0 0 1
train_jpeg/b5098e112de84d36d96fb65d0895740a 0 0 0 0 0 1
train_jpeg/b51d25cce226fb14cd5a734bfbec93d4 0 0 0 0 0 1
train_jpeg/b54440259f30d62247aa3b7102e6e04a 0 0 0 0 0 1
train_jpeg/b56d3ef9e7da783b86f4fe4fe5eea50c 0 0 0 0 0 1
train_jpeg/b5a22ed415afc3a25ec05949305ec2eb 0 0 0 0 0 1
train_jpeg/b5d4d4a70e40f8ea5d08d87a48007e2c 0 0 0 0 0 1
train_jpeg/b5d59457d94e1a945df32a7b4f977b4f 0 0 0 0 0 1
train_jpeg/b6021046081d799d5f46c5bed34d890b 0 0 0 0 0 1
train_jpeg/b6102ccb7912b42bd52d9cfec3e36506 0 0 0 0 0 1
train_jpeg/b62207f9f70c0463155f5b6bb9c8e67f 0 0 0 0 0 1
train_jpeg/b649709e399f4ee636dec128f3122ffe 0 0 0 0 0 1
train_jpeg/b67097ef52cee62bf9a0b2ff35d5a72e 0 0 0 0 0 1
train_jpeg/b6a1fb44485f487ebc255f3bfa700ef5 0 0 0 0 0 1
train_jpeg/b6bdd9362c76be8fbc3a1d20a8ce9819 0 0 0 0 0 1
train_jpeg/b6f07c3256419d2afece328ae2f7ebc5 0 0 0 0 0 0
train_jpeg/b761841b1bffc40e56e97a869f994f69 1 0 0 0 0 0
train_jpeg/b76a2de0cd2d3a9625e7df015ccf3816 0 0 0 0 0 1
train_jpeg/b79f29c1f33f6aaa60505895ae31576f 0 0 0 0 0 1
train_jpeg/b7cb4aab02fe2cdcf2de5b7a93f49d73 0 0 0 1 0 0
train_jpeg/b7cbff9ceb2ee43fc694961c647cfa77 0 0 0 0 0 1
train_jpeg/b7e47d8f0bff6b61be75b7aa01c6b59c 0 0 0 0 0 1
train_jpeg/b828c324e8a67810b0d360cf54b93525 0 0 0 0 0 1
train_jpeg/b8322e1a06179954c5b5f5ed05083c05 0 0 0 0 0 1
train_jpeg/b84a8de03c6f77101729592b1288b12e 0 0 0 0 0 1
train_jpeg/b84c0f9809494765a2cb12c63e21c8d1 0 0 0 0 0 1
train_jpeg/b8a4efb22a3f25a87742858c360daf96 0 0 0 0 0 1
train_jpeg/b91b76bcb6e0b005ef98719bd719b488 0 0 0 0 0 1
train_jpeg/b960659a95557990c86edc623531c03c 0 0 0 0 0 1
train_jpeg/b972510adf2f7a48c87ef3ab845c9401 0 0 0 0 0 1
train_jpeg/b98cbc2d0ae8f887570e75c361373a0c 0 0 0 0 0 1
train_jpeg/b9934412fb2dea98c5d55d2f0c5b8c27 0 0 0 0 0 1
train_jpeg/b9aae472a89c265e828445f35fa26a08 0 0 0 0 0 1
train_jpeg/b9d3dae0d48a4f9233780f2eedb5950a 0 0 0 0 0 1
train_jpeg/b9dcdf502ae1e01ef2ddf1a850321f6d 0 0 0 0 0 1
train_jpeg/b9ff1fbffdc893eb33c7d2b636f785a5 0 0 0 0 0 1
train_jpeg/ba039c491afed09da2133bd93292f5e8 0 0 0 0 0 1
train_jpeg/ba21bf09e567083678ffd9fbdc40bbfd 0 0 0 0 0 1
train_jpeg/ba33d7cc23010fe4295ed579cbc6e611 0 0 0 0 0 1
train_jpeg/ba62176d342518adc0cc93933ba6050a 0 0 0 0 0 1
train_jpeg/ba70f090a5f2a84a5b2f67207be2fef2 0 0 0 0 0 1
train_jpeg/bab58da5c7d82e57bd63dfa1d6e698a4 0 0 0 0 0 1
train_jpeg/bacf76976dff64f707ced998bda67b43 0 0 0 0 0 1
train_jpeg/bad4e3988bfcf1aa7ba7203ac56a2883 0 0 0 0 0 1
train_jpeg/bb0801fb6766d46397fa96ff03632a4b 0 0 0 0 0 1
train_jpeg/bb5723c9d3c47a3d92ffaed0f9b4c4fd 0 0 0 0 0 1
train_jpeg/bb6eed998fa8c4e6bca5e7b858bf6ae4 0 0 0 0 0 1
train_jpeg/bb7d311aa985600580fa53a9b3fcd98c 0 0 0 0 0 1
train_jpeg/bb93a8a5285c48a0797bc5216e99f861 0 0 0 1 0 0
train_jpeg/bbddec90a8d4ed86861978fb09267338 0 0 0 0 0 1
train_jpeg/bbe4f95c65ead8a0f1c2e606cd2c47b7 0 0 0 0 0 1
train_jpeg/bc1ea629af3708b8aa54d8fd5ade64f5 0 0 0 0 0 1
train_jpeg/bc50081b805b4004824dbc23b694888e 0 0 0 0 0 1
train_jpeg/bc534c841ebd146227b04d12e5078097 0 0 0 0 0 1
train_jpeg/bc8447fc313e238cc9f7415b3fe150f0 0 0 0 0 0 1
train_jpeg/bcad73b36d8e807373b5cdd184ced763 0 0 0 0 0 1
train_jpeg/bce829417603b0d15a2485c8e4427642 0 0 0 0 0 1
train_jpeg/bcea3ebf4c42179b2c8789e8682a5e9c 0 0 0 0 0 1
train_jpeg/bcfb6ce27e14a0e29a9b44f69360cd8d 0 0 0 0 0 1
train_jpeg/bcfc0cff94763e41ce12a7e01645de1b 0 0 0 0 0 1
train_jpeg/bd1e0cd77f3815933b56e395217b095f 0 0 0 0 0 1
train_jpeg/bd3ff7e8f31f24ede44814c073da5432 0 0 0 0 0 1
train_jpeg/bd7dc30492e43b361521ffe3478050fb 0 0 0 0 0 1
train_jpeg/bdc3c56b0303419cdf72b51c9ae1d088 0 0 0 0 0 1
train_jpeg/bdde108a7d024a734cdbed2952f64fe1 0 0 0 1 0 0
train_jpeg/bddf4fb6f1b93e7401ce177ddfe7ff8e 0 0 0 0 0 1
train_jpeg/bde1094ed57f1b0190facedc7f79426f 0 0 0 0 0 1
train_jpeg/be5348ab7e578f06a773184754de816a 0 0 0 0 0 1
train_jpeg/be64eb90ac7c89f0c07cdea25e4f3a20 0 0 0 0 0 1
train_jpeg/bebeb21c6c546a652346ef00d9b3978f 0 0 0 0 0 1
train_jpeg/bee0a17bc4809761b82b39cb3dd9508f 0 0 0 0 0 1
train_jpeg/beed9cc2882243ac080a99c756dd73d2 0 0 0 0 0 1
train_jpeg/bef844d1170fb7200d1ae296c150c0fb 0 0 0 0 0 1
train_jpeg/bf0f872ccba6d521fd1dbe4e55903cac 0 0 0 0 0 1
train_jpeg/bf163928c2fd8b13d3369cfbb55177b8 0 0 0 0 0 1
train_jpeg/bf306589c4d55e80e4471bc50ea974de 0 0 0 0 0 1
train_jpeg/bf4f2f5be13ba81703d12f37593a2352 0 0 0 0 0 1
train_jpeg/bffe24bfd56e64deb65bf639805df7cc 0 0 0 0 0 1
train_jpeg/c02439f8d2f87a85e5bab5c5e55a81c5 0 0 0 0 0 1
train_jpeg/c03d5db421ebebd645116dcac6a9fc50 0 0 0 0 0 1
train_jpeg/c0440c09698f89df168dc146af067fe7 0 0 0 0 0 0
train_jpeg/c0a4e84d80638eb1eba04543a589eb8b 0 0 0 0 0 1
train_jpeg/c0a9e376561290a4baf916583ac0542a 0 0 0 0 0 1
train_jpeg/c0d736b9fa7c3e3c7c6bd4189c3f131e 0 0 0 0 0 1
train_jpeg/c141e479387052fd5d7453eb2b7b0013 0 0 0 0 0 1
train_jpeg/c1488ee019d770c751f6340afdab5a2c 0 0 0 0 0 1
train_jpeg/c1c713b330b2cca01963d73ccb294de9 0 0 0 0 0 1
train_jpeg/c1c9528727dd016bad131ff8c3863774 0 0 0 0 0 0
train_jpeg/c24b97ff38cda0fd9d1936a235a9bccb 0 0 0 0 0 1
train_jpeg/c25f2a0789c2f0712f6ae0413a704013 0 0 0 0 0 1
train_jpeg/c27309d9a3da6749da0e6bd6dff5369c 0 0 0 0 0 1
train_jpeg/c29776abe9bff79b1f724acb92b706d5 0 0 0 0 0 1
train_jpeg/c29cec7b8f63ab34b1c88153b3efd4df 0 0 0 0 0 1
train_jpeg/c2ad72ed71e63a3b7441cc58fe9bfb0e 0 0 0 0 0 1
train_jpeg/c2f340de4f20bf04c2f5cce2d6a55587 0 0 0 0 0 1
train_jpeg/c323203fff69b129f3aadbf66dada2cd 0 0 0 0 0 1
train_jpeg/c332d336996b56e400e2a8efdbc9abf7 0 0 0 0 0 1
train_jpeg/c33acd9ba754f897c7328b93cf3cbb45 0 0 0 0 0 1
train_jpeg/c349be7e4665f40957aed354d8d56d58 0 0 0 0 0 1
train_jpeg/c36dafa1ed22b81682dbbd30a6dd0b32 0 0 0 0 0 1
train_jpeg/c37f4299ccdb6dbd2e8e4ae100031056 0 0 0 0 0 1
train_jpeg/c390064d6c4559092d8625f7c140f289 0 0 0 0 0 1
train_jpeg/c3a985b2d2fec623f27fa763016ac45d 0 0 0 0 0 1
train_jpeg/c3c471f12603c738471f018545d52b11 0 0 0 0 0 1
train_jpeg/c40efde4da3c59ef506a9138b5fb3f5f 0 0 0 0 0 1
train_jpeg/c41ed0b1964a1e973e25e02c3b44920f 0 0 0 0 0 1
train_jpeg/c4220ae72fdf295cb20a089b71b3294f 0 0 0 0 0 1
train_jpeg/c467476ffb45d5cfb60e9f464a62739c 0 0 0 0 0 1
train_jpeg/c47cb29a8d85f4325e6f4b8eb0248222 0 0 0 0 0 1
train_jpeg/c47d248c49d70684d8638910c126ccae 0 0 0 0 0 1
train_jpeg/c4ccbba58e672de865d0543105512101 0 0 0 0 0 1
train_jpeg/c4d6eecd144d4d9a850aa0640f21777a 0 0 0 0 0 1
train_jpeg/c5ef832658761351be48a891f129a2d5 0 0 0 0 0 1
train_jpeg/c62cdee56fb21cc3554bdecb019539a2 0 0 0 0 0 1
train_jpeg/c6381405ae634e4193e08fa8b3a51ec8 0 0 0 0 0 1
train_jpeg/c68fcaf24e125985f44e60be858f5654 0 0 0 0 0 1
train_jpeg/c6a2f06eae822c4064e97e06b86ebbb4 0 0 0 0 0 1
train_jpeg/c6e0ab2470d98a6a8c701e774df929cc 0 0 0 0 0 1
train_jpeg/c7420d0f97c166eb21091233673febb4 0 0 0 0 0 1
train_jpeg/c7818846caabb4c8a3f18f0b15dc4ea9 0 0 0 0 0 1
train_jpeg/c7b176e24db5b27abd08436a571242b9 0 0 0 0 0 1
train_jpeg/c7b99705a017839d1c51bf4a03616488 0 0 0 0 0 1
train_jpeg/c7c18546ef786b3d7363d0c89ffdf6ed 0 0 0 0 0 1
train_jpeg/c7e1c4003560747fbf4fa1f09a954714 0 0 0 0 0 1
train_jpeg/c7e98748e4f569bf9eb456a8b01c9b9a 0 0 0 0 0 1
train_jpeg/c7f6e450c609d2e752a6e40849422501 0 0 0 0 0 1
train_jpeg/c826d2fab3849f87173a1a236d77d0e1 0 0 0 0 0 1
train_jpeg/c8623f6f7222da4f76be1d6ab830f7fb 0 0 0 0 0 1
train_jpeg/c88c3cfbb6ed6198f4e13b5e4dda7f5b 0 0 0 0 0 0
train_jpeg/c890e59919d68b8940fec64e89afd97a 0 0 0 0 0 1
train_jpeg/c8aa0e18d7a53024d44efc9f45863514 0 0 0 0 0 1
train_jpeg/c8f5a0b9ed2f25e3a220c7b3d97f29f3 0 0 0 0 0 1
train_jpeg/c91443460602fd2cc518f598f6ea0430 0 0 0 0 0 1
train_jpeg/c93a3276cdcbb85d7804a7280af37939 0 0 0 0 0 1
train_jpeg/c94cbb3b5600861cf82b4a406300b4c5 0 0 0 0 0 1
train_jpeg/c95359f0c33d3992b83edd0880e531f3 0 0 0 0 0 1
train_jpeg/c9ab0417e432df9f26a815c5bb45a5be 0 0 0 0 0 1
train_jpeg/c9e5a7d70ab7f51f7183827c277dc3ac 0 0 0 0 0 1
train_jpeg/ca13b9ec000feeadce49117fd75a6287 0 0 0 0 0 1
train_jpeg/ca42b71ed3fe67dafd3429d2fb62c69b 0 0 0 0 0 1
train_jpeg/cb23c75b43410b0ef6133d9979fd5c89 0 0 0 0 0 1
train_jpeg/cb2ffa8eeb9a11d1c968f5582651f93c 0 0 0 0 0 1
train_jpeg/cb330e3f4ef07ee338e903171fe22bad 0 0 0 0 0 1
train_jpeg/cb79831baafd53db3a99731b58379c6d 0 0 0 0 0 1
train_jpeg/cbc055bd555c55e13a5f6a67cdc9e286 0 0 0 0 0 1
train_jpeg/cbd3795d8dca2bad59a3dd16dca46695 0 0 0 0 0 1
train_jpeg/cbe8f7bfbd743675fbb4e5c5995ed17d 0 0 0 0 0 1
train_jpeg/cc0da199c9bae6ff20c44672e5ca7415 0 0 0 0 0 1
train_jpeg/cce5b2bc76fedf929d2301f8b0b0a411 0 0 0 0 0 1
train_jpeg/cceb5f8ad7d827659608f7d5f319a729 0 0 0 0 0 1
train_jpeg/ccfef4968e4e3d491cc92492df037394 0 0 0 0 0 1
train_jpeg/cd7f2eef4f33e3ae24bc051ac9ecd402 0 0 0 0 0 1
train_jpeg/cda5f1b6ff5b3f0649786ab621ac303e 0 0 0 0 0 1
train_jpeg/ce0b06b7b109d33a368542d63626c342 0 0 0 0 0 1
train_jpeg/ce2a7e21cd0a7904fed0d51b29867fb7 0 0 0 0 0 1
train_jpeg/ce4a461ab5b95bc7b79bc6bea11f7ff8 0 0 0 0 0 1
train_jpeg/ce6877e88fc20990497099e6196b6ae4 0 0 0 0 0 0
train_jpeg/ce7d4f9583c46cafacf0b049c3facb46 0 0 0 0 0 1
train_jpeg/ceb5e06ea1a66fedab43e8bdb51890eb 0 0 0 0 0 0
train_jpeg/cf0b90b6de218a24fe83a379f143f5ea 0 0 0 0 0 1
train_jpeg/cf366e444f5c256d8275e348c17b59a9 0 0 0 0 0 1
train_jpeg/cf39c28c29e15231c3956e0f83a8bf97 0 0 0 0 0 1
train_jpeg/cf83c13a10d87eccc1a98032d14daf67 0 0 0 0 0 1
train_jpeg/cfbf4cf50bfdc65b49aa60353700a130 0 0 0 0 0 1
train_jpeg/d014804684a4ef47757ec455ef14801f 0 0 0 0 0 1
train_jpeg/d07fc23907af771d70b92ffb8403d54d 0 0 0 0 0 1
train_jpeg/d0868cb4499cc428cd88d381ce85ec73 0 0 0 0 0 1
train_jpeg/d08fe6d0819f1ca56bc29422f8d8a408 0 0 0 0 0 1
train_jpeg/d0adb7d74759aa5fdcf6216bea6b80c0 0 0 0 0 0 1
train_jpeg/d0ba377bc03a5a48dd61f31a59823791 0 0 0 0 0 1
train_jpeg/d0d11935ef19589104dfe702d1253210 0 0 0 0 0 1
train_jpeg/d0ee1f0d610ba10422616672c0b06b80 0 0 0 0 0 1
train_jpeg/d10737f0d07b3fa4837ddc9dba3ef03c 0 0 0 0 0 1
train_jpeg/d11ead83ee9d8f4657916b654b0687d1 0 0 0 0 0 1
train_jpeg/d149090a3d78c5eebcc95ff7dedc9623 0 0 0 0 0 1
train_jpeg/d16b67fee07971da41a3d08707ccd864 0 0 0 1 0 0
train_jpeg/d1a6c358df0731c5bd8d3ab94705cf30 0 0 0 0 0 1
train_jpeg/d1b8c72886e8cd40c25e2e95e70f1264 0 0 0 0 0 1
train_jpeg/d1f103686422ed11c271f44ad1c22cfc 0 0 0 0 0 1
train_jpeg/d20b5a85afcc3d51263ba89341b3fa17 0 0 0 0 0 1
train_jpeg/d233017534707d09cf6d9b8c34b3ab10 0 0 0 0 0 1
train_jpeg/d24cee27e1036892d9d120d9ee0a10ec 0 0 0 0 0 1
train_jpeg/d264de8c001ad3304fb6ee0c6ae379ec 0 0 0 0 0 1
train_jpeg/d2a91257c0e7c22041b4b80643df0079 0 0 0 0 0 1
train_jpeg/d2bc282e9057cf4d17e2ff126a3e5d90 0 0 0 0 0 1
train_jpeg/d2de54e8af5b7157884fc734ef81ca3b 0 0 0 0 0 1
train_jpeg/d2e2ee47077011f2329f3dd5df7c795f 0 0 0 0 0 1
train_jpeg/d2e80d6cae14b72a824f1ac625d23472 0 0 0 0 1 0
train_jpeg/d2f55b618f9616a17d39686a19b75dc2 0 0 0 0 0 1
train_jpeg/d34990159533ceeec96279407f463ede 0 0 0 0 0 1
train_jpeg/d3559f85e59a0499bd13a80f054f8fde 0 0 0 0 0 1
train_jpeg/d379e5ec80f59c40f0872ab10679efab 0 0 0 0 0 1
train_jpeg/d395c0b411e829fdea7ce9ce8130ee98 0 0 0 0 0 1
train_jpeg/d3ea3f211750890d1ea9d1f0a630b8fc 0 0 0 0 0 1
train_jpeg/d40b35c2f594b89524c67af46ac342f6 0 0 0 0 0 1
train_jpeg/d41517e98c7dc6dd266194d6ca2ed674 0 0 0 0 0 1
train_jpeg/d41c05973e6b7a4a676759923007a01a 0 0 0 0 0 1
train_jpeg/d41ece121e34614f319d154ef879bcf2 0 0 0 0 0 1
train_jpeg/d4573dcdd0c4c1ba4db6c952ee2ad41c 0 0 0 0 0 1
train_jpeg/d46d82b7a42f6c95c134f2732b003c3e 0 0 0 0 0 1
train_jpeg/d4e8665286a7fd59bcd408868c247a5d 0 0 0 0 0 0
train_jpeg/d51f7bac8cf2ddcf00335f65a1fd0782 0 0 0 0 0 1
train_jpeg/d5869324e1ee4f36139aab8d631a7ec9 0 0 0 0 0 0
train_jpeg/d591c236932c877da7c0c13088624ac8 0 0 0 0 0 1
train_jpeg/d5dc5fa9ce3cbb0ebb5a8201fce34367 0 0 0 0 0 1
train_jpeg/d5dde431a413e1b36e5915f375d36ee6 0 0 0 0 0 1
train_jpeg/d5f0f775a989afd94d2240f7ea115f93 0 0 0 0 0 1
train_jpeg/d60baa957de2ba1c18e70ffbf62155b5 0 0 0 0 0 1
train_jpeg/d616cf5432e267f43024bc93734c2397 0 0 0 0 0 1
train_jpeg/d621da940921cdda3e7f87f36e9a5f5d 0 0 0 0 0 1
train_jpeg/d6599d989c75982e68a7f277ddf170ff 0 0 0 0 0 1
train_jpeg/d6d578dc1f8f07b421ddac66113c0ab4 0 0 0 0 0 1
train_jpeg/d700828f067b24ac9bc70bc8bbee1bea 0 0 0 0 1 0
train_jpeg/d73ccfba15e5c2cbc1fe5adfa5d65e82 0 0 0 0 0 1
train_jpeg/d75aceb018c2f5bf94d5fdae304cd8b5 0 0 0 0 0 1
train_jpeg/d790c8ade28cbc2ed3aa6c561b986bd2 0 0 0 0 0 1
train_jpeg/d7ab4fc8eba9859ab9199138002d6f34 0 0 0 0 0 1
train_jpeg/d7b69078f953c292ffe719e864f53b21 0 0 0 0 0 1
train_jpeg/d7e82ea3f363d37ebf3a4c06fd926efc 0 0 0 0 0 1
train_jpeg/d8220f2e082dae72b6db9b8a86637695 0 0 0 0 0 0
train_jpeg/d88748230c0c7978f6b1200e97b77268 0 0 0 0 0 1
train_jpeg/d8af05d89a0e8a3a839a645d99c4bf6a 0 0 0 0 0 1
train_jpeg/d907f02b0f0a70c1640620759c5c886e 0 0 0 0 0 1
train_jpeg/d93f320722bd8a1dd8ed8f9be0a2d128 0 0 0 0 0 1
train_jpeg/d947047dbcf04119ee04c1aef5030cc0 0 0 0 0 0 1
train_jpeg/d95b66ea107fcdb1aba890cd6b51fc88 0 0 0 0 0 1
train_jpeg/d997f71818df03dd9ba8d4214dcf1856 0 0 0 0 0 1
train_jpeg/d9a6b1f6a4175eaee343eef3c1134928 0 0 0 0 0 0
train_jpeg/d9c599b10c98143b8e2e282ea76c0fc2 0 0 0 0 0 1
train_jpeg/d9feb9aa5244e1d523386910bf3f986c 0 0 0 0 0 1
train_jpeg/da725779464a7fc47b836ab2b5ad22a5 0 0 0 0 0 1
train_jpeg/da7cf34fd1def779f8e2431ebdbe44ca 0 0 0 0 0 1
train_jpeg/da829f9d45e9fa77e70cc4b0b380aa40 0 0 0 0 0 1
train_jpeg/daa38c68b720696d6d0c59fe690dc2a5 0 0 0 0 0 1
train_jpeg/db491a991cef30ffffcc5e97afb18fb5 0 0 0 0 0 1
train_jpeg/db56cd24e6cd26a88c97603afd54cd0d 0 0 0 0 0 1
train_jpeg/db5fd0a4c9ae98c496500cf0c140d4d1 0 0 0 0 0 1
train_jpeg/db77d8547728999f249cf5add0a50418 0 0 0 0 0 1
train_jpeg/db85613d9a784b3f99acd975979e7ee4 0 0 0 0 0 1
train_jpeg/dba9797678ab462b6971965961d2f72e 0 0 0 0 0 1
train_jpeg/dbbc06558a408f0a0ab5dce639e514b6 0 0 0 0 0 1
train_jpeg/dbbeace91c1753403185db8ea141f2a9 0 0 0 0 0 1
train_jpeg/dbecebac7af4359cdd59180b14b717ae 0 0 0 0 0 1
train_jpeg/dc0fcb0e8d98ec8065bee19fb06670df 0 0 0 0 0 0
train_jpeg/dc8d481c7c41309f208ab310307fb6ff 0 0 0 0 0 1
train_jpeg/dcb081bb5e1dac41000e96fc37c8c322 1 0 0 0 1 0
train_jpeg/dcec5915cfae252e47445594b40a1f63 0 0 0 0 0 1
train_jpeg/dd1bafb91e030b06b166cc6f30a43128 0 0 0 0 0 1
train_jpeg/dd1ec1034edd4e6b9696ea5cbeca6168 0 0 0 0 0 0
train_jpeg/dd714d0ebab8a7bdeef52609f3cabe8c 0 0 0 0 0 1
train_jpeg/ddc2e81bc04195f7f72109ee5873a2fb 0 0 0 0 0 0
train_jpeg/ddc577f43160157e52fc6c93a5fd2b04 0 0 0 0 0 1
train_jpeg/ddddd043151fa4b6280afed14ab06161 0 0 0 0 0 1
train_jpeg/de71b6b8004ff55b677a76b0352712e8 0 0 0 0 0 1
train_jpeg/de98e5ab82ac0833ba8619afb63f2c1b 0 0 0 0 0 1
train_jpeg/deb2c40c1931ab8282f964cd0a93ad9e 0 0 0 0 0 1
train_jpeg/def69a571458183a0dd829e605b1eb5f 0 0 0 0 0 1
train_jpeg/df22170b3f5ebed270d0de29adae140a 0 0 0 0 0 1
train_jpeg/df43f55cec26e910637227f1a608b4db 0 0 0 0 0 1
train_jpeg/df5aa1123fb533c8865b8eaf0bb9c5c8 0 0 0 0 0 1
train_jpeg/df5dd80aab0aa6e0a6d8ea17860855fb 0 0 0 0 0 1
train_jpeg/df62393cfc31ac473af77c85dafa09f4 0 0 0 0 0 1
train_jpeg/dfc80884bf97cb71d4848b501cb7f702 0 0 0 0 0 1
train_jpeg/e0020913cd1889e9ee9a5196f24af33a 0 0 0 0 0 1
train_jpeg/e03125eb2f23b9a96c5bdbf419035fa9 0 0 0 0 0 1
train_jpeg/e036a57c243f3ac3d11d2fb6ae63e355 0 0 0 0 0 1
train_jpeg/e0411c35eb55676ee2ee29ca269187a4 0 0 0 0 0 1
train_jpeg/e071243215a835dbf5f53328856f4126 0 0 0 0 0 1
train_jpeg/e07781317a00819958431a2d9e1ba19d 0 0 0 0 0 1
train_jpeg/e08a75c8216081937b02785f4c250c69 0 0 0 0 0 1
train_jpeg/e090f8b1cf17d7c7f64b73446a694483 0 0 0 0 0 1
train_jpeg/e0a7b2311a978bb3c267948f2170d466 0 0 0 0 0 1
train_jpeg/e0ba9af0459793b1db8b61d44c32fa37 0 0 0 0 0 1
train_jpeg/e0cc5e52a9e5fe9493c13f3451a5b7e0 0 0 0 0 0 1
train_jpeg/e1148dba04affb780429d99c8c3b568e 0 0 0 0 0 1
train_jpeg/e160c0d5a552332fa3a112e60226294f 0 0 0 0 0 1
train_jpeg/e169b248a5d93da7d32034f654a4ce2d 0 0 0 0 0 1
train_jpeg/e181e1775224e3191b0f79f07943e49a 0 0 0 0 0 1
train_jpeg/e1b344e4b499a19b247e6b6213b98f20 0 0 0 0 0 1
train_jpeg/e1c0b0ced144d120031e7f60048bd3a0 0 0 0 0 0 1
train_jpeg/e1ee8f9e52ff5fb44a20dfcf0e5aae47 0 0 0 0 0 1
train_jpeg/e2022cc39523ea951fb72fcb2029f08e 0 0 0 0 0 1
train_jpeg/e2370088b9f49af09a0bb24190a5a721 0 0 0 0 0 1
train_jpeg/e24f7e6e85956a7865e4830aee1091dd 0 0 0 0 0 1
train_jpeg/e25d1576f10637ca3c72d02e9e5942e1 0 0 0 0 0 1
train_jpeg/e26f159ab768f4bce7cec269c4f7d31b 0 0 0 0 0 1
train_jpeg/e26ff6648ca1758df295c0a4e259d926 0 0 0 0 0 1
train_jpeg/e27b0c92b056198188b7f73b95f555a9 0 0 0 0 0 1
train_jpeg/e2d9292329797abcf80d3a8887a75fff 0 0 0 0 0 1
train_jpeg/e2f028ebcc3b9ef8f15712245dc9ba2d 0 0 0 0 0 1
train_jpeg/e3270b5dfe411a202aa878a6996cf6c5 0 0 0 0 0 1
train_jpeg/e32bc143564632f4a609aa59fd0e1833 0 0 0 0 0 1
train_jpeg/e36138af0c25e340a0ebe5a820d3276f 0 0 0 0 0 1
train_jpeg/e3ac18fd134bcb699760db4ef362e14f 0 0 0 0 0 1
train_jpeg/e3e8b186331c3acb1b9f82b1f2cbe56d 0 0 0 1 0 0
train_jpeg/e41aead6ddd261c42d819763aa7ccffb 0 0 0 0 0 1
train_jpeg/e4374242cb259017ab1d22b0a51dd1a0 0 0 0 0 0 1
train_jpeg/e462b73879d647c23796785533e25e1f 0 0 0 0 0 1
train_jpeg/e46da7c27c2e93d1a1d9413e2fee4547 0 0 0 0 0 1
train_jpeg/e473c0cd11f27d0429c27c1f468eb70b 0 0 0 0 0 1
train_jpeg/e4d552e0ccc55cd65ed27729e1be30d5 0 0 0 0 0 1
train_jpeg/e4dec9c7cb04e431f5c3b41430030184 0 0 0 0 0 1
train_jpeg/e4ecce25be7249bcc04f071bb74b383e 0 0 0 0 0 1
train_jpeg/e505a715563903739da99393751f5ff2 0 0 0 0 0 1
train_jpeg/e5605e4e67f03122628099846c49cbae 0 0 0 0 0 1
train_jpeg/e563c35ddd67c5124a6787e474dfa319 0 0 0 0 0 1
train_jpeg/e5ac3f7d0b2de93893dc3515490088f8 0 0 0 0 0 1
train_jpeg/e5e284d5a14dc1b78f15812624b76866 0 0 0 0 0 1
train_jpeg/e6201a156a1b807fcf34425b4af785cd 0 0 0 0 0 1
train_jpeg/e66b00af670246c8b3e7fbbd7fa0f5ae 0 0 0 0 0 1
train_jpeg/e6cfec107fd81f28c7141b580dc1a966 0 0 0 0 0 1
train_jpeg/e6fe9b8c55ac87480352537ff03d7d04 0 0 0 0 0 1
train_jpeg/e72ad108b8f16c10b78e326641db2f9f 0 0 0 0 0 1
train_jpeg/e76134f2517c0d19200343670afb1c3f 0 0 0 0 0 1
train_jpeg/e76dc83accd6304c0b2ec7cfd9d15f01 0 0 0 0 0 1
train_jpeg/e7818a86758495de750484d160db1451 0 0 0 0 0 1
train_jpeg/e7b18432198a02e57268535b75ef5abf 0 0 0 0 0 1
train_jpeg/e7c6462d4f809c337e984a242b0f28c1 0 0 0 0 0 1
train_jpeg/e7e0d626d22c869ce85749c0551881a4 0 0 0 0 0 1
train_jpeg/e82afb6d5a714b72022b53e0b94b9d6f 0 0 0 0 0 1
train_jpeg/e835b5a5a70aa50b95f2181f9aaa8201 0 0 0 0 0 1
train_jpeg/e83cc4621c6f0f5f627326874848887e 0 0 0 0 0 1
train_jpeg/e8899a119282a4b2b67b19ad42bedf6a 0 0 0 0 0 1
train_jpeg/e8e1f4db5ec4c5ccb4a45c88a2f712b3 0 0 0 0 0 1
train_jpeg/e8fbbd3a478837f5b5c497874e492fdf 0 0 0 0 0 1
train_jpeg/e919de94f21a893445b9c2414871256e 0 0 0 0 0 1
train_jpeg/e926caa8ac837b65b8efcf693a581dfd 0 0 0 0 0 1
train_jpeg/e978c7217ee6c39060974c9dd3253b7f 0 0 0 0 0 1
train_jpeg/e97c51492b67d4cde0e3189d1843cedf 0 0 0 0 0 1
train_jpeg/e98adf2184ec33f2943df9bb4e810bec 0 0 0 0 0 1
train_jpeg/e99959c570cc189706e79fbbd151ae61 0 0 0 0 0 1
train_jpeg/e9a65bda8bb5f0e934088431ce9e44a5 0 0 0 0 0 1
train_jpeg/ea0b45becd29ffa3db89a9f39ccb349c 0 0 0 0 0 1
train_jpeg/ea5735aba75173f7030d51e31165d92b 0 0 0 0 0 1
train_jpeg/eaab62d65417c4c58c9dcbe563fb8e72 0 0 0 0 0 1
train_jpeg/eab1fcceca65974f9a463940626586cc 0 0 0 0 0 1
train_jpeg/ead4154dfc21e9db4663842cedb411da 0 0 0 0 0 1
train_jpeg/eadd7d698f3fea7dff19f9964b28e57b 0 0 0 0 0 1
train_jpeg/eb1c17842652df7d4513e569a2c09f9d 0 0 0 0 0 1
train_jpeg/eb93d3b49c4746ad92ae7e800bdf516d 0 0 0 0 0 1
train_jpeg/ebe4693705ca26cdd3ead9f10f92a7bb 0 0 0 0 0 1
train_jpeg/ec7bb483a75b599dcdc56d8d371e21ee 0 0 0 0 0 1
train_jpeg/ec894538e2a26e90ccb20e4f1fa568e9 0 0 0 0 0 1
train_jpeg/ec8f12c8c51f0cbe63dabb51e12da675 0 0 0 0 0 1
train_jpeg/ecab6e4508ae3d260d77c125c1636e75 0 0 0 0 0 1
train_jpeg/ed06295915b52f5fcc88e158ab0c7100 0 0 0 0 0 1
train_jpeg/ed12402a2b76cda47517d5073b35eb9a 0 0 0 0 0 0
train_jpeg/ed191c6015c1884b4c3792cdb5bb03c4 0 0 0 0 0 1
train_jpeg/ed1be1f76d4b97a9ab7a78b0b62f0a95 0 0 0 0 0 1
train_jpeg/ed350f701e78e06fee07bbfa97a54358 0 0 0 0 0 1
train_jpeg/ed4171f1a99ec4a60874ce52ab07393a 0 0 0 0 0 1
train_jpeg/ed427d8e7c0eb7ea8612f31b9aa98f8f 0 0 0 0 0 1
train_jpeg/ed519b65cf5155e5d88bce63ba686c92 0 0 0 0 0 1
train_jpeg/ed5dc278e2170bf5766529cdc1e60f29 0 0 0 0 0 1
train_jpeg/ed73ad56c0e1f66d3acf2f9479615b99 0 0 0 0 0 1
train_jpeg/ed7e3e636baeaf7967c913d46dbdc2e6 0 0 0 0 0 1
train_jpeg/ed8ad1f4cdd154bafc1e852032b15e65 0 0 0 0 0 1
train_jpeg/eda73e10819c025c32693190a120b7b1 0 0 0 0 0 1
train_jpeg/eddb92f17c33dccfc0570afd514bad73 0 0 0 0 0 1
train_jpeg/ee1abdde3a0e65f9e0b832dfdbbea5de 0 0 0 0 0 1
train_jpeg/ee25d885155b131723c1dba2921d7589 0 0 0 0 0 1
train_jpeg/ee32c41610893e5b93db15b231278650 0 0 0 0 0 1
train_jpeg/ee530c9de44ad59a5467104a429ded64 0 0 0 0 0 0
train_jpeg/ee78e8eed2761d5df2f0bd231820b114 0 0 0 0 0 1
train_jpeg/eeb6f0e5be5c38812e9204b7689d6d18 0 0 0 0 0 1
train_jpeg/eeba1df3c9694cae838733dc33239d7f 0 0 0 0 0 1
train_jpeg/ef291bbc2a1ff7b660444e4e8da30e9d 0 0 0 0 0 1
train_jpeg/ef34c7c7f4fafcdf61b75dd5bf5b4ea4 0 0 0 0 0 1
train_jpeg/ef51bc9b55922a67a50c5ff303351963 0 0 0 0 0 1
train_jpeg/ef785e487e967f53c331f06ff46a6067 0 0 0 0 0 1
train_jpeg/ef85e2e6c9e9bb187a1c574876aaaddc 0 0 0 0 0 1
train_jpeg/efb4c40bcdca8c2e5100a9febf5fbd4b 0 0 0 1 0 0
train_jpeg/efea0c46d7679075d3b7456f7ce0a3df 0 0 0 0 0 1
train_jpeg/efffa6250327e060be9e821859843dff 0 0 0 0 0 1
train_jpeg/f017493b1d51bdf5613383b731d0d72e 0 0 0 0 0 1
train_jpeg/f03ab985cd68c5cc6e57b3c936e2aeed 0 0 0 0 0 1
train_jpeg/f04c6687c5179de2c61c1dd4ae20c758 0 0 0 0 0 1
train_jpeg/f097e57e777a346c7cb513dea782fb63 0 0 0 0 0 1
train_jpeg/f09fa6609d7e6c22846d8326bdcca804 0 0 0 0 0 1
train_jpeg/f0adf7b51f3c26e565e1977c4b6c235a 0 0 0 0 0 1
train_jpeg/f0dac9f8581ef45abcd6bd909696846c 0 0 0 0 0 1
train_jpeg/f0fe423a27c36770206a214d8d81a344 0 0 0 0 0 1
train_jpeg/f11d8a1547f9331c3483c8693ec49b65 0 0 0 0 0 1
train_jpeg/f150daaf3bef251be0199b6f2662077d 0 0 0 0 0 1
train_jpeg/f1623a82726614afb8c13a9e95cd1d02 0 0 0 0 0 1
train_jpeg/f1766e364a8af02b085c82eabc7950db 0 0 0 0 0 1
train_jpeg/f18ee951605d2c276acb3385dc76be8d 0 0 0 0 0 1
train_jpeg/f1ba5da6f133d329f7ab9bb241fc0b7b 0 0 0 0 0 0
train_jpeg/f1c12bf67aa441184e6576aa5ea03322 0 0 0 0 0 1
train_jpeg/f1cbcf9205d98d491f92f5aec2cd08a5 0 0 0 0 0 1
train_jpeg/f1f76abbb54845f5be539cb4f8298a51 0 0 0 0 0 1
train_jpeg/f221ff0dfcff8fd3aaf11dd0f895eca7 0 0 0 0 0 1
train_jpeg/f2b788aa6c36630eab0bb755f291178f 0 0 0 0 0 1
train_jpeg/f2d9d665881a6ed0205a50154cbfdea6 0 0 0 0 0 1
train_jpeg/f2f7a0f3169acfe68c8efa1e7eb1b358 0 0 0 0 0 1
train_jpeg/f32ab457c492c30221d3a89fe7c6b25a 0 0 0 0 0 0
train_jpeg/f37b8a8ed379310f42069723b460febb 0 0 0 0 0 1
train_jpeg/f384ca39bd5710003c8f4277057afd81 0 0 0 0 0 1
train_jpeg/f39eb4b3aef4664776c298b1500cb577 0 0 0 0 0 1
train_jpeg/f3c32b9968cd8443be3af4fc59da2eb0 0 0 0 0 0 1
train_jpeg/f3dd45cb122c6b807a1c468a10511f03 0 0 0 0 0 1
train_jpeg/f41f60c124f0c760ed7c80a56d52c61d 0 0 0 0 0 1
train_jpeg/f427a602bd5118f325550a3f00320551 0 0 0 0 0 1
train_jpeg/f4367ab1b82dc68d38d81d1320764d73 0 0 0 0 0 1
train_jpeg/f4e913c031f50fa859d8c775cf716974 0 0 0 0 0 1
train_jpeg/f508f9892103f1a107a56ac5036af993 0 0 0 0 0 1
train_jpeg/f52c1bf308db55a73521eb1a048b1c92 0 0 0 0 1 0
train_jpeg/f57499c072f081f12ce8006e81a20d74 0 0 0 0 0 1
train_jpeg/f59be8f9bdb7cedee4c800ceaeccd453 0 0 0 0 0 1
train_jpeg/f5ec23765a843441e6670bcff308b821 0 0 0 0 0 1
train_jpeg/f5f417184d7747ce9d6cc2790e01f97d 0 0 0 0 0 1
train_jpeg/f60901792e9a337961fbca2ad55c0c9e 0 0 0 0 0 1
train_jpeg/f623f284f8033fcf52ff63d99448fddf 0 0 0 0 0 1
train_jpeg/f63316842ec5f38c785d225dda1ea190 0 0 0 0 0 1
train_jpeg/f645082d9f5c2eb7e152f7469864304c 0 0 0 0 0 1
train_jpeg/f64e48932e13c5f56b74ef7c948fe0b8 0 0 0 0 0 1
train_jpeg/f654e8b8bf5a381129c17307730fadb9 0 0 0 0 0 1
train_jpeg/f6b575c538dee65217877a75427f6cf7 0 0 0 0 0 1
train_jpeg/f6ea8fd5566a3776bec64ec816a0eb31 0 0 0 0 0 1
train_jpeg/f77169bed7bd86515d0f93e9eccdc4f9 0 0 0 0 0 1
train_jpeg/f78a273e30b5cd8a2d580fa4959c8433 0 0 0 0 0 0
train_jpeg/f79c3fc269e1b961c4930926e32053c0 0 0 0 0 0 1
train_jpeg/f7dd175ca0962155ec39311b997a5288 1 0 0 0 0 0
train_jpeg/f7f6d5575afad78bc5811f2174b2311e 0 0 0 0 0 1
train_jpeg/f833631d7c0a269fd403b1dc8e7f2fc3 0 0 0 0 0 1
train_jpeg/f8418a411444f8ea00f9b3affe70a758 0 1 0 0 0 0
train_jpeg/f87b9997c140964b0956c28e929ed7f2 0 0 0 0 0 1
train_jpeg/f8c58f156f9bcdba6f1d0d454560c8d4 0 0 0 0 0 1
train_jpeg/f8e4d37e293ab0b5122e50c291ae10ee 0 0 0 0 0 1
train_jpeg/f8f3bf0d3d08f814e2764470681998a4 0 0 0 0 0 0
train_jpeg/f90b90dfd11066369f7f1f938e2f4969 0 0 0 0 0 1
train_jpeg/f922af148dc5c9f586a9a316aa76fda5 0 0 0 0 0 1
train_jpeg/fa0fb07164598860fb12b95d6be14a6d 0 0 0 0 0 1
train_jpeg/fa25a4d54af472c6a3a5229e068338c4 0 0 0 0 0 1
train_jpeg/fa86f62070ecf5d19f8d8662215f966f 0 0 0 0 0 1
train_jpeg/fab2ad94eb5bac3d71e0046a9787579a 0 0 0 0 0 1
train_jpeg/faee101f42575236fa16f94ae5a8851b 0 0 0 0 0 1
train_jpeg/fafb75e0e75b40acd3fe6890c8bfbfe8 0 0 0 0 0 1
train_jpeg/fb04304054886eed00888b616c545f50 0 0 0 0 0 1
train_jpeg/fb0f3b77b4b8eedf6f3c631a310b3e38 0 0 0 0 0 1
train_jpeg/fb43ea715fd8406ea2b9cf5874e0bad2 0 0 0 0 0 1
train_jpeg/fb48bbb3ffa789f21368916c4ea54e27 0 0 0 0 0 1
train_jpeg/fb929e0efd696fe0f54902da5e7ec57a 1 0 0 0 1 0
train_jpeg/fb9a4337cda28860cf8bb3eb42e27271 0 0 0 0 0 1
train_jpeg/fbccacadc40fdc564df787417c318f5d 0 0 0 0 0 1
train_jpeg/fbe57bedb58a628d16e2c48b35c8b0f7 0 0 0 0 0 1
train_jpeg/fc5de25720448b86bba9b96ff6d118fa 0 0 0 0 0 1
train_jpeg/fc638ad95b1da436a018c3c083099aa3 0 0 0 0 0 1
train_jpeg/fc718c554d9da5a60cb5806c19b18ca7 0 0 0 0 0 1
train_jpeg/fc9792581d7190c4b20c3e436e2d91bb 0 0 0 0 0 1
train_jpeg/fcc781b652368c74e8e59d46fb4a76af 0 0 0 0 0 1
train_jpeg/fd079817727211a09fd6b0415463f23d 0 0 0 0 0 0
train_jpeg/fdcdbc6befee8ab9553039895835bad8 0 0 1 0 0 0
train_jpeg/fde664083f39ad1044ae71b569d86ced 0 0 0 0 0 1
train_jpeg/fdf1abf871d652ae4b6855e179719df7 0 0 0 0 0 1
train_jpeg/fe48b59fe20a779d3a6a32d7a22e4b8b 0 0 0 0 0 0
train_jpeg/fe7c4ce8bceb5534d33c180f01be650c 0 0 0 0 0 1
train_jpeg/fe8f22bba9ea2e142143180563964e22 0 0 0 0 0 1
train_jpeg/fef32af9c9103cadf14667a65d1fc089 0 0 0 0 0 1
train_jpeg/ff23ccee56502576223bd8b8c70b6027 0 0 0 0 0 1
train_jpeg/ff4974cd041121716c824d829ac7ee92 0 0 0 0 0 1
train_jpeg/ff583c862a0966ce02f1fd7384e4666e 0 0 0 0 0 1
train_jpeg/ff73eeab69514f82ad611c0177b2813f 0 0 0 0 0 1
train_jpeg/ff74b8c3d8a2799cdcc9880531852a06 0 0 0 0 0 1
train_jpeg/ffceb71a80efba3b83c88e11f4b9694b 0 0 0 0 0 0
train_jpeg/ffdd027d6aa68286ea30c61ab6f58454 0 0 0 0 0 1
train_jpeg/ffea246f04196af602c7dc123e5e48fc 0 0 0 0 0 1
