train_jpeg/0032c6091dc8f1b1245fc2f5f45458fa 0 0 0 0 0 1
train_jpeg/0059d21bef1793fa9522e4ec8cae1a1a 0 0 0 0 0 1
train_jpeg/005be26a68485912e007a3703f43d60a 0 0 0 0 0 1
train_jpeg/006e2726c6aa72f042a08b1406c39d52 0 0 0 0 0 1
train_jpeg/015bf89fc34cde9fafe7c79366fecee7 0 0 0 0 0 1
train_jpeg/017a9ba3b9db23e4f7ba819bdb343f7c 0 0 0 0 0 1
train_jpeg/01807b02013b5eb9306ce74e5ecd6016 0 0 0 0 0 1
train_jpeg/01892129d76aaa1f59d4b22df8a14c0b 0 0 0 0 0 1
train_jpeg/018b348fd699821cdbc5bdc0b329982c 0 0 0 0 0 0
train_jpeg/01ad4b5b1e69b4fd92ebe4e35d76eeb5 0 0 0 0 0 1
train_jpeg/01b0d8debe488c18e4c79624dd8a4f30 0 0 0 0 0 1
train_jpeg/01c9bb647fc30bb3f2bf508bb2e7749c 0 0 0 0 0 1
train_jpeg/01f57c9a402a8b1ba7a654d7d13b55ce 0 0 0 0 0 1
train_jpeg/0204800ac6954c809315ea6e1e6948fe 0 0 0 0 0 1
train_jpeg/032c81fae916e932002387494a7d7c7b 0 0 0 0 0 1
train_jpeg/035b53e8aabf8763537a296c291135d1 0 0 0 0 0 0
train_jpeg/035dcbac2fa931002bde1f9853c4a30a 0 0 0 0 0 1
train_jpeg/03ec9ca738f579b956cb4af13efa155a 0 0 0 0 0 1
train_jpeg/041081d11262c5f150e655f5e5ff0a2c 0 0 0 0 1 0
train_jpeg/0423124ca41c984335554a43267db7fa 0 0 0 0 0 1
train_jpeg/04494b3ea2a46c6204620592419352db 0 0 0 0 0 1
train_jpeg/04738c36453aa559b68043a2b2d00f7f 0 0 0 0 0 1
train_jpeg/04f3e0ba1b46a723e88d7331f5e21419 0 0 0 0 0 1
train_jpeg/059ec0fc0d6840cff6e268e46f85faa0 0 1 0 0 0 0
train_jpeg/05c9d4438807f4ecbbea5be0c60e6ec6 0 0 0 0 0 1
train_jpeg/05d1b84871feea216485eb3ad14633d8 0 0 0 0 0 1
train_jpeg/05d92b99575f75e64e0c0e7293c13803 0 0 0 0 0 1
train_jpeg/05e1efa511adb8c1e2631b13734031d1 0 0 0 0 0 1
train_jpeg/066ca890a8f0511461d66d421e2ed2b9 0 0 0 0 0 1
train_jpeg/067ccf7d0633b171dfdbf57d19e77227 0 0 0 0 0 1
train_jpeg/06b04918044786c36584a86273d72747 0 0 1 0 0 0
train_jpeg/06b633b843dba6822eec95206d086dd7 0 0 0 0 0 1
train_jpeg/06d84d5df2221f299b1405a63b6701f3 0 0 0 0 0 1
train_jpeg/071a18b42cbae65862b7fffae03134fa 0 0 0 0 0 1
train_jpeg/0740b61521fae0508311c834d2e78875 0 0 0 0 0 1
train_jpeg/07a6d6a7b2a64306ac3544e7dd55c5e6 0 0 0 0 0 1
train_jpeg/07a79abc9fc963ee9a7f36234e011c78 0 0 0 0 0 1
train_jpeg/07aee7de1f86a98ae6c3c7d5df60374c 0 0 0 0 0 1
train_jpeg/07cd31eb3e596d7ebc51d920beccd76a 0 0 0 0 0 1
train_jpeg/081f985086b569c68f9a1fa0278187f4 0 0 0 0 0 1
train_jpeg/08442bce192528f64b24ec9222f44044 0 0 0 0 0 1
train_jpeg/084d6ba53daee0228fad47e3d3b4cd0a 0 0 0 0 0 1
train_jpeg/088f38c1f4f9d953bd85bbc6fae73f67 0 0 0 0 0 1
train_jpeg/089107073978c064c53772de534abd1c 0 0 0 0 0 1
train_jpeg/08f4d0d827ef5216c35362812eeae644 0 0 0 0 0 1
train_jpeg/0902a07255f28d5d15a24214761c743c 0 0 0 0 0 1
train_jpeg/0924d4feb44b089213370a578a5bfded 0 0 0 0 0 1
train_jpeg/0988741921b6152fb971455a4fd57a7c 0 0 0 0 0 1
train_jpeg/09bfc6f65587faf1301682ab372f74a5 0 0 0 0 0 1
train_jpeg/09e8d1f0104d36f9ae500392d1cd2086 0 0 0 0 0 1
train_jpeg/0a16dc6491142ff8c7c36f3b3f4ebd02 0 0 0 0 0 0
train_jpeg/0a404541211c7910862e886772e31ae4 0 0 0 0 0 1
train_jpeg/0a4fbc9ade84a7abd1680eb8ba031a9d 0 0 1 1 0 0
train_jpeg/0a75c2f2e7bc1090077b8ef4aeeeacce 0 0 0 0 0 1
train_jpeg/0a995008837cb48086dfe044a726f355 0 0 0 0 0 1
train_jpeg/0aa75e34705ae441a95c2869469c0f31 0 0 0 0 0 1
train_jpeg/0ab324eecf351387034be4da9faddb07 0 0 0 0 0 1
train_jpeg/0ad98c531de3616cc63a92d6cf871494 0 0 0 0 0 1
train_jpeg/0aebd7e296fbaae90a154e7989cb7e06 0 0 0 0 0 1
train_jpeg/0b0c71f182ad71d65d0425f6c9008f94 0 0 0 0 0 1
train_jpeg/0b357271846b8fc4d32dd774b74bf276 0 0 0 0 0 1
train_jpeg/0b36cce0b170c34b8c11fd15b42324b2 0 0 0 0 0 1
train_jpeg/0b80aaae33916b6c56b4308584cd67c0 0 0 0 0 0 1
train_jpeg/0bdf902cc4ac4ad2c49059960f572ab2 0 0 0 0 0 0
train_jpeg/0be5a5e29dc5f2198fbe447697fb3c95 0 0 0 0 0 1
train_jpeg/0c66bc8c1a075aa73587891644fbb032 0 0 0 0 0 1
train_jpeg/0cb3915982ff4a65a1c52b89616d0f49 0 0 0 0 0 1
train_jpeg/0d3b1464574b7db3d664dc0aa0b66549 0 0 0 0 1 0
train_jpeg/0d55ccb39234d5369ecd767186ef9127 0 0 0 0 0 1
train_jpeg/0d6acec8422b6fb8e214f770a1ff7d2d 0 0 0 0 0 1
train_jpeg/0dad6433acdce99fe4c8542181dc4d03 0 0 0 0 0 1
train_jpeg/0dae90df11425cf2a357af877293026f 0 0 0 0 0 1
train_jpeg/0de9e6e651d4410d8730b5ab75c63289 0 0 0 0 0 1
train_jpeg/0def2b4c6eededaa53e20636c9ae3b76 0 0 0 0 0 1
train_jpeg/0e130f7333967146f0d7bbd94a8ae047 0 0 0 0 0 1
train_jpeg/0e1db1a49e1775df6b9e971869600d9f 0 0 0 0 0 1
train_jpeg/0e5e63a07a3d0c13f672f8889330cb84 0 0 0 0 0 1
train_jpeg/0e6696b0486b3a4d897a9186bfb81651 0 0 0 0 0 1
train_jpeg/0e6a9e9f031fca5f634641fe41d31b24 0 0 0 0 0 1
train_jpeg/0e81c45fe6e9da1d0bc282077f879b99 0 0 0 0 0 1
train_jpeg/0e86ebc2195ea6cb9733f1c95a86b012 0 0 0 0 0 1
train_jpeg/0eb12f12b3c3314540731003bd1a887c 0 0 0 0 0 1
train_jpeg/0eeff8568b00af202ecfd1adb1028f76 0 0 0 0 0 1
train_jpeg/0eff8de4b1964a09bc67fc2dcdd233d5 0 0 0 0 0 1
train_jpeg/0f1d4b4d710b982a1786054c5357f427 0 0 0 0 0 1
train_jpeg/0f27e4b742995aef46336c6c408f842a 0 0 0 0 0 1
train_jpeg/0f3b0c1a84dad0b7dcb76973836c0618 0 0 0 0 0 1
train_jpeg/0f492b0760a2c4894f9f34c5e99837d5 0 0 0 0 0 1
train_jpeg/0f814da049ccab4171ed331c749f0eb9 0 0 0 0 0 1
train_jpeg/0fb17f7ef84cea21569bbcb3fbdd9032 0 0 0 0 0 1
train_jpeg/0fb6d9a425117670ba7c249b35523434 0 0 0 0 0 1
train_jpeg/0fcb5f06dba5a03b16df46dc966a3996 0 0 0 0 0 1
train_jpeg/0fdba5b4298773f488709251e49b26a2 0 0 0 0 0 1
train_jpeg/102341f3585d122b732b94d7281d98ef 0 0 0 0 0 1
train_jpeg/1025d5d08103bc7d79d1853d368b42e8 0 0 0 0 0 1
train_jpeg/102c6818153a5df4c097033ff758ef21 0 0 0 0 0 1
train_jpeg/10498c5c45827c22489639065f90d70b 0 0 0 0 0 1
train_jpeg/1049b2ea72618fc2406996e0d869d317 0 0 0 0 0 1
train_jpeg/1067fc1a24a63bbc6de0c2d31b141e3f 0 0 0 0 0 1
train_jpeg/10ab779d6ca517c05e324e6386218974 0 0 0 0 0 1
train_jpeg/10ad2392bd8169775aea678815bdc0ce 0 0 0 0 0 1
train_jpeg/10ddfd44af9ff919ef88218b88211151 0 0 0 0 0 1
train_jpeg/111b3fbca754d6e22bc1ff9ae2491ea2 0 0 0 0 0 1
train_jpeg/11b45b85ec598039c5b2da0ebc23d0a3 0 0 0 0 0 1
train_jpeg/11bfa241b83d4b1dad26919f15263ea7 0 0 0 0 0 1
train_jpeg/1243c3cd5ad7c097fdcd147e025ac628 0 0 0 0 0 1
train_jpeg/12458e19391e96d4920de1e9eec373b0 0 0 0 0 0 1
train_jpeg/12c57b0679d77f63009d79239f5cb1ba 0 0 0 0 0 0
train_jpeg/13183cb48b0aae02e88c3f45547d393a 0 0 0 0 0 1
train_jpeg/131a5aebed48ad2591a6c20f30eec857 0 0 0 0 0 1
train_jpeg/136811abc7a30d535055c1144edf4103 0 0 0 0 0 1
train_jpeg/13cfa0ce17cc9c37b5201e8660b77b19 0 0 0 0 0 1
train_jpeg/142b847831ebe1e068a7f4017c02dda3 0 0 0 0 0 1
train_jpeg/1436bbd29c4dcb04ac01e6696dd7e18d 0 0 0 0 0 1
train_jpeg/1485678dd9f53068a797ec094735828b 0 0 0 0 0 1
train_jpeg/14eb61e207776d8dbd7d8159d3c9c362 0 0 0 0 0 1
train_jpeg/14f2cc0ad531303b0cf8d60bfad32bc7 0 0 0 0 0 1
train_jpeg/14f7c3b33b29f53bcd6103f50ed76353 0 0 0 0 0 1
train_jpeg/1568b51e55c6d3b116b11c852c18e279 0 0 0 0 0 1
train_jpeg/1578fb1eae563ad602852d3f9f597a21 0 0 0 0 0 1
train_jpeg/15b4fc95934c66a19ecbb8773b41168a 0 0 0 0 0 1
train_jpeg/15fcf38c1276d50ad9857f47890450fc 0 0 0 0 0 1
train_jpeg/160bb47c3022a18a9e106c8794ddd4a0 0 0 0 0 0 1
train_jpeg/1625249b80df13df89d06b2c30877a1e 0 0 0 0 1 0
train_jpeg/16531c511f60bb26a0f3e36acf16b73a 0 0 0 0 0 1
train_jpeg/165784158c1e04bccdad5e3941cd03d6 0 0 0 0 0 1
train_jpeg/166ec2a0d12a881a828e8094bd8a278d 0 0 0 0 0 1
train_jpeg/16c79941fd188812a67288df121c8265 0 0 0 0 0 1
train_jpeg/1725098bb451c350b0e24243744f699e 0 0 0 0 0 1
train_jpeg/1759626430cdfd3d4f63907683690d18 0 0 0 0 0 1
train_jpeg/177e4361a97721ae96b88643639b21a9 0 0 0 0 0 1
train_jpeg/179e0024141a1b035fa9c584bcc41d20 0 0 0 0 0 1
train_jpeg/17c2c5cb02d771f1b3837c9f127641dc 0 0 0 0 0 1
train_jpeg/17c605c7398e5c8ba72d279fcef9d95c 0 0 0 0 0 1
train_jpeg/18016e29bda26f938d66d73c887101d7 0 0 0 0 0 1
train_jpeg/1852c9e51ea7a5d9172b98cf23ca45e3 0 0 0 0 0 1
train_jpeg/189fc91e6797c100bbd6a6ae3cd61885 0 0 0 0 0 1
train_jpeg/18b496f16e2941e5f8e0f7db81d3098e 0 0 0 0 0 1
train_jpeg/19092706cfc4df42ae8f3302eb73bbd3 0 0 0 0 0 1
train_jpeg/190b5776b1e62f3343c70f4ea9af4b15 0 0 0 0 0 1
train_jpeg/19986ef91a06c3bf7318b9b1368d4b41 0 0 0 0 0 1
train_jpeg/19a8657db54ba2c4b22dc25bb33cc113 0 0 0 0 0 1
train_jpeg/1a6b7c263e01941615c16b95df231296 0 0 0 0 0 1
train_jpeg/1a91a7af5c6ba164481c91f3fab7b1b2 0 0 0 0 0 1
train_jpeg/1ad2d9c6def81b7e8beacded24a06853 0 0 0 0 0 1
train_jpeg/1aebe196c344ddae48ec99b142bcf4c2 0 1 0 0 0 0
train_jpeg/1b070a44c3458e1639f1872768edacde 0 0 0 0 0 1
train_jpeg/1b09f8963f072c7caf4ecc685910fb15 0 0 0 0 0 1
train_jpeg/1b1f68f3e0583a4e6094ecd9b620792e 0 0 0 0 0 1
train_jpeg/1b635e668c3c61431b918f1ab457eac9 0 0 0 0 0 1
train_jpeg/1b8bb721f6adf077404509d5ba07033f 0 0 0 0 0 1
train_jpeg/1bc174094e607cdc28d45f84440b8578 0 0 0 0 0 1
train_jpeg/1bf0c30ec9cf3abe34938787e5f9fc28 0 0 0 0 0 1
train_jpeg/1c2d6d9e020c17e307b4b1d8a366ae56 0 0 0 0 0 1
train_jpeg/1c62f00b3228d2e131a84d1889e213cc 0 0 0 0 0 1
train_jpeg/1c8a70eca4a79fd10e3689e2b378c603 0 0 0 0 0 1
train_jpeg/1c9e6dbfe347fb693c6c9e0cd82113c8 0 0 0 0 0 1
train_jpeg/1ce0b74770c21730b35e7800b7b8e4ad 0 0 0 0 0 1
train_jpeg/1ce7996f94d654d32b68deb552867232 0 0 0 0 0 1
train_jpeg/1cfebd799d9854a50bfa74e0271f358e 0 0 0 0 0 1
train_jpeg/1d170ae6d3f174b88d55b7a44e1b8963 0 0 0 0 0 1
train_jpeg/1d253ac85579d2171e2a34f88cb1d5b5 0 0 0 0 0 1
train_jpeg/1d2deaded6c9a147e9a0243fe70bd1a6 0 0 0 0 0 1
train_jpeg/1d63eea24a9f69bc17f1da7af4ffa19a 0 0 0 0 0 1
train_jpeg/1d6460bc60fe5460e73fc82ef58721bc 0 0 0 0 0 1
train_jpeg/1d932218c8a3889b328c368944de8355 0 0 0 0 0 1
train_jpeg/1df395e4bc01439c291423f4b475b5db 0 0 0 0 0 1
train_jpeg/1e2e7ff1a872f81ade3d67702dd3a95e 0 0 0 0 0 1
train_jpeg/1e4464931141d6d2d7fe1bf8a7332ab5 0 0 0 0 0 1
train_jpeg/1e9d0591a186e9fdb31759a3767fc472 0 0 0 0 0 1
train_jpeg/1edd41fbc11831eeb7b70e45bc91214d 0 0 0 0 0 1
train_jpeg/1ef008b6baf86c8889d464710f46e27b 0 0 0 0 0 1
train_jpeg/1f0020b4117724f14386bcbeebb9d194 0 0 0 0 0 1
train_jpeg/1f15edb18cab49f1996f395c217e5d14 0 0 0 0 0 1
train_jpeg/1f184f86ab6c64017ae4f989df78558c 0 0 0 0 0 1
train_jpeg/1f3f1f55b90ce7fcf27284d12fd04d0b 0 0 0 0 0 1
train_jpeg/1f897eadcbbca4e2104e7a2d7fd3e0f9 0 0 0 0 0 0
train_jpeg/1f89ad7a71ca8d38e0a27ff861ce3076 0 0 0 0 0 1
train_jpeg/1f8cfd858bed230665e07d2921eee379 0 0 0 0 0 1
train_jpeg/1fa4f7d78fb5dea70baee8bddc37088f 0 0 0 0 0 1
train_jpeg/1fc991b32cc74cd90feb7ed007fef755 0 0 0 0 0 1
train_jpeg/2001e8b4b03f5a0bfb19501fed8e4fad 0 0 0 0 0 1
train_jpeg/200f1b5be00ecc740552ece63ed4fdd8 0 0 0 0 0 1
train_jpeg/203aae5cb1d337a3a04dec49d6af2b1f 0 0 0 0 0 1
train_jpeg/2047ebfae1b23a9fd4fffaa5411bf566 0 0 0 0 0 1
train_jpeg/205ac8294ffe4c5592494261fdb68e2f 0 0 0 0 0 1
train_jpeg/2077dfb717706d5ce9a373f1672e869c 0 0 0 0 0 1
train_jpeg/207fd3c362fd3f6dcd3adc75a03c4861 0 0 0 0 0 1
train_jpeg/208cddf534a1bc9c35f5faa6a6c51f94 0 0 0 0 1 0
train_jpeg/20b208fe31541c86d56ea9bb28d6bfba 0 0 0 0 0 1
train_jpeg/21ad5dc8b515606f3bd9ba9dde4dc5d9 0 0 0 0 0 1
train_jpeg/21d38f0ccb1fc3d3aa78b3d082d298c7 0 0 0 0 0 1
train_jpeg/21ee48c826f0320183014faee6ae134d 0 0 0 0 0 1
train_jpeg/21f44f20424e41b27990d3a546aea659 0 0 0 0 0 1
train_jpeg/223cd0546f8c4cc901b6dc4ca2ab93df 0 0 0 0 0 1
train_jpeg/227135e2b19eb0c41177abe170572eab 0 0 0 0 0 1
train_jpeg/2285e92d66a166fa72444a73f4c5fc52 0 0 0 0 0 0
train_jpeg/22bf441ee789749327db34ef3bab59bf 0 0 0 0 0 1
train_jpeg/22e7c92282658cc02aece27a97346814 0 0 0 0 0 1
train_jpeg/231e8999bf3b343dd87d8d78eba5d5d9 0 0 0 0 0 1
train_jpeg/233304117768f4a6c3526027fe25bebf 0 0 0 0 0 1
train_jpeg/2333d8915a42791bd09ab3fd2e47ab21 0 0 0 0 0 1
train_jpeg/23cce180577f430196777b952a26b5db 0 0 0 0 0 1
train_jpeg/2412fb603ff9c9de19798196c9556482 0 0 0 0 0 1
train_jpeg/2430c41575f7b06481ae309478ba7f15 0 0 0 0 0 1
train_jpeg/243b9d66004caed384eb9566e3928aeb 0 0 0 0 0 1
train_jpeg/2464cb0d204ce011f7a9dc28db281693 0 0 0 0 0 1
train_jpeg/24a5d0a82499463cd44d51ae2a4cba17 0 0 0 0 0 1
train_jpeg/24f418443f3e8da5ff3d681035ab0405 0 0 0 0 0 1
train_jpeg/25108aafc5ef1b61f97c9dd36a92b9c0 0 0 0 0 0 1
train_jpeg/2512bea06be1434f54a2c2b946e864ce 0 0 0 0 0 1
train_jpeg/251c97b8c98e693de061e10ea6c578d2 0 0 0 0 0 1
train_jpeg/256d3816d739fbc5da99a02e8de999b9 0 0 0 0 0 1
train_jpeg/2575c2c2b42a316dada58c33b80170e1 0 0 0 0 0 1
train_jpeg/2591164d62a43e6d97a560800247cd5e 0 0 0 0 0 1
train_jpeg/25fc84c56b2ebff7be79a6f849904f64 0 0 0 0 0 1
train_jpeg/2611e5933907733e626c08196d28320e 0 0 0 0 0 1
train_jpeg/2644af03ef7f572fadb7daa3a347ed57 0 0 0 0 0 1
train_jpeg/26aede63d6658410b4c56058cc9ea56c 0 0 0 0 0 1
train_jpeg/26c993f260c3451d290d3da19477292d 0 0 0 0 0 1
train_jpeg/26ca0d087d159ff2705f65df9d5fa599 0 0 0 0 0 1
train_jpeg/26d753574ab2e8477d69d00b2a1459ed 0 0 0 0 0 1
train_jpeg/26eac57443b8167355a9f1d74aa34f15 0 0 0 0 0 1
train_jpeg/271f9008a6ac0c2fbed2ee6d40ff8750 0 0 1 0 0 0
train_jpeg/273f6286bdf9970d76ded49f57822edd 0 0 0 0 0 1
train_jpeg/2747ee31240ce17274902aaaf807d8e3 0 0 0 0 0 1
train_jpeg/27e1d29f27cfe7f88225f4660e75615e 0 0 0 0 0 1
train_jpeg/27f97551617fd179a93f91a44f8bdc61 0 0 0 0 0 1
train_jpeg/2812db133a69cb8bd4adec4122677b1c 0 0 0 0 0 1
train_jpeg/283175723b6cfb107d3b2f6de0a87c88 0 0 0 0 0 1
train_jpeg/2849342ae0ba121002d4bc792c9d1fc3 0 0 0 0 0 1
train_jpeg/284f9fd6332cb61bafd0e90da1cb4f81 0 0 0 0 0 1
train_jpeg/286d4f7bc4282b7dd5fae43ee06cfb8d 0 0 0 0 0 0
train_jpeg/28743fad0599afa0e2574382b4f3c936 0 0 0 0 0 1
train_jpeg/289bc9e9d49d8cb9157e741a3a171004 0 0 0 0 0 1
train_jpeg/28c18bf8fcb6c11c5fbc7c00d9f5bacc 0 0 0 0 0 1
train_jpeg/28eb28a9feba4a3fd37327417aba1ed7 0 0 0 0 0 0
train_jpeg/29491e5d92ee6968b5dc51fdab1f95ed 0 0 0 0 0 1
train_jpeg/29b7657830700c5ac4e256e2d8edc932 0 0 0 0 0 1
train_jpeg/29e243ad1a2b17ef44c1a21723ec4752 0 0 0 0 0 1
train_jpeg/2a3cc19a099f06f80007cceb75d43bf0 0 0 0 0 0 1
train_jpeg/2a59e57437c724c8b7d0e978b3a06d32 0 0 0 0 0 1
train_jpeg/2a66b7e192ff289468e11bf46eb744b0 0 0 0 0 0 1
train_jpeg/2a8b9d2e09ada919e6ce45cb6c451d21 0 0 0 0 0 1
train_jpeg/2a8be2bd51a3851ed0ce9c84e9a62426 0 0 0 0 0 0
train_jpeg/2ab7723d59917d1cc798123de5c5b618 0 0 0 0 0 1
train_jpeg/2af4622e013e89aaa57d5091a233d049 0 0 0 0 0 1
train_jpeg/2b2bd3577782a2b41dff067c167bffc6 0 0 0 0 0 1
train_jpeg/2b55107447ec3348f736ca1dae02977e 0 0 0 0 0 1
train_jpeg/2b7ba6aa086eb3b4570c15e6c533b2c6 0 0 0 0 0 1
train_jpeg/2b7e6ef0edf26576795e86821e4c7c8a 0 0 0 0 0 1
train_jpeg/2c0444193210187dba7db4a9df722eb9 0 0 0 0 0 1
train_jpeg/2c49a0717dffbc97f2236bd0e9ae62a7 0 0 0 0 0 1
train_jpeg/2c74f4196862f688266048d27224464d 0 0 0 0 1 0
train_jpeg/2c811692ee5993b6611391db3c96a981 0 0 0 0 0 1
train_jpeg/2cbeb76617d190dfbbce18986462c1c1 0 0 0 0 0 1
train_jpeg/2ce1e9e3e6654666a7e8b0c1db6e8309 0 0 0 0 0 1
train_jpeg/2cef6674b94ed9b9e24bbf9d280545d6 0 0 0 0 0 1
train_jpeg/2d3029fd7a8c2d936aa122a071a8d7a0 0 0 0 0 0 1
train_jpeg/2d4fd5fd2fd6135e471ca63908d2f813 0 0 0 0 0 1
train_jpeg/2ddbe2e52849cbe12bc1808dbae5ae18 0 0 0 0 0 1
train_jpeg/2e07a4aeb9e87902e6f88abe5a865e1d 0 0 0 0 0 1
train_jpeg/2e1a90ec09ee43cd8f066dfe887e4e80 0 0 0 0 0 1
train_jpeg/2e25acfdadacf79ee609afed1b13a750 0 0 0 0 0 1
train_jpeg/2e36f673e27b86d41545bb4eadf4ab9a 0 0 0 0 0 1
train_jpeg/2e393d79b412fb3f72f8597e96009d2f 0 0 0 0 0 1
train_jpeg/2e9af508d4449491681118a3cc3f2f87 0 0 0 0 0 1
train_jpeg/2ee21f1cbdb39e53576e8e348188af2f 0 0 0 0 0 1
train_jpeg/2f000bd78273737ac4ddbb618666746a 0 0 0 0 0 1
train_jpeg/2f23b99eea815fe9633b1a072218920b 0 0 0 0 0 1
train_jpeg/2f5ce240ae96f86a5bcf3f7a8fabd645 0 0 0 0 0 1
train_jpeg/2f676a2005a4daf0fd6cba35b6afb730 0 0 0 0 0 1
train_jpeg/2fc3eacc653ee1744c94abc813a6f111 0 0 0 0 0 1
train_jpeg/2fca1af5866f006ff184cb306295e288 0 0 0 0 0 1
train_jpeg/30449fde0f51f26ca4c1bcb2bf482ff8 0 0 0 0 0 1
train_jpeg/3052d5f66f219ee25809245280ca4228 0 0 0 0 0 1
train_jpeg/305674cf906da3fb7a2fcc398596e7fd 0 0 0 0 0 1
train_jpeg/308f48494437d6e5a03366869dfad5a9 0 0 0 0 0 1
train_jpeg/30b2830c567550e16cb0813c6a29337c 0 0 0 0 0 1
train_jpeg/30b7c5887272f0d0fd2b78925dfd7518 0 0 0 0 0 1
train_jpeg/31074d188850b35173ba760312ab17f0 0 0 0 0 0 1
train_jpeg/3123f4eaee1eb304261c91bb668b0631 0 0 0 0 0 1
train_jpeg/31449e7891efb4f8be8f7d76bf247914 0 0 0 0 0 1
train_jpeg/31ab750de5cb0c76b49d45ab1d2186a6 0 0 0 0 0 0
train_jpeg/31be77981097447655ba760810965a6d 0 0 0 0 0 1
train_jpeg/31fb14bd8c5f93dcbd6cf90c18f6ebd7 0 0 0 0 0 1
train_jpeg/3212a84727e182171bd4ab3da7d560a5 0 0 0 0 0 1
train_jpeg/3221209048765cdd84b0210c1e35e45a 0 0 0 0 0 1
train_jpeg/322bf58e1679125507f7909591396e0e 0 0 0 0 0 1
train_jpeg/3247b2530692d1677aa304d9d16cb8d0 0 0 0 0 0 1
train_jpeg/328600a3e2b73d907ff67390754ba7cc 0 0 0 0 0 1
train_jpeg/32a367a5baa263fa8c3d6f47cf5efc3e 0 0 0 0 0 1
train_jpeg/32a4670f04633405e71718973b36c99e 0 0 0 0 0 1
train_jpeg/32b93ad2764eaed516ee0a5c7d5817e9 0 0 0 0 0 1
train_jpeg/32cb870fd424ffc2a3f343b172da1133 0 0 0 0 0 1
train_jpeg/330f501cb35f5f63d3f9cefe507ff47a 0 0 0 0 0 0
train_jpeg/33146af87f7bf6c9836c1f83aa609df2 0 0 0 0 0 1
train_jpeg/33bbe31c76ccb7d6c7b26efca143f11c 0 0 0 0 0 1
train_jpeg/33e26b941b7c24646f7428ccc0083b78 0 0 0 0 0 1
train_jpeg/33f32fc1cd5aa4bc4a2ad1d602da4a74 0 0 0 0 0 1
train_jpeg/33fbdb351c16ce9efa9e9ef68bad8b6b 0 0 0 0 0 1
train_jpeg/341f6cb611d9db718a26db9ead813e27 0 0 0 0 0 1
train_jpeg/34e4159d3c32e17bd1e43c42c8537f2b 0 0 0 0 0 1
train_jpeg/34f719bb0bcf53eb2d8187ba64640de0 0 0 0 0 0 1
train_jpeg/3510b78c9c3bf89c1a68ffc05354354d 0 0 0 0 0 1
train_jpeg/353ca5037bc2f25c6af8d1e6b6e0a2f1 0 0 0 0 0 1
train_jpeg/3540ca0f9d0dc511dda06b57acce1df8 0 0 0 0 0 1
train_jpeg/35e38672875ff60d5a131d91b4db5a6d 0 0 0 0 0 0
train_jpeg/3616dd72a459d1926b2a72edac1a4e6a 0 0 0 0 0 1
train_jpeg/36172f7de00633f73845c217d3420091 0 0 0 0 0 1
train_jpeg/3624ae2d9b29823f90e1c0bf833e90cd 0 0 0 0 0 1
train_jpeg/365f94e8ed81d2e9b8c134cf8bfdf21e 0 0 0 0 0 1
train_jpeg/366026de955921cce6a1020277c36295 0 0 0 0 0 1
train_jpeg/369dc4f999b9cb4d88490888f80d627f 0 0 0 0 0 1
train_jpeg/36ce2f8a18e417f01c12aae3b8fc9144 0 0 0 0 0 1
train_jpeg/36e9f9bfa8b58837df27e836acac22a5 0 0 0 0 0 1
train_jpeg/37443a0363383344165898080f9458a7 0 0 0 0 0 1
train_jpeg/38229bb063f9924eab320ad927279c49 0 0 0 0 0 1
train_jpeg/385f2129e57dc69626fb3a2bda8ecfa5 0 0 0 0 0 1
train_jpeg/386295741d73b6939ecd3a49d0b331a7 0 0 0 0 0 1
train_jpeg/3873c800bc356d4752c3c5cd7f657bc5 0 0 0 0 0 1
train_jpeg/388f037600c1a6d1134640e1070850a4 0 0 0 0 0 1
train_jpeg/390a3ca76ec74efc45098507792b4446 0 0 0 0 0 1
train_jpeg/392e6895aed532dc01d58682542e0daf 0 0 0 0 0 0
train_jpeg/3936eeb7514591f9fc27e3231abe6cc2 0 0 0 0 0 1
train_jpeg/3a0d195ad217ba81a6d83c2193c03a39 0 0 0 0 0 1
train_jpeg/3a2afe680c468e809c808a8c456412f9 0 0 0 0 0 0
train_jpeg/3aaf9082b2fc37d21d61ae532d3112d4 0 0 0 0 0 1
train_jpeg/3abdf429daeb55e510e29a698977c217 0 0 0 0 0 1
train_jpeg/3ae973a81532baaf237a2b3ed9bf1d07 0 0 0 0 0 1
train_jpeg/3b2300e701a71ce168b0bdb5d6d069d2 0 0 0 0 0 1
train_jpeg/3b368fea4f80aa6475184bb3a880983c 0 0 0 0 0 1
train_jpeg/3b84fad11366b42cf32c96c2d0fa84d4 0 1 0 0 0 0
train_jpeg/3b87310521f1d17367a581fc6e0eb19d 0 0 0 0 0 1
train_jpeg/3b954ff67ca7bcf8d10be0d2a9b193ae 0 0 0 0 0 1
train_jpeg/3bcecace0aa291ac99ea2f694b1e38a7 0 0 0 0 0 1
train_jpeg/3c95ac819293940394fff78c76c60ca6 0 0 0 0 0 0
train_jpeg/3ca1dc2c7a30bb0c9b541f91d9313c5b 0 0 0 0 0 1
train_jpeg/3ca9d4cfef54c2c099c4d43dc25fa760 0 0 0 0 0 1
train_jpeg/3cde958128613bac4e504780c4fd72bc 0 0 0 0 0 1
train_jpeg/3cf350a5b4f53dabd01f971a614abde8 0 0 0 0 0 1
train_jpeg/3d0f66e908f56bc5a09dc479a408eea5 0 0 0 0 0 1
train_jpeg/3d100048eee5507768634d2733c59b6a 0 0 0 0 0 0
train_jpeg/3d267fca7c94f3426d1fc31b62efae19 0 0 0 0 0 1
train_jpeg/3d99c31c358e664d2b39d312dbabcd33 0 0 0 0 0 1
train_jpeg/3da6aaa7e2b67dec303f577cc9768766 0 0 0 0 0 1
train_jpeg/3db67d1ca109b704da4688cca58346a0 0 0 0 0 0 1
train_jpeg/3dd04efbb7f8f0e2757e8e588350f8e0 0 0 0 0 0 1
train_jpeg/3df3f28df05bf2d1abaa7ff039c87597 0 0 0 0 0 1
train_jpeg/3e0e43fa2de366a0ac10e036f92a888d 0 0 0 0 0 1
train_jpeg/3e7b8f8f648591b569052ea31b66d0e7 0 0 0 0 0 1
train_jpeg/3e977f48ab070b3cf0f6e7dc50c207d9 0 0 0 0 0 1
train_jpeg/3ec7d6d24ce3775c542d67669d262e7c 0 0 0 0 0 1
train_jpeg/3eec1d86865131f5df6d4f240a0d4755 0 0 0 0 0 1
train_jpeg/3fb03f39fb2232e19b6de537731aa5ad 0 0 0 0 0 1
train_jpeg/3ffe3bcf96ad33f1d612b24e4a35a38d 0 0 0 0 0 1
train_jpeg/40069a1da8d0e9fc831ce5672b0ec908 0 0 0 0 0 1
train_jpeg/4025c27b4f2c32d297a538200a220e13 0 0 0 0 0 1
train_jpeg/403bdafacdfcd971c65c610e1b8e2683 0 0 0 0 0 1
train_jpeg/4073cfd56d5ed0cb3dd2c1680d9361ee 0 0 0 0 0 1
train_jpeg/4097c94da1f21b9d8a9c19a56e228458 0 0 0 0 0 1
train_jpeg/40c5bb0fb2daacf73f49b8cdfc278a27 0 0 0 0 0 1
train_jpeg/40dcb513437e7adde4414b51b273ade8 0 0 0 0 0 1
train_jpeg/41264e8b15541bea4f7fb5a8abfb4bbc 0 0 0 0 0 1
train_jpeg/418f63372f9d6d1e2e37dcfb466d6740 0 0 0 0 0 1
train_jpeg/41b743f4d7c76feea7da57a6a7d2373a 0 0 0 0 0 1
train_jpeg/41d75e4a8e06778e2feecc16c5c5fd41 0 0 0 0 0 1
train_jpeg/425c95d8d95b788f765369fac0f21674 0 0 0 0 0 1
train_jpeg/4276c66e7d8eb27840974e30d6281bcb 0 0 0 0 0 1
train_jpeg/427ad07478cb7710bb265665a9e8e919 0 0 0 0 0 1
train_jpeg/427cee14f796b7a14074226155892f7c 0 0 0 0 0 1
train_jpeg/42964050d44b271491f579883fb321e0 0 0 0 0 0 1
train_jpeg/42e45c17b9e92a9108ef6f2f47804d8a 0 0 0 0 0 0
train_jpeg/42f2378d29befde9ac467597a332425c 0 0 0 0 0 1
train_jpeg/42fa490bac652362a0ef3c1c2ac1dcc9 0 0 0 0 0 1
train_jpeg/4318100e0bc2513dc4972f6186555070 0 0 0 0 0 1
train_jpeg/4325459899364084f6d63bcbee5c586e 0 0 0 0 0 1
train_jpeg/43f22f6c7dbc889c799fb3c49bfecdf6 0 0 0 0 0 1
train_jpeg/44340a3332c1364864dd4d9ae6fea977 0 0 0 0 0 1
train_jpeg/4475c6ecebccd1c67344edb7a61a489b 0 0 0 0 0 1
train_jpeg/44782ba571937e1868d5ec142c7cdc6e 0 0 0 0 0 1
train_jpeg/44d8463dc6b97354823587afe0ea9d75 0 0 0 0 0 1
train_jpeg/44e0f233a3ade73cab164079b182bf41 0 0 0 0 0 0
train_jpeg/451f3ee04d46301afa1647f1fa400df6 0 0 0 0 0 1
train_jpeg/452c5e2036c4068330a7f95ab257fe2d 0 0 0 0 0 1
train_jpeg/45643319e6083d351cb4e9684bde069c 0 0 0 0 0 1
train_jpeg/45914f9faa0cdc6dd6eeba48fd1c6402 0 0 0 0 0 1
train_jpeg/45a8f56d50665a20a709eacad6f3ba9a 0 0 0 0 0 1
train_jpeg/45beae35a855d010ef2744a912b92934 0 0 0 0 0 1
train_jpeg/45dd8541d7346dd9015404cadcc1a8f8 0 0 0 0 0 1
train_jpeg/45e4a17c1e5246e303bc1b2dd372bbad 0 0 0 0 0 1
train_jpeg/468619c5fd88f253c9ab79e4ec71cc90 0 0 0 0 0 1
train_jpeg/46c55ae4fdb5c1c97554633e1d8f4501 0 0 0 0 0 1
train_jpeg/46e5a3a0bbcaeaa1b6e0504d4847e71f 0 0 0 0 0 1
train_jpeg/46efe0cc72d00f009b4d6e81c40caa2d 0 0 0 0 0 1
train_jpeg/4761fc19be5420015299df70e3d788de 0 0 0 0 0 1
train_jpeg/477177a132f537ffc141429c64d1078e 0 0 0 0 0 1
train_jpeg/477d4f6f3dd7d7963718978b471aca4f 0 0 0 0 0 1
train_jpeg/479f688143635e866da68da5dcd88efc 0 0 0 0 0 1
train_jpeg/47ae412991a2007b884e35d473f4c0d1 0 0 0 0 0 1
train_jpeg/48273ebc8a590c8874f821ee05165353 0 0 0 0 0 1
train_jpeg/484a9835755d5041ab8af0ebdedef31f 0 0 0 0 0 1
train_jpeg/48689c774903b4e601615f4dcf83380e 0 0 0 0 0 1
train_jpeg/486c8b33f33a2c401fd09f2eda3fb9b8 0 0 0 0 0 1
train_jpeg/48816bf058e0b91295b93a90351fa1a0 0 0 0 0 0 1
train_jpeg/48d8a364f2df7c2adc723b30b81c5fee 0 0 0 0 0 1
train_jpeg/48f3a35fcd6c76d5d0ee2d475b3f1f51 0 1 0 0 0 0
train_jpeg/492bc09a9ea6dacc2a35e890caf4e937 0 0 0 0 0 1
train_jpeg/49448f6958c234a27ea72e62d8e78d72 0 0 0 0 0 1
train_jpeg/49658111ee6f9bdbf080646f9e0efabb 0 0 0 0 0 1
train_jpeg/49ffdc3f7a8d0fc1f91335975ac6b44f 0 0 0 0 0 0
train_jpeg/4a1659ba26c4cb81c9f964620cab3407 0 0 0 0 0 1
train_jpeg/4a4b4c829cb8ca8ae24318d9163ec734 0 0 0 0 0 1
train_jpeg/4a5e5b9720f90005e6a1ac99b38f63da 0 0 0 0 0 1
train_jpeg/4a73cb47410ca27d2349980a1081cc2c 0 0 0 0 0 1
train_jpeg/4a8703807226b1b4771b560dbfb42b9c 0 0 0 0 0 1
train_jpeg/4a8bdd1e42ac03d0ba7e5b57ff6d34ef 0 0 0 0 0 1
train_jpeg/4ac56d1d9d015150191e49197b8ed15e 0 0 0 0 0 0
train_jpeg/4ac75e0209fe0cd9b920c2fb0cd1e1b6 0 0 0 0 0 1
train_jpeg/4ad31360a01c40bc9074745f770c8ec7 0 0 0 0 0 1
train_jpeg/4af2fb064cc821e4a7631fccdcf86c3e 0 0 0 0 0 1
train_jpeg/4af7096ba8b0589e8e2852d095fd55e2 0 0 0 0 0 1
train_jpeg/4b06e7f8dd8f7af058088bd6a32d3c6c 0 0 0 0 0 1
train_jpeg/4b070a47be8f61230a040e122b281c66 0 0 0 0 0 1
train_jpeg/4b514fdcb1c194983b7b34c9fc3e0ad5 0 0 0 0 0 1
train_jpeg/4ba1d94812bf9828f4bb2c37e9faca4a 0 0 0 0 0 1
train_jpeg/4be08f045fa7243f8f03dd027d420c39 0 0 0 0 0 1
train_jpeg/4beb9b4e0acebc20ba821cab920ca6a4 0 0 0 0 0 1
train_jpeg/4bf5576f3130e11a15018cc0dab97701 0 0 0 0 0 1
train_jpeg/4bfa2fa5fbcaf56ac690ad40fd74b260 0 0 0 0 0 1
train_jpeg/4c7d33b4c5bf485af4df30bb8500a002 0 0 0 0 0 0
train_jpeg/4c8452a2c235923536dc3d778e6593ab 0 0 0 0 0 1
train_jpeg/4cedc7409a0eb3421e200e78ea5325ad 0 0 0 0 0 1
train_jpeg/4d3473f7b6e8882286ee4260ed30e03c 0 0 0 0 0 1
train_jpeg/4d390e07733ba06e5ff07412f09c0a92 0 0 0 0 0 1
train_jpeg/4d4ad44c8fc0e4a95366b07c27afb1b2 0 0 0 0 0 1
train_jpeg/4d768b25474b2af3948ad864f7a50b84 0 0 0 0 0 1
train_jpeg/4d88ede382258cdf9b4cef728d9fd8dc 0 0 0 0 0 1
train_jpeg/4d9ec9438fb6b72cb4fd117809521132 0 0 0 0 0 1
train_jpeg/4da186e1362602248a34a84710c724e2 0 0 0 0 0 1
train_jpeg/4dd58e524414390db1636117f1281554 0 0 0 0 0 1
train_jpeg/4e02c3b1100ced219b8d06cd65d09425 0 0 0 0 0 1
train_jpeg/4e04cff2cf0a68cc8fc0163214ac7819 0 0 0 0 0 1
train_jpeg/4e09020c210d7ec3622e594acd77137c 0 0 0 0 0 1
train_jpeg/4e6bcd280e3c03f7fd4e4846c6d560c1 0 0 0 0 0 1
train_jpeg/4efd7c1cdcbb8f3fcd12cbc09e2ca847 0 0 0 0 0 1
train_jpeg/4f1567ce71208934844b924e153aa197 0 0 0 0 0 1
train_jpeg/4f211240fc303e8f73e877cef8c0d945 0 0 0 0 0 1
train_jpeg/4f239ee9f362d0189b3b1c2649556d8b 0 0 0 0 0 1
train_jpeg/4f7a8f69990e8a2212ebc51bb502fc7c 0 0 0 0 0 1
train_jpeg/4f7bafd7046a44b6759fec62979ca64d 0 0 0 0 0 1
train_jpeg/4fb8b42ce575d32e3bc864ac4b72b46f 0 0 0 0 0 1
train_jpeg/4fbb1887c0f1961bb77cbf5832c67d70 0 0 0 0 0 1
train_jpeg/4ff991b63e0c4eebea3961bb2702acc7 0 0 0 0 0 1
train_jpeg/502e7c8d02a74d769453b8899e308ed9 0 0 0 0 0 1
train_jpeg/5076848df8fa698b517a34f6a8246d43 0 0 0 0 0 0
train_jpeg/50ad19d379471591e460f9b272711c2e 0 0 0 0 0 1
train_jpeg/510c564c69ad435168d78c084913d3aa 0 0 0 0 0 1
train_jpeg/513203e29fe43941076e37a945e58c36 0 1 0 0 0 0
train_jpeg/515b5247a057b966fa2d1bd50907fd79 0 0 0 0 0 1
train_jpeg/51a476e1c278cc4a59f103432c929b79 0 0 0 0 0 1
train_jpeg/51a8a2d913f12d2b39d9fe43fe27aa2d 0 0 0 0 0 0
train_jpeg/51a8d7259a0a6deac20b7c4979a7e847 0 0 0 0 0 0
train_jpeg/51c9555c13a2ce6554d4592c95b80a39 0 0 0 0 0 1
train_jpeg/5256b4da8d8737661f6ee1e3baac89bd 0 0 0 0 0 1
train_jpeg/52c4114a737e53ff318994962de6e17d 0 0 0 0 0 1
train_jpeg/52c9a468b4d77e79c9a4c27a8e896e67 0 0 0 0 0 1
train_jpeg/533153b97c1c0a352251ff6407252c1b 0 0 0 0 0 1
train_jpeg/545dfeb98c767fa82f092f977057c9e6 0 0 0 0 0 1
train_jpeg/54899ab2697603e703ee876a647f7be2 0 0 0 0 0 1
train_jpeg/5495c10794cb7b637d5b4312d076efa5 0 0 0 0 0 1
train_jpeg/54b776c1c57573abd6484945cd19f70f 0 0 0 0 0 1
train_jpeg/54d5f37064c9be0861089b29f1389b73 0 0 0 0 0 1
train_jpeg/54d7d530808ec64ea19e9d4ab37cf579 0 0 0 0 0 1
train_jpeg/550498aea21f83ae82906813b02505e6 0 0 0 0 0 1
train_jpeg/5576d293dfccbc926d92d3ec0d20b9af 0 0 0 0 0 1
train_jpeg/559079022efa926d72a579f1cc6de548 0 0 0 0 0 1
train_jpeg/55bb2808e74d4d4bfda40275268603a4 0 0 0 1 0 0
train_jpeg/55c48433a6a760920a0198b3ee44a170 0 0 0 0 0 1
train_jpeg/55e830372cd24b93c934474723562366 0 0 0 0 0 1
train_jpeg/5613c1062034062f5eda252ecc07bfb0 0 0 0 0 0 1
train_jpeg/5627800c6ffea2c62748812fb2ba1dd6 0 0 0 0 0 1
train_jpeg/564b521e3ada8a90c4ed5e218e9eafa9 0 0 0 0 0 1
train_jpeg/5653cda0f7d2a24874e8161275596361 0 0 0 0 0 1
train_jpeg/565f761092a0cbc6f85c8195de091343 0 0 0 0 0 1
train_jpeg/5675d53af4dba50022ac53d02afc7827 0 0 0 0 0 1
train_jpeg/5693c05f27a960d3f1eb833095c2325c 0 0 0 0 0 1
train_jpeg/56a6d57292da3fb9cd59b65a7a01009a 0 0 0 0 0 1
train_jpeg/56d8197180bcebfbf00bb64cc694ea8c 0 0 0 0 0 1
train_jpeg/56e004d50c71eb7952e1e961853fa909 0 0 0 0 0 1
train_jpeg/56e20d0fd42340b7d9e10a381a5bcd5b 0 0 0 0 0 1
train_jpeg/56fc900d3d2f8bfec66a7b5577cf2b59 0 0 0 0 1 0
train_jpeg/577f453d92187ea2a7334606d16c2c25 0 0 0 0 0 1
train_jpeg/57986acaa315af9d51fe809704856768 0 0 0 0 0 1
train_jpeg/580c89541c6628c7a03da49defd6bd50 0 0 0 0 0 1
train_jpeg/586dab2fc5296b27dde17df1337bb8f1 0 0 0 0 0 1
train_jpeg/587d7941d6526009cb53ddc54410a9a6 0 0 0 0 0 1
train_jpeg/58982ebd6e63659e9ead7d20e26eb34d 0 0 0 0 0 1
train_jpeg/58f042774d3d43dea2889d51f2843927 0 0 0 0 0 1
train_jpeg/58fd4c10629953eaa182909d57ad5098 0 0 0 0 0 1
train_jpeg/59087204d2f93c8d2613e6e2fe672c9b 0 0 0 0 0 1
train_jpeg/5937d0be76fb99f55a94c2199845eb09 0 0 0 0 0 1
train_jpeg/594c87b7427780ef7bc3e53d45bbda24 0 0 0 0 0 1
train_jpeg/59552a12c5613e106f17771314f64712 0 0 0 0 0 1
train_jpeg/59ab79bb1fce73184425a6572169999e 0 0 0 0 0 1
train_jpeg/59d5b55eca496f01f9d795e593f53db3 0 0 0 0 0 1
train_jpeg/59f163522f9e49ab143f88d3febb8a33 0 0 0 0 0 1
train_jpeg/5a8231c748478ef6be5055800a2fce17 0 0 0 0 0 0
train_jpeg/5a90837bfac4c51ba3f89952e17f9d14 0 0 0 0 0 1
train_jpeg/5a947d5082970db1542e1b3d080947a9 0 0 0 0 0 1
train_jpeg/5ac5435c720d458c118c8fe6aa71b2b6 0 0 0 0 0 1
train_jpeg/5ac6fe5ae417ae91eb0f7719db3021e8 0 0 0 0 0 1
train_jpeg/5b1670d49882cd6d4718a5bb8616b34f 0 0 0 0 0 0
train_jpeg/5b54d1b745eaa7fedf8bd9268c2be605 0 0 0 0 0 1
train_jpeg/5b737f3ebfbfb5c4b517fd0efdb63ae0 0 0 0 0 0 1
train_jpeg/5bab93d6965cb975d5d407c6b2b5b2c7 0 0 0 0 0 1
train_jpeg/5bc8debe9dbceb6ed9510ca4c0af5718 0 0 0 0 0 1
train_jpeg/5bd4ff99bbc7ad6f75440dae90cda41d 0 0 0 0 0 1
train_jpeg/5bd9abee030f681a8fa24e35837270c5 0 0 0 0 0 1
train_jpeg/5be4da337b8308d279aac1090c980b1b 0 0 0 0 0 1
train_jpeg/5c930287c9f13ff6e1218693fe70dd92 0 0 0 0 0 1
train_jpeg/5cd3d07115d7ff6d430bf1ddadf794af 0 0 0 0 0 1
train_jpeg/5ceb74484f349e998da894a6b1caf5f0 0 0 0 0 0 1
train_jpeg/5cf232db28c9cf07f70d2534e847862b 0 0 0 0 0 1
train_jpeg/5cf56433d25338e9606fb511c5e23bf3 0 0 0 0 0 1
train_jpeg/5d3325c2fb25ebe16e226158f65e7552 0 0 0 0 0 1
train_jpeg/5d436e41a072563679755fcd70d4cfcb 0 0 0 0 0 1
train_jpeg/5d4a7daa7e70085f6e5489fff404c1e9 0 0 0 0 0 0
train_jpeg/5d7f365c257bcaf7a4a4119e26ead6d6 0 0 0 0 0 1
train_jpeg/5d8946c39ae55c10fd688bca352fb5c9 0 0 0 0 0 1
train_jpeg/5d911ff93f3820e66d76ffe822300426 0 0 1 0 0 0
train_jpeg/5e161b13cf6f70e59af85dadbd6bd25a 0 0 0 0 0 1
train_jpeg/5e371616866f2d786b8a5200370d60a1 0 0 0 0 0 1
train_jpeg/5e850eb7ebc6e34bf640274e29c53249 0 0 0 0 0 1
train_jpeg/5ea233bb0768709612169057aed71051 0 0 0 0 0 1
train_jpeg/5f61b1621d4036fbb7542ddff7acb35b 0 0 0 0 0 1
train_jpeg/5f808e0ee752098d683a03df8555adfc 0 0 0 0 0 1
train_jpeg/5f842d19dfff1ffa372c9320e77acf80 0 0 0 0 0 1
train_jpeg/5fa2e88f11dc8eb5527345e7ec577382 0 0 0 0 0 1
train_jpeg/5fac2346be7221dbcef8e207253bfb51 0 0 0 0 0 1
train_jpeg/5fac617f1ce097354f1a28e8fa5036e5 0 0 0 0 1 0
train_jpeg/5fdcb8e2115a3c7b5d989d862f515692 0 0 0 0 0 1
train_jpeg/602078b8f6898ac4bf4165938b255500 0 0 0 0 0 1
train_jpeg/602a0512c462a812ea3eb93d49454091 0 0 0 0 0 1
train_jpeg/604ce8a56fd0539880b17f999ad10468 0 0 0 0 0 1
train_jpeg/60679b51d403a3a1fc020a0a86fedd8d 0 0 0 0 0 0
train_jpeg/60777cca3cc074eab3f5793f9f54a694 0 0 0 0 0 1
train_jpeg/607867449f9bc95be2e163509e254752 0 0 0 0 0 0
train_jpeg/6081e75c58a050442a9ff3a5a2a51ffc 0 0 0 0 0 0
train_jpeg/61306376f68f499c2d6e52b56225012b 0 0 0 0 0 0
train_jpeg/6136b0372e0182ea0d24b413897d709a 0 0 0 0 0 1
train_jpeg/615c6a121dc543396479a0a124687e6b 0 0 0 0 0 1
train_jpeg/61966d6f39bef799d5a19a7bc8215ab7 0 0 0 0 0 1
train_jpeg/61b4f4821217a812bb5f63967f241d2a 0 0 0 0 0 1
train_jpeg/61e0b38cea96d57adb044ac496e556ff 0 0 0 0 0 1
train_jpeg/61fdfd8cb9a32954f1af9afab29b6690 0 0 0 0 0 1
train_jpeg/6230d822745eb0d7b5a9e8a5728d8e1d 0 0 0 0 0 1
train_jpeg/628617afb4cb12b12043d3d3a3789268 0 0 0 0 0 1
train_jpeg/62bdecf7581f32c52f3093de7bcc9904 0 0 0 0 0 1
train_jpeg/62cb8ed416eae186969bca828ff184ae 0 0 0 0 0 1
train_jpeg/62ff447df5664ab62f41a4ec7011a62d 0 0 0 0 0 1
train_jpeg/63185740907730e76fc0df2c41365407 0 0 0 0 0 1
train_jpeg/63236a382e8f97864ea5af5d1c7a5d5a 0 0 0 0 0 0
train_jpeg/634fa8f5318dbf29297571e88e8a6d88 0 0 0 0 0 1
train_jpeg/641583031d565c2464b10ddb3da508d6 0 0 0 0 0 1
train_jpeg/6427115ce48b05c57243f29d6943d208 0 0 0 0 0 1
train_jpeg/644b2b3c6b3e706926b92840144ab869 0 0 0 0 0 1
train_jpeg/644ce5af82ecc76391728df8cd2bfb3d 0 0 0 0 0 1
train_jpeg/64bceb5dcc35fe0c189ef814e7ce570f 0 0 0 0 0 1
train_jpeg/64d3cdee64cc3a892b85575eccce7b92 0 0 0 0 0 1
train_jpeg/6535a046e90cc4e42bd3ac9598a07e06 0 0 0 0 0 1
train_jpeg/6569ec198ec3bf344afb2add1f188e43 0 0 0 0 0 1
train_jpeg/657c6ba19c798af84b07bb22b8141b83 0 0 0 0 0 1
train_jpeg/65933647740d9c8f86be8010ab756ac8 0 0 0 0 0 1
train_jpeg/65a15b80c547d718915643b579eaedb2 0 0 0 0 0 1
train_jpeg/66011388c0c383ca412c6af0dd750321 0 0 0 0 0 1
train_jpeg/6605faf598579d666064f0a09cee2557 0 0 0 0 0 0
train_jpeg/6631f8a0aa875fccaa4b97beef657eee 0 0 0 0 0 1
train_jpeg/66396f621903b00a1b7e1f54c8e5e8b3 0 0 0 0 1 0
train_jpeg/663f68fa55e4ea08d47c898e6631cfdc 0 0 0 0 0 1
train_jpeg/6640b8464f79197f34bafd9ea74422fd 0 0 0 0 0 1
train_jpeg/664141a1e5b55d29de9426a1979aedee 0 0 0 0 0 1
train_jpeg/66c570971c7df4782e3dfb9e74f0dd1e 1 0 0 0 1 0
train_jpeg/676159c609acb0438313f254a07033bd 0 0 0 0 0 1
train_jpeg/6781a5fd25e2688ae5f8573837f89b6a 0 0 0 0 0 1
train_jpeg/682651014e9e033303c15905df3769ca 0 0 0 0 0 1
train_jpeg/68669ec2e73171c79b6f9d2225fbd4f0 0 0 0 0 0 1
train_jpeg/68c1e59d39af3592616bbb2937d61f6a 0 0 0 0 0 1
train_jpeg/68ea6e99b40d33995282a81f1baf0ae3 0 0 0 0 0 1
train_jpeg/68f347bba1a73081fae36215e7bd19d0 0 0 0 0 0 1
train_jpeg/69101d3d5cb778cfce804292b1a3f514 0 0 0 0 0 1
train_jpeg/693e7e9777d7f16f4862ba62dcea1cfc 0 0 0 0 0 1
train_jpeg/6954ee2f30240e9790436f1c0bf81912 0 0 0 0 0 1
train_jpeg/697cac1199f6df788e18b11119f3319e 0 0 0 0 0 1
train_jpeg/699168263676809f088d9c7b9769b283 0 0 0 0 0 1
train_jpeg/69e1b35f363c8391d16df7940c10202c 0 0 0 0 0 1
train_jpeg/69ff3c692e683c861e29f83d58e17659 0 0 0 0 0 1
train_jpeg/6a047bc525812f5fb0fb8bc57e246709 0 0 0 0 0 1
train_jpeg/6a25e284bd88dad24f181f0f08b69512 0 0 0 0 0 1
train_jpeg/6a39d0181e330fae49e2fe5398e049f1 0 0 0 0 0 1
train_jpeg/6a5a92798a840e7b12533ada2e2816cb 0 0 0 0 0 0
train_jpeg/6ae63abe8b57069faacc9d0a7beb8e1d 0 0 0 0 0 1
train_jpeg/6aef9295c77bdb3b17320cbd587963ba 0 0 0 0 0 1
train_jpeg/6b009c058e3b9c38080f05fddb80c977 0 0 0 0 0 1
train_jpeg/6b263931970f67c10686f977f3126147 0 0 0 0 0 1
train_jpeg/6b26d8dbe5f1ef8a3de2d2815417d278 0 0 0 0 0 1
train_jpeg/6b35c5737e68581ced72f3a5a8420a94 0 0 0 0 0 1
train_jpeg/6b495865e970c5ccd5d4ad4214047918 0 0 0 0 0 1
train_jpeg/6b7a5ee6ec7702b7fd9ed5ab4668cbe6 0 0 0 0 0 1
train_jpeg/6bb053f269fb54485e70eb65424578f3 1 0 0 0 1 0
train_jpeg/6bc1897634bbb80696b33e3ad978d381 0 0 0 0 0 1
train_jpeg/6c07e9a9fc06aa20e54a83cded97aa7a 0 0 0 0 0 0
train_jpeg/6c089df92ec61428ff49c20aa4f6ce83 0 0 0 0 0 1
train_jpeg/6c8d15e1aadce8cc5dc0a4b719818a4c 0 0 0 0 0 0
train_jpeg/6cc5b3e159d353a6e9e5c9388c74640e 0 0 0 0 0 1
train_jpeg/6ce5bd11a68f6646835418b9df612ff1 0 0 0 0 0 1
train_jpeg/6cf076d01340d69f77857cd4708692d1 0 0 0 0 0 0
train_jpeg/6d16527cb6359f9cff9c98888a8d1657 0 0 0 0 0 1
train_jpeg/6d58e4bb28efa358fbce1c94e6b15efe 0 0 0 0 0 1
train_jpeg/6dc197d0503400617170a11ab7812d73 0 1 0 0 0 0
train_jpeg/6e15ed316697b660047c597450de7a8b 0 0 0 0 0 1
train_jpeg/6e32962c855cfc30ffb564152f1c6577 0 0 0 0 0 1
train_jpeg/6e45dcf215f6474234248ad70fb897d1 0 0 0 0 0 1
train_jpeg/6e5776831430f043f18d70c93239457a 0 0 0 0 0 0
train_jpeg/6e9e267d562814554eca67e91814408e 0 0 0 0 0 1
train_jpeg/6ec59b7db567515812e78a587ae02203 0 0 0 0 0 1
train_jpeg/6ecd9df12e3542831618ff8dadb17f7b 0 0 0 0 0 1
train_jpeg/6ed8097a8a9ffece09b32af2c5fe1125 0 0 0 0 0 1
train_jpeg/6eec3fd09b4a8334a2cc5cb233228a6a 0 0 0 0 0 1
train_jpeg/6eef156db7d336d14fb0e34a61718670 0 0 0 0 0 1
train_jpeg/6fb9945498b3eee49e1eee600e78e9a4 0 0 0 0 0 1
train_jpeg/6fbeb3ec1ec16b267f98fc12cbab9b6f 0 1 0 0 0 0
train_jpeg/704bbe841839afea2ab6b8415db0a5cc 0 0 0 0 0 1
train_jpeg/7084059b156cac62b1126ec08e3ecbbd 0 0 0 0 0 1
train_jpeg/7098697fcb3e2c214f2a7a972066f5f6 0 0 0 0 0 1
train_jpeg/70c57f59ed881d79ba9c1071b605c42f 0 0 0 0 0 1
train_jpeg/7109c0466922f6ce2dda7055c44c7d3a 0 0 0 0 0 1
train_jpeg/71116dbd6051acd915d10a76dbc1f95f 0 0 0 0 0 1
train_jpeg/711be5f702077910eb3dc7190f692e8f 0 0 0 0 0 1
train_jpeg/72299aa64ac14dedcee3d7aac846870c 0 0 0 0 0 1
train_jpeg/723568df6a0868b6f62accb485bcc8aa 0 0 0 0 0 1
train_jpeg/7253800842122c9e6e95878b46008f54 0 0 0 0 0 0
train_jpeg/72e97629bdb1cfffb805a0a260a81e71 0 0 0 0 0 1
train_jpeg/732eea13a7d3e2cf1b027deef9ffa80a 0 0 0 0 0 1
train_jpeg/733f83c5b7f8f64a2de77404f64fe682 0 0 0 0 0 1
train_jpeg/73a4407a2df891526e94ba4541023f49 0 0 0 0 0 1
train_jpeg/73a8b98a056adce5d92ec29970d7735a 0 0 0 0 0 1
train_jpeg/73de4dfd9d1dd268f299b08c1ec3d4a2 0 0 0 0 0 1
train_jpeg/742086bb39427a3e02c7c238ed9ade91 0 0 0 0 0 1
train_jpeg/74576a74766f2439479d50e32603f681 0 0 0 0 0 1
train_jpeg/747eec98df4c54df053df178cc8c2395 0 0 0 0 0 0
train_jpeg/74944a8dcfbe34a5f24abe292c6cd97f 0 0 0 0 0 1
train_jpeg/749cd8bdcac4ea588ea38daa8d423bc1 0 0 0 0 0 1
train_jpeg/74d78dbf6b21920aad4fda30194cae15 0 0 0 0 0 1
train_jpeg/750de6075bb19a965bd3c4c5eb98e595 0 0 0 0 0 1
train_jpeg/750dfaff21f3a058d53ef2e06a291b62 0 0 0 0 0 1
train_jpeg/753e488510fdb6ab04880e91f70addd1 0 0 0 0 0 1
train_jpeg/75ad17b47cbc1e664d947931cead4c11 0 0 0 0 0 1
train_jpeg/75ed9329d92e12a8d1eb26cdaa0c5094 0 0 0 1 0 0
train_jpeg/75fa564a500cd6dbeca84c55c5bf4d2a 0 0 0 0 0 1
train_jpeg/76339ec8c17dbcdd117914581cee59f5 1 0 0 0 0 0
train_jpeg/7657ddfd1a6b0d91b581dc9ce4ea6e84 0 0 0 0 0 1
train_jpeg/76890e5a55be1076e0e4367b1a2b35db 0 0 0 0 0 1
train_jpeg/76924654e55b3cde6ef2a5465258a419 0 0 0 0 0 1
train_jpeg/76a1e1f761523aaf43a6135bee1c0492 0 0 0 0 0 1
train_jpeg/76a7fb1f7e23121c1e4fb662872a2374 0 0 0 0 0 1
train_jpeg/76f60361e862c32200eb9c6fa5686124 0 0 0 0 0 1
train_jpeg/770056bc025c16784e467f41cb65858b 0 0 0 0 0 1
train_jpeg/7710a03c7402003173b2a6b14a7c4a01 0 0 0 0 0 1
train_jpeg/774c1ca3798d3054ac1a413570e665c9 0 0 0 0 0 1
train_jpeg/775496129b043e3d68c9c38bb54ead62 0 0 0 0 0 1
train_jpeg/776125f3d2c9af97ee3197c93ece70cc 0 0 0 0 0 1
train_jpeg/777508ce9879f79b30f8192f146b6f47 0 0 0 0 0 1
train_jpeg/77a01f5a6710d451996cc9075fe22eb7 0 0 0 0 0 1
train_jpeg/77d28cb8c9389bb3c62878f59e74f54e 0 0 0 0 0 1
train_jpeg/7818fb1b87d3e5db37218f019278d6bd 0 0 0 0 0 1
train_jpeg/7868a5eefc5e79174cc349f5e1e1965a 0 0 0 0 0 1
train_jpeg/78bf8ac7d8db06b8180a3da0c7b54678 0 0 0 0 0 1
train_jpeg/78c1b61cfb348be14a529e557ff63cf1 0 0 0 0 0 1
train_jpeg/78caa1abf8556f8827f5735e02bfc400 0 0 0 0 0 1
train_jpeg/78d29d74150c136dc30a3edaf5815d04 0 0 0 0 0 1
train_jpeg/793c5b4edfb03b51eb742cdf84702596 0 0 0 0 0 1
train_jpeg/79bd8310bd57dfd23d33bfe5b3cc81d3 0 0 0 0 0 0
train_jpeg/79edf950abd9ddc4dac37e113e40da5d 0 0 0 0 0 1
train_jpeg/7a285cbd9aa6dd6481abd690aa8a0776 0 0 0 0 0 1
train_jpeg/7aa30652e80d6dbc493fe3b7f9a7440f 0 0 0 0 0 1
train_jpeg/7ac1d89421035b48e47b4f1a1c970f4c 0 0 0 0 0 1
train_jpeg/7ac8d9cc904a2336a32f4d82a853af87 0 0 0 0 0 1
train_jpeg/7aced9c5d410a657c1f2f3dd9689711d 0 0 0 0 0 1
train_jpeg/7af1da4ba8580aa54a0bfce36071c8d9 0 0 0 0 0 0
train_jpeg/7b2592d92c89eb7c01711b007e558b7d 0 0 0 0 0 1
train_jpeg/7b85671c74690ec283810c7ea3265405 0 0 0 0 0 1
train_jpeg/7bf27ddb13e3074551cd7caccb98cce9 0 0 0 0 0 1
train_jpeg/7bfa5ec72b112db0a62976f026b11e9a 0 0 0 0 0 1
train_jpeg/7bfe0a0d0ef7ce9e90eb3d0946a0fcd5 0 0 0 0 0 1
train_jpeg/7c4692deaeb57649759e40d2a11ed27e 0 0 0 0 0 1
train_jpeg/7c7e447a78f0b9668470a2bafcf654df 0 0 0 0 0 1
train_jpeg/7d0090c158c1835dce5e0adc9819847b 0 0 0 0 0 1
train_jpeg/7d0686e83882bc63178fc9f13cdb12be 0 0 0 0 0 1
train_jpeg/7d81097abb361c654af1dae050f0db10 0 0 0 0 0 1
train_jpeg/7de5a65bcbdbad32dd198a88ea4a25e1 0 0 0 0 0 1
train_jpeg/7e2c00df012b5314d02508317514e531 0 0 0 0 0 1
train_jpeg/7e2debe4301fb5848fe57fb2f8ada4d8 0 0 0 0 0 1
train_jpeg/7e31692c6e1768cb226f77376dcd4e82 0 0 0 0 0 1
train_jpeg/7e3c5ce1a0c08ee25ac09948c7656387 0 0 0 0 0 1
train_jpeg/7ea9c57f097d01834f29fa3d5c2849fa 0 0 0 0 0 1
train_jpeg/7ee997beb3bd84ccf3a512457db0b7df 0 0 0 0 0 1
train_jpeg/7f06f49906432cd75602716b39599912 0 0 0 0 0 1
train_jpeg/7f4740eeb1ebdf4d7572eb959fa9700b 0 0 0 0 0 1
train_jpeg/7f4f51999d3e6d959add08ac28be1da4 0 0 0 0 0 1
train_jpeg/7f5eab5de5307d4ae8e2a0fa99c0b41a 0 0 1 0 1 0
train_jpeg/7f77642e1e77897f5bc2545278153c40 0 0 0 0 0 1
train_jpeg/7f9e69cf8459eff4d01cd94bddd17c95 0 0 0 0 0 1
train_jpeg/7fccbf8d7cf537f74586ca8f1ab56fc1 0 0 0 0 0 0
train_jpeg/8010ca3580d86b532fe5f73ef9ff2c49 0 0 0 0 0 1
train_jpeg/802d38d25aa72427102b3b92741b690b 0 0 0 0 0 1
train_jpeg/804638e9e4b21d90bf768b24a4ac1249 0 0 0 0 0 1
train_jpeg/806b67625994b7c6b27beea6187dbceb 0 0 0 0 0 1
train_jpeg/8073db37a31c49306c6aad99a7b84808 0 0 0 0 0 1
train_jpeg/8084ff8921c2bee97026a1de3186f80d 0 0 0 0 0 1
train_jpeg/80db2b87a1596458b6188888391ab4d6 0 0 0 0 0 1
train_jpeg/80dd01e17222cdf9eef92e8c986179fb 0 0 0 0 0 1
train_jpeg/80ece1d25930da6f8fa85e3c9f79fbcf 0 0 0 0 0 1
train_jpeg/810491951571933b11959743e41a704b 1 0 0 0 0 0
train_jpeg/81168d3c9c2d0c5f4c036c12776634d5 0 0 0 0 0 1
train_jpeg/812977029e44cbba68049994122339bd 0 0 0 0 0 1
train_jpeg/81492bf07f022ecc16aa7b553948d4bb 0 0 0 0 0 1
train_jpeg/814f827e7a880b60b0ab01a9a9335b15 0 0 0 0 0 1
train_jpeg/81793e47df305c1dafd6083e089395d9 0 0 0 0 0 1
train_jpeg/818cee3b7e122c48be2ebc098e1c7b5e 0 0 0 0 0 1
train_jpeg/81a94dca401916bd505a7050afddd064 0 0 0 0 0 1
train_jpeg/81b84cb547ada6c0a05c8c6dea989b31 0 0 0 0 0 1
train_jpeg/81f692968d9e5a26171072b634f6415b 0 0 0 0 0 1
train_jpeg/82225c7d9d9d257ff166c37a90909c8e 0 0 0 0 0 1
train_jpeg/826342095a3e7505b82f52ad071a1ffe 0 0 0 0 0 1
train_jpeg/8273b02ab7701ea501d65e5f2b92585f 0 0 0 0 0 1
train_jpeg/82abfb14f5005512eeb5a75b0cd5bae2 0 0 0 0 0 1
train_jpeg/82c698a75d34ce3565c446a5270d136e 0 0 0 0 0 1
train_jpeg/82f987e8c28fe9a0d65491604e0d2a21 0 0 0 0 0 1
train_jpeg/83314cccb07f429cf425018bbc60688d 0 0 0 0 0 1
train_jpeg/8333298ed00e375cd2ab46d1a57641bc 0 0 0 0 0 1
train_jpeg/834f395ef75cdefe26c9d2cb3cf809b4 0 0 0 0 0 0
train_jpeg/835413c68fe1d065629f748ed4e67205 1 0 0 0 0 0
train_jpeg/83c30c1b04b487fb45a186aedcb8971d 0 0 0 0 0 1
train_jpeg/8412d1e9905a2ae07ae49d95c51c0bcd 0 0 0 0 0 1
train_jpeg/841bd8738e080c3d1a76932c7a647d33 0 0 0 0 0 1
train_jpeg/842c800f04ee16fa5984f22c151f2645 0 0 0 0 0 1
train_jpeg/84dbb3f1272872d4bbd92bf0a1e7f83b 0 0 0 0 0 1
train_jpeg/856364e47288b146e47f7ad05d0f0dfc 0 0 0 0 0 1
train_jpeg/856fdb26d60bd61106f567834544a5a0 0 0 0 0 0 1
train_jpeg/858c55ba335e1eea7985c5dde1a21918 0 0 0 0 0 1
train_jpeg/85a54041f12e1ad3e1ee5fdf15d574f6 0 0 0 0 0 1
train_jpeg/85b4d2245736df99dd72eda3924b7dcf 0 0 0 0 0 1
train_jpeg/86078eb65ce76fac6692e0f16e9ccf40 0 0 0 0 0 1
train_jpeg/8607d78a67d9e9e4f4d11d1edaacf3e8 0 0 0 0 0 1
train_jpeg/866a996e613e21783bb4524ca1679ab1 0 0 0 0 0 1
train_jpeg/8670e203809a6e14716d62d382e123b5 0 0 0 0 0 1
train_jpeg/86930a4f8b68b79ffb9659d67fcd3249 0 0 0 0 0 0
train_jpeg/86c66bedc9db04314839c1478311224f 0 0 0 0 0 1
train_jpeg/86e82c39c30d3440b34fa370c3b60959 0 0 0 0 0 1
train_jpeg/86f9f938addac3eab4d16685bfe393e3 0 0 0 0 0 1
train_jpeg/871f50e5eb6df22069dbd23eca0ceaed 0 0 0 0 0 1
train_jpeg/8735dbb94fc3e09cd42b44c3e07c654e 0 0 0 0 0 1
train_jpeg/87cdaf89febbb38051b873e2ec170a2d 0 0 0 0 0 1
train_jpeg/87f7997c901c0026e338e6f6d79b385f 0 1 0 0 1 0
train_jpeg/8818a7c544a2ecef61660ee15701b418 0 0 0 0 0 1
train_jpeg/881d0a72388a1c78c27e93cc016cd312 0 0 0 0 0 1
train_jpeg/882f88c8897c7e06e65cc59f10ff4c41 0 0 0 0 0 1
train_jpeg/88586f316521440ba4ba0ece7d8627d7 0 0 0 0 0 1
train_jpeg/886159a41e7589ba0d0713980591e27d 0 0 0 0 0 0
train_jpeg/886287a985cb25fb5cd072a9d3e3d0c5 0 0 0 0 0 1
train_jpeg/886a47df44638ed409c9304005fd032a 0 0 0 0 0 1
train_jpeg/887b40329f30f5c0176620667da223a3 0 0 0 0 0 1
train_jpeg/88829eddce755befd2486b504edad7fd 0 0 0 0 0 1
train_jpeg/88862186ca31f2a8e94a9c4906d10911 0 0 0 0 0 1
train_jpeg/88974ca0acec2690c1e0377c4523662e 0 0 0 0 1 0
train_jpeg/88bc36dbffefcd6026dc44ce40999106 0 0 0 0 0 1
train_jpeg/88c4acf92ce54c7c0480ee92515e207b 0 0 0 0 0 1
train_jpeg/88d5692222f384b68a51a1050912f5f5 0 0 0 0 0 1
train_jpeg/88d9194c48b5943eb9349491a3c31830 0 0 0 0 0 1
train_jpeg/88ddf35371237909c6910163445bff97 0 0 0 0 0 1
train_jpeg/88faadc8af18f6929020897608c2ebed 0 0 0 0 0 1
train_jpeg/8912ff28e4b5fd0a5e101fef66dabaa5 0 0 0 0 0 1
train_jpeg/89a42d2cbb43c51f6541b17130f3c03e 0 0 0 0 0 1
train_jpeg/89e568e079d67873221ef0cda7f76df9 0 0 0 0 0 1
train_jpeg/89f9fc62f4e0a0d79ecd90ad9c2d1f71 0 0 0 0 0 1
train_jpeg/89fafdbd5c404f12355c3d13f165230f 0 0 0 0 0 1
train_jpeg/89ffa015af2b8418d8f503c0b65c75f2 0 0 0 0 0 1
train_jpeg/8a0360221858c9434a21418f5bd0bf1c 0 0 0 0 0 1
train_jpeg/8a3a27f152ad0f45501dbb5bf3c871f1 0 0 0 0 0 1
train_jpeg/8a7616fc1f9668d60dbd6a283edb66a6 0 0 0 0 0 1
train_jpeg/8a9339280f46474c9d9f0513ddc48d95 0 0 0 0 0 1
train_jpeg/8aa77ccf597b6ad2ce2a6653f62e26b5 0 0 0 0 0 1
train_jpeg/8af84125f707b873c506f65de72e02e4 1 0 0 0 0 0
train_jpeg/8b064a6141622b0843758de6778784ac 0 0 0 0 0 1
train_jpeg/8b0839b2cc2d11420e6cfbc46b5f0f87 0 0 0 0 0 1
train_jpeg/8b56ad8efb24b318af4ea2d5363677b5 0 0 0 0 0 1
train_jpeg/8bbafb60613e55d5fd4f9ee2fccbf7a1 0 0 0 0 0 1
train_jpeg/8bd12223f6668343caadd2fcb79b8d56 0 0 0 0 0 1
train_jpeg/8c1ade7d518df9171c1dc8fdf9bfc069 0 0 0 0 0 1
train_jpeg/8c2561a4658d953382b571a399170cf7 0 0 0 0 0 1
train_jpeg/8c2904da3c81a948576addbd1b3fb1c2 0 0 0 0 0 1
train_jpeg/8c30534a32debf2b8fa0aca4b04490c6 0 0 0 0 0 1
train_jpeg/8c44b7408d812e046b96606dd556fd08 0 0 0 0 0 1
train_jpeg/8c5650a5ef0045609115e88935ed5867 0 0 0 0 0 1
train_jpeg/8c6cbbc156f7eb5d6132c937d089f014 0 0 0 0 0 1
train_jpeg/8c80dcd72f15fec04dd63b96972916f1 0 0 0 0 0 1
train_jpeg/8c94145439c09911792a55a0094361a8 0 0 0 0 0 1
train_jpeg/8c9c4b89ed3cc02a57ae9c3386ca11f4 0 0 0 0 0 1
train_jpeg/8cbbc48f4f7d217892a6caff8152dc6d 0 0 0 0 0 1
train_jpeg/8cd5124a10bd961bdfe94efb8bfe46a1 0 0 0 0 0 1
train_jpeg/8d0e4996d9d4eb04ffe8e7d1401e3528 0 0 0 0 0 1
train_jpeg/8d388ee2f8887595b353f3346187ad22 0 0 0 0 0 1
train_jpeg/8d5872ff31b42e2585128ee2244ae02d 0 0 0 0 0 1
train_jpeg/8d99bd23799c44202653f70438a17f06 0 0 0 0 0 1
train_jpeg/8da02e5768e9450fe08639c0e0d39015 0 0 0 0 0 1
train_jpeg/8dbbe68eac92a7f6361cf1e43af49af1 0 0 0 0 0 1
train_jpeg/8e2e0e795ba9377dfdcb71b997b535e6 0 0 0 0 0 1
train_jpeg/8e3006f8c3906fc969d4aa9aeb31f586 0 0 0 0 0 0
train_jpeg/8e49446a77d5781d883ac672f75a2404 0 0 0 0 0 1
train_jpeg/8e49cc23db589bc0acd59a8841128560 0 0 1 0 0 0
train_jpeg/8e8c26669bc2c2e4b0897bd792ae87b5 0 0 0 0 0 1
train_jpeg/8ed4abd01a8abe4281322901bc1e4906 0 0 0 0 0 1
train_jpeg/8eef9b4b8fb6ad366dbd00b813e90682 0 0 0 0 0 1
train_jpeg/8f1dc4cdee710c505afeb711377c07be 0 0 0 0 0 1
train_jpeg/8f4a6323f8001cb8628229ad71fc6988 0 0 0 0 0 1
train_jpeg/8f53904e77e3c20fc28a489d9737d973 0 0 0 0 0 1
train_jpeg/8f5d2902d94b8b34007b77368b84b0e8 0 0 0 0 0 1
train_jpeg/8f79f74f8135b22982836178f2bc751a 0 0 0 0 0 1
train_jpeg/8fc79a203e64c849cd6b176be004534d 0 0 0 0 0 1
train_jpeg/906a43ceed5a95c81a94cc7c6ea41027 0 0 0 0 0 0
train_jpeg/90af64fe3973c461c3c0d7378fc8413d 0 0 0 0 0 1
train_jpeg/90b772304bf722df5a97185e76f296e7 0 0 0 0 0 1
train_jpeg/90dcff38c040287173fa24f87da5270b 0 0 0 0 0 1
train_jpeg/9120a0510a95b14a2554cb6cd5319f00 0 0 0 0 0 0
train_jpeg/91575a3ed777320bf7e964e5d5146d10 0 0 0 0 0 1
train_jpeg/916917dc9ec6191ac3c32d8b2c6571e2 0 0 0 0 0 1
train_jpeg/91aa108182ceacfb0798d606eb77d417 0 0 0 0 0 1
train_jpeg/91c9a4a1c2b1c36ddf2840c3dc6a755e 0 0 0 0 0 1
train_jpeg/91f1c20e4e0753f19022f919014aaa3d 0 0 0 0 0 0
train_jpeg/9273bd554f5d9340a11722070a53c65b 0 0 0 0 0 0
train_jpeg/92ada8335279bc3469735f4241d743a1 0 0 0 0 0 1
train_jpeg/92b94e816f1d41a200c00dcd38751212 0 0 0 0 0 1
train_jpeg/92cf780d385732954fa44e37fab1711a 0 0 0 0 0 1
train_jpeg/9304e69006023a7d77c1bcc451bcc3c4 0 0 0 0 0 1
train_jpeg/931db73ff4ac2c9fba50f5d530d15c59 0 0 0 0 0 1
train_jpeg/932d244bca353f89e7b19a22d01372a9 0 0 0 0 0 1
train_jpeg/9337b44988059f056da6c8f481132c4f 0 0 0 0 0 1
train_jpeg/9341bf20527e1792a69a8a47e714c9db 0 0 0 0 0 1
train_jpeg/9392bf868724b18bb06b2ee710d69e12 0 0 0 0 0 1
train_jpeg/94184add19d8fdcbdab4d93f101d4567 0 0 0 0 0 1
train_jpeg/942a430702bd6111fd162c35c6ebbc8c 0 0 0 0 0 1
train_jpeg/94679d2c30666bb4e0df31c7b2f37b09 0 0 0 0 0 1
train_jpeg/94887c081f4be59d246c59170d05dfc6 0 0 0 0 0 1
train_jpeg/94b51f579a51cf701f6406ef68ce379f 0 0 0 0 0 1
train_jpeg/94c7099c9236965c8caaa5606f9dad25 0 0 0 0 0 1
train_jpeg/94f5266733fddfd19a323974176bf30b 0 0 0 0 0 1
train_jpeg/955c561b6301bc98d02990faa70a5ec6 0 0 0 0 1 0
train_jpeg/95cc28a888f429e3f854c43a5f374bd6 0 0 0 0 0 1
train_jpeg/95d225169091ca8b9806f685af6c8071 0 0 0 0 0 1
train_jpeg/95ff2398dc8a97bde3e44e0d57f29749 0 0 0 0 0 1
train_jpeg/96289c1a25aca0025127c41f45ed24e0 0 0 0 0 0 1
train_jpeg/96632a14b81e14539d4bf34e04954312 0 0 0 0 0 1
train_jpeg/96836e392ecca0df10f8aeac33db3c68 0 0 0 0 0 0
train_jpeg/96c7ef3c46e2d5a625dfd742d29e48e0 0 0 0 0 0 1
train_jpeg/9709d82d659fb12a802e353c0ceb7332 0 0 0 0 0 1
train_jpeg/972f8298395b49ef09c8faf6a04e22b0 0 0 0 0 0 0
train_jpeg/97336c273a5e20999e36475ec7c85a3b 0 0 0 0 0 1
train_jpeg/973b11ed160c27c132551b977e2035a2 0 0 0 0 0 1
train_jpeg/974098983e6881cd7026424c5fd2b416 0 0 0 0 0 1
train_jpeg/97dd3aff199f6be7eea5acf9e3c9a22d 0 0 0 0 0 1
train_jpeg/9802dac0c641057a92a761cb932324e2 0 0 0 0 0 1
train_jpeg/983a8e21d86759f91db66d872bbf92ac 0 0 0 0 0 1
train_jpeg/984ac58f23a149ab7a6216c3289273a9 0 0 0 0 0 1
train_jpeg/9852b93d2e984a4c427f7d14be534717 0 0 0 0 0 0
train_jpeg/989c65929da5fa0297db8da6945cca52 0 0 0 0 0 1
train_jpeg/99117992763c2f3150e5688c77b518e6 0 0 0 0 0 1
train_jpeg/992f66595e0c21609287c0023b2c721c 0 0 0 0 0 1
train_jpeg/996cf9196ebda9f2b449e2ec38ac17c4 0 0 0 0 0 0
train_jpeg/9982d43a326a182bce905a72a7a79af8 0 0 0 0 0 1
train_jpeg/99c08d49bf151e21d875027ca000bcc9 0 0 0 0 0 1
train_jpeg/99c17974af8bce85486e4a8636afad26 0 0 0 0 0 1
train_jpeg/99dfb765fe124c55bc29005d7b17cdfa 0 0 0 0 0 1
train_jpeg/99e4e092691d470c1dc2f2c76481be4c 0 0 0 0 0 1
train_jpeg/9a49414bb1a6c02f47ec7ba364f40bc7 0 0 0 0 0 1
train_jpeg/9a55eaf833d51c807f321c46b8cde73e 0 0 0 0 0 1
train_jpeg/9ac0c9b5c28f252ec7ee7323b7ecf704 0 0 0 0 0 1
train_jpeg/9afff561bc73077fdbbcb1dbe817d112 0 0 0 0 0 1
train_jpeg/9b073559492a961b9095f6cb30ac8fd1 0 0 0 0 0 1
train_jpeg/9b1d076abcb937c2e19f7c2e10dbcbc0 0 0 0 1 1 0
train_jpeg/9b9fafab95a68b7dd80a22f337245a93 0 0 0 0 0 0
train_jpeg/9bc4efab79fda2c8d0c4fe352979d35f 0 0 0 0 0 1
train_jpeg/9c314e403d3e6e3ed09e79a57019f9ad 0 0 0 0 0 0
train_jpeg/9c63815efeba698d7be68ca521b04502 0 0 0 0 0 1
train_jpeg/9c99d72caeb30147e6b641b11fd65fc5 0 0 0 0 0 1
train_jpeg/9c9f556eea533f066368e0f4a452bee7 0 0 1 0 0 0
train_jpeg/9ca6f4d20348cea6a7efa90deeff2639 0 0 0 0 0 0
train_jpeg/9cba24255e172b86d0ad17c06c1d4e8c 0 0 0 0 0 1
train_jpeg/9cced2a2bc4300696621c357650b8d3f 0 0 0 0 0 1
train_jpeg/9ceb798e9c24ff82e3aa0d6160d4f5ca 0 0 0 0 0 1
train_jpeg/9d1df3d25e3245f1d0ff43d81731a868 0 0 0 0 0 1
train_jpeg/9d594e00e5a77a59afde4508efcc2e26 0 0 0 0 0 0
train_jpeg/9e0e88a415054f3153c10336ae1f996c 0 0 0 0 0 1
train_jpeg/9e104788d948797f70790dce9067c277 0 0 0 0 0 0
train_jpeg/9e39dc984383c166059841f2bca8cdd7 0 0 0 0 0 1
train_jpeg/9e425b61222cdcc8f2ff75f588e7c5c2 0 0 0 0 0 1
train_jpeg/9e49df9941c99c07abacb337a7fefb20 0 0 0 0 0 1
train_jpeg/9e9012804cf3b8b42d619f71d1cc7f48 0 0 0 0 0 1
train_jpeg/9e9cc9d084546cb6d7f7ddba63411a81 0 0 0 1 0 0
train_jpeg/9f006d9ef6436bb178b81edfbcc43679 0 0 0 0 0 1
train_jpeg/9f07e60e794aa839e814e8b9c1243443 0 0 0 0 0 1
train_jpeg/9f1f913c194919c9603fff299fa0bb92 0 0 0 0 0 1
train_jpeg/9f6c174187a3de0ee7d49ea70f94c8a6 0 0 0 0 0 1
train_jpeg/9f89a5b66a98b03666db2c9d36a7dc0e 0 0 0 0 0 1
train_jpeg/9f9540fc6cacfafb232878e33ce1d8e3 0 0 0 0 0 1
train_jpeg/9fa1f57835a35ba90dade380288ca769 0 0 0 0 0 1
train_jpeg/9fc4787b6fd613c83428107b0e910956 0 0 0 0 0 1
train_jpeg/9ff1d39a6f4f3abc206c02d564e52dc9 0 0 0 0 0 1
train_jpeg/9ff7d07078bc454c9261e29ecf89f55a 0 0 0 0 0 1
train_jpeg/a08205e66471295150b3a9a61cd7f3ed 0 0 0 0 0 1
train_jpeg/a083b9235a837f1f0171174a00ea538c 0 0 0 0 0 1
train_jpeg/a0af09ebd6ae1c8b35ae81f0a4547080 0 0 0 0 0 1
train_jpeg/a0b375d701964950241058ea41153325 0 0 0 0 0 1
train_jpeg/a0d19732d1547a834c59d9302a83aa07 0 0 0 0 0 1
train_jpeg/a1097b02707668caffff26bfb3ce4898 0 0 0 0 0 1
train_jpeg/a1375f9466915186308ef31e0766db3f 0 0 0 1 1 0
train_jpeg/a188aa13e99ce710e0d32548deac6569 0 0 0 0 0 1
train_jpeg/a19a21ec280299bbff94db032c7bbf05 0 0 0 0 0 1
train_jpeg/a19ac61eb2f9cbe33b5e1332f17fd3c8 0 0 0 0 0 1
train_jpeg/a1aeceb20469a04cab7741e474a42f25 0 0 0 0 0 1
train_jpeg/a1af684b8e0ce8e5cd4223881451a5af 0 0 0 0 0 1
train_jpeg/a1d1cbb23e3efdbbbcfccc03e9624356 0 0 0 0 0 1
train_jpeg/a22a089ad0b37f398f957fa6533bf03d 0 0 0 0 0 1
train_jpeg/a302ff52a52d9272f41edc36a0ee63aa 0 0 0 0 0 1
train_jpeg/a3228c592302ccd3728c1ab6a95ea4d7 0 0 0 0 0 1
train_jpeg/a33bfa55617af48bde1b1aa517a307b7 0 0 0 0 0 1
train_jpeg/a3b9e4582ec50287a4a31b345250f0d1 0 0 0 0 0 1
train_jpeg/a3c14e9849589c82d4d7cbe592b3136d 0 0 0 0 0 1
train_jpeg/a3ca60861641146c038d959a92fe3c70 0 0 0 0 0 1
train_jpeg/a3d0584454ba83eb250d992fff249d96 0 0 0 0 0 1
train_jpeg/a3d428f36ac297f2fa047e5ae87278f5 0 0 0 0 0 1
train_jpeg/a40005597b3bc65839f2b3fc7bb8d054 0 0 0 0 0 1
train_jpeg/a438c8d6ab8ed7c43fe2e39d72f8387c 0 0 0 0 0 1
train_jpeg/a48ee6663be29b30c578aa2ea225e2d1 0 0 0 0 0 1
train_jpeg/a4d12767ad7e7d0be5dcc4522a23e7bd 0 0 0 0 0 1
train_jpeg/a4eb3a3daac654b501ab4dffb3d371dd 0 0 0 0 0 1
train_jpeg/a50d02242373c8d2da781ee7f0f9373b 0 0 0 0 0 1
train_jpeg/a5157bc3c5dfce27ae3f813f8e75df74 0 0 0 0 0 1
train_jpeg/a51a0cb0da15ea00fd9d1c711b7eb0d6 0 0 0 0 0 1
train_jpeg/a58035b0c2a9a17b761c2a8d5da592ca 0 0 0 0 0 1
train_jpeg/a593c8a7d1ff14e49827ee79670a44be 0 0 0 0 0 1
train_jpeg/a5a77ddfdb5fe27206c524134a27ff4f 0 0 0 0 0 1
train_jpeg/a5dd0a76a5253cbd34b9365c78e44110 1 0 0 0 0 0
train_jpeg/a5dedc7c9068f198257a7afdf0d15947 0 0 0 0 0 1
train_jpeg/a5fa78262506164ef6e8e4125aa1be5f 0 0 0 0 0 1
train_jpeg/a604284321e34a6c3a30506f732c00e9 0 0 0 0 0 1
train_jpeg/a6317cca482e4c5e020ab5e4c94fe921 0 0 0 0 0 1
train_jpeg/a673256f7b975e11bf89dbb29f4565b9 0 0 0 0 0 1
train_jpeg/a673c55470f775d286249e189896c376 1 0 0 0 1 0
train_jpeg/a67cb215ec9332f4c4fcb4c5637b4dea 0 0 0 0 0 1
train_jpeg/a74467045836dd130c7ee24b84a6121f 0 0 0 0 0 1
train_jpeg/a7b803eab4edff55323e868d3238480a 0 0 0 0 0 1
train_jpeg/a7c001cd081d089db5a85d95fc5dd1eb 0 0 0 0 0 1
train_jpeg/a7c0ab62b8c68897140a919aad35714b 0 0 0 0 0 1
train_jpeg/a800053782bc4277fac41658d5e72743 0 0 0 0 0 1
train_jpeg/a88723a90690bce470792e308105a063 0 0 0 0 0 1
train_jpeg/a909809572f3fe8997c50d5eb30e8d97 0 0 0 0 0 1
train_jpeg/a95107a97bddb172f95f05cb23e4af6a 0 0 0 0 0 1
train_jpeg/a9519d3f4ff000976deae0b62bcdddad 0 0 0 0 0 1
train_jpeg/a98f2b52fcc332bfecc15a97d2f6db35 0 0 0 0 0 1
train_jpeg/a9938093c9f45ebb143d48c9236cde98 0 0 0 0 0 1
train_jpeg/a99c3ab7a161c73e76ebb10ae2230f36 0 0 0 0 0 1
train_jpeg/a9cc2f2d386fc3de3d20da289cdce689 0 0 1 0 0 0
train_jpeg/a9f2816d377349f221a96f46c728d36e 0 0 0 0 0 0
train_jpeg/aa0202259a3cba71d0e72468e2d9c3e2 0 0 0 0 0 1
train_jpeg/aa17d5312a0fb4a2939436abca7f9579 0 0 0 0 0 1
train_jpeg/aa1c58360809119ce5c2d081f590c67b 0 0 0 0 0 1
train_jpeg/aa3cac6153b96e3cdbf504543ee2f260 0 0 0 0 0 1
train_jpeg/aa3ed03e871e760ea3e824ce77498c75 0 0 0 0 0 1
train_jpeg/aa41152e320c69a8cfe5ec8e73457ca1 0 0 0 0 0 1
train_jpeg/aa44934f57cbec8cfcbdd1be1828d97a 0 0 0 0 0 1
train_jpeg/aac838f63754af621d342ada37d20787 0 0 0 0 0 1
train_jpeg/ab3bb85af032f68c098006f698e0726a 0 0 0 0 0 1
train_jpeg/ab4946975d5672c79539c11e5d238105 0 0 0 0 0 1
train_jpeg/ab8a259c13e6ea06db5c58091de7b419 0 0 0 0 0 1
train_jpeg/ab978c0e26407ebf95b23c1e26035655 0 0 0 0 0 1
train_jpeg/ab99fbfc6bf9833e2a064e8b479af0b3 0 0 0 0 0 1
train_jpeg/ab9b3526c45c470ae12114f397f7bab1 0 0 0 0 0 1
train_jpeg/abdb71020c98b527c614358c0f9546a9 0 0 0 0 0 1
train_jpeg/ac3e0af6a22d73ed96f05d43037a1e7a 0 0 0 0 0 0
train_jpeg/ac44df32f6a6c3f4fddaeb91f77e2072 0 0 0 0 0 1
train_jpeg/acc7065e73590820d1fa944488092d59 0 0 0 0 0 0
train_jpeg/accf807dedb51bfa05094333dd0b4ae6 0 0 0 0 0 1
train_jpeg/ace8679282aed8bfb0586dc2ece0a75b 0 0 0 0 0 1
train_jpeg/ad5d2e0ed81b05f691e20a1a2582627e 0 0 0 0 0 1
train_jpeg/ad65ef4667adaa5e3bc774ad80158540 0 1 0 0 0 0
train_jpeg/ad66bf1e8e79d388e8a49d600b6cc34b 0 0 0 0 0 1
train_jpeg/adac80611898114bb1cd5cb47d80ffb4 0 0 0 0 0 1
train_jpeg/add5a53fc2f41e820147d9abc5e1da16 0 0 0 0 0 1
train_jpeg/adf6a41e1be96d361810dd2b0caf8206 0 0 0 0 0 1
train_jpeg/ae2abc5907b9184169848b9bf847e68e 0 0 0 0 0 1
train_jpeg/ae67349fc92ab21e9c5b257abc3eb789 0 0 0 0 0 1
train_jpeg/ae6a018395ab7dde801216c8c2664930 0 0 0 0 0 1
train_jpeg/ae8fa73b5ff9500019ce5d9be87f2d6e 0 0 0 0 0 1
train_jpeg/af070ec995bc4fd4ebe6c4af7ebab4ff 0 0 0 0 0 1
train_jpeg/af1c56655da271042c654a5911d696bf 0 0 0 0 0 1
train_jpeg/af59884b605949249d45847b50197795 0 0 0 0 0 1
train_jpeg/af72df4fed0840069895f6a308724101 0 0 0 0 0 1
train_jpeg/b02aa399024e698571698c013cf8a0ee 0 0 0 0 0 1
train_jpeg/b02ba01faa0de8e8f8fef2487923b42c 0 0 0 0 0 1
train_jpeg/b02bad5e6c84150860e63d2ac09abda2 0 0 0 0 0 1
train_jpeg/b0760193b8f68a45cb4f8f822c35de63 0 0 0 0 0 1
train_jpeg/b079df263ee23cc87ab63f64180cebb1 0 0 0 0 0 1
train_jpeg/b08e7e6fddc01f31892e0b6ab73fd847 0 0 0 0 0 1
train_jpeg/b093dc47d46f13eb652e4438148341da 0 0 0 0 0 1
train_jpeg/b1186414414d673eb116f322b742cd1f 0 0 0 0 0 1
train_jpeg/b12338c2820aaefeefd56814e205cb3c 0 0 0 0 0 1
train_jpeg/b127a6da511c3c1d544b54fc52e9c6b7 0 0 0 0 0 0
train_jpeg/b1615f167b9d06c47358128916361fc0 0 0 0 0 0 0
train_jpeg/b1b4a439046211eafd12a78ec2b93e69 0 0 0 0 0 1
train_jpeg/b1e62ea9569c1bf8988e5c09cf72cc57 0 0 0 0 0 1
train_jpeg/b216d2c983aa80b3b5cac2984ee74590 0 0 0 0 0 1
train_jpeg/b276829738d95b883de85328c278f158 0 0 0 0 0 1
train_jpeg/b359c14158afff8ef7d00c59d2211ebc 0 0 0 0 0 1
train_jpeg/b3632f480862bd078d918d0a8c1ca6f5 0 0 0 0 0 1
train_jpeg/b37f802a65284d671670bc0d8229ef4b 0 0 0 0 0 1
train_jpeg/b386161449cca3a4cae69f0fd726c02a 0 0 0 0 0 1
train_jpeg/b3d24ebdbf200405192006f10fa5a792 0 0 0 0 0 1
train_jpeg/b3e6214da2e8cacfcf26f03089644dcf 0 0 0 0 0 1
train_jpeg/b454db9e812e8760ae3dc1f39f5cb5d2 0 0 0 0 0 1
train_jpeg/b4a3b4549f36a6e9c3a7a216b1a00279 0 0 0 0 0 1
train_jpeg/b4a7390909a64331a6df9a72e5485b31 0 0 0 0 0 1
train_jpeg/b4ab6303d83c10f4301e4a6659ca88a9 0 0 0 0 0 1
train_jpeg/b4fc5e0bb44a19fcb308e73639746915 0 0 0 0 1 0
train_jpeg/b502b41aafb37e54ddb1ffa035c190a2 0 0 0 0 0 1
train_jpeg/b53acd38edbe65510c310fd0738cbc5e 0 0 0 0 0 1
train_jpeg/b54b56b472db108351ef8c82ee619806 0 0 0 0 0 1
train_jpeg/b59629dc8c337b965c0addbd03d08856 0 0 0 0 0 1
train_jpeg/b59cec71b2f090368b6582070814e791 0 0 0 0 0 1
train_jpeg/b5bea4cb616c6b1d2605addda687d099 0 0 0 0 0 1
train_jpeg/b5cf329f8554a054dda2c6dac556c5dc 0 0 0 0 0 1
train_jpeg/b619a1c0b68b8fafba73b0a9e1e64446 0 0 0 0 0 1
train_jpeg/b67cf50f66d2336db3e9d43370e6e050 0 0 0 0 0 1
train_jpeg/b6f07c3256419d2afece328ae2f7ebc5 0 0 0 0 1 0
train_jpeg/b7264e32adf194ee8b914ce3fbb9ef8e 0 0 0 0 0 1
train_jpeg/b73e16e580992f545e375c2d3d6f7387 0 0 1 0 0 0
train_jpeg/b761364a3456ec52369c368eb5eebfbb 0 0 0 0 0 1
train_jpeg/b761841b1bffc40e56e97a869f994f69 0 0 0 0 0 0
train_jpeg/b76ad070314f34864342db8c2d19a6fd 0 0 0 0 0 1
train_jpeg/b7eab35e9770936663a46519b12e52d0 0 0 0 0 0 1
train_jpeg/b8144dc71cd140626c0fea33641ed5c5 0 0 0 0 0 1
train_jpeg/b866b850dcb671f73cbd7945ba9d0140 0 0 0 0 0 1
train_jpeg/b8a4efb22a3f25a87742858c360daf96 0 0 0 0 0 1
train_jpeg/b934eceb5d64cfbe4ffe98374e0fc34d 0 0 0 0 0 1
train_jpeg/b983df2bfe85c2fa1bea07adc21156fe 0 0 0 0 0 1
train_jpeg/b9934412fb2dea98c5d55d2f0c5b8c27 0 0 0 0 0 1
train_jpeg/b9d3dae0d48a4f9233780f2eedb5950a 0 0 0 0 0 1
train_jpeg/b9d48d57d26a3671593ef9597a884800 0 0 0 0 0 1
train_jpeg/ba01c6d8d20afadbe2936c2c18924e19 0 0 0 0 0 1
train_jpeg/baa01cd2f8ef7a1c64aa9b9861796cd0 0 0 0 0 0 1
train_jpeg/bb67aca944fb48947c777e0ad22b8ccc 0 0 0 0 0 1
train_jpeg/bb8f9e778c1e105e28a2c7ee629d060f 0 0 0 0 0 1
train_jpeg/bc534c841ebd146227b04d12e5078097 0 0 0 0 0 1
train_jpeg/bc5e96f2914bf54bffbba0ee9322d116 0 0 0 0 0 1
train_jpeg/bc75c3442c357666f6db26efb97e391d 0 0 0 0 0 1
train_jpeg/bc91deaa0db764c6ad58101f882923f0 0 0 0 0 0 1
train_jpeg/bc990779bb48677e96e8fc746cb2d9c4 0 0 0 0 0 1
train_jpeg/bce9b4cb5ff441c9c906658f1e935fb0 0 0 0 0 0 1
train_jpeg/bd35ce9c73b2d34450ab90ee221fafa4 0 0 0 0 0 1
train_jpeg/bd543583184dde42424b46fdbfff2684 0 0 0 0 0 1
train_jpeg/bd69b2eb44e7446186b53e3f48fddffc 0 0 0 0 0 1
train_jpeg/bd797642567d40f2ad51baddcaef6838 0 0 0 0 0 1
train_jpeg/bd7a9b6d834cfea362de14239e126dbd 0 0 0 0 0 1
train_jpeg/bd955417a3ab5c46ea2d4b77f7d159b2 0 0 0 0 0 1
train_jpeg/bde1094ed57f1b0190facedc7f79426f 0 0 0 0 0 1
train_jpeg/be6b07923e33b791410d42b507c4eeae 0 0 0 0 0 1
train_jpeg/be935a84c31073eaa197f0dddd37784c 0 0 0 0 0 1
train_jpeg/be97043265be8c30ef57f278b3ca24b2 0 0 0 0 0 1
train_jpeg/bed065cabd97df1997e183c2c504c366 0 0 0 0 0 1
train_jpeg/beed9cc2882243ac080a99c756dd73d2 0 0 0 0 0 1
train_jpeg/bef844d1170fb7200d1ae296c150c0fb 0 0 0 0 0 1
train_jpeg/bf11e636d1e0d4c9813fdd8dfd24a4c0 0 0 0 0 0 1
train_jpeg/bf163928c2fd8b13d3369cfbb55177b8 0 0 0 0 0 1
train_jpeg/bf9f2cfe62b9175fab18d4239b767f4b 0 0 0 0 0 1
train_jpeg/bfdaef7007cc0072d7a4c6e0069fc1ae 0 0 0 0 0 1
train_jpeg/bfe751a05700d19728f9a56d2524a98a 0 0 0 0 0 1
train_jpeg/c01011537715b0857c86240cb7fa9521 0 0 0 0 0 1
train_jpeg/c01fbdb847e05945098abd4f4ec75239 0 0 0 0 0 1
train_jpeg/c0440c09698f89df168dc146af067fe7 0 0 0 0 0 0
train_jpeg/c05d9cb1afa188530a03e514df4d6696 0 0 0 0 0 1
train_jpeg/c08b334ae97ac2ef330464fc964dc7ec 0 0 0 0 0 1
train_jpeg/c09174bbcffe5fd5f6b2306aeaf27c2c 0 0 0 0 0 1
train_jpeg/c11abe477558edabab11d6f1693f2532 0 0 0 0 0 1
train_jpeg/c19542c20f3b1eac0d80c66ce56eded3 0 0 0 0 0 1
train_jpeg/c1c9528727dd016bad131ff8c3863774 0 0 0 0 0 0
train_jpeg/c25370b989806c860e4f2025a7ecefbe 0 0 0 0 0 1
train_jpeg/c27309d9a3da6749da0e6bd6dff5369c 0 0 0 0 0 1
train_jpeg/c29776abe9bff79b1f724acb92b706d5 0 0 0 0 0 1
train_jpeg/c2ad72ed71e63a3b7441cc58fe9bfb0e 0 0 0 0 0 1
train_jpeg/c305cccb673fd704a2e305fdbfa07f01 0 0 0 0 0 1
train_jpeg/c31df920586bafb55cf284149ec99f5a 0 0 0 0 0 1
train_jpeg/c332d336996b56e400e2a8efdbc9abf7 0 0 0 0 0 1
train_jpeg/c4220ae72fdf295cb20a089b71b3294f 0 0 0 0 0 1
train_jpeg/c43e5cf3cc8497dd25fa7bcdf88b3e73 0 0 0 0 0 1
train_jpeg/c46115d83cbc0da233c4ea92f5ec1831 0 0 0 0 0 1
train_jpeg/c48286c8df6f70869101a493d1e84c39 0 0 0 0 0 1
train_jpeg/c4a36b7b9d14a32c067f5dc2fad874b5 0 0 0 0 0 1
train_jpeg/c4d6eecd144d4d9a850aa0640f21777a 0 0 0 0 0 1
train_jpeg/c4f7b110380be6bee542f5c26c78f36d 0 0 0 0 0 0
train_jpeg/c55180585712f9450f731270cb881511 0 0 0 0 0 1
train_jpeg/c5c9ef1410c0bd298afaa43956761d4e 0 0 0 0 0 1
train_jpeg/c60384a260a2c1797e4e699e739bdf09 0 0 0 0 0 1
train_jpeg/c61b428d550444d2432e4d959c6cdadd 0 0 0 0 0 1
train_jpeg/c621c05921781711ae0bd5c634a7fef3 0 0 0 0 0 1
train_jpeg/c65f2db150193b8d81522673d0c9ec8a 0 0 0 0 0 1
train_jpeg/c66c9aeefecee0e4c8e9cac52d22b074 0 0 0 0 0 1
train_jpeg/c672a5c07dea43b6f5dc88071cef0839 0 0 0 0 0 1
train_jpeg/c738b869da1f73f9e5d89832e6b4f5bd 0 0 0 0 0 1
train_jpeg/c749232c6cb9616a2a7b24a85811cfd4 0 0 0 0 0 1
train_jpeg/c7818846caabb4c8a3f18f0b15dc4ea9 0 0 0 0 0 1
train_jpeg/c7afdce95181c731e79f72d4ad6d4447 0 0 0 0 0 0
train_jpeg/c8205cbdfff77ee90770156c3075a38f 0 0 0 0 1 0
train_jpeg/c837c5bfbeedca68690f51b2e07aaabd 0 0 0 0 0 1
train_jpeg/c88c3cfbb6ed6198f4e13b5e4dda7f5b 0 0 0 0 0 0
train_jpeg/c8c4c3761eec54737d4c65316cc3bdb0 0 0 0 0 0 1
train_jpeg/c8f8879d41d18802e1eac91792aab861 0 0 0 0 0 1
train_jpeg/c93d43336ef6d28348794b5ced1886a4 0 0 0 0 1 0
train_jpeg/c945840c6f90df8f3b368342ecf50b45 0 0 0 0 0 1
train_jpeg/ca0b4436113ffbfc5dc34f3f7cd206f9 0 0 0 0 0 1
train_jpeg/ca34a257cdf676ad462893fe3325e22f 0 0 0 0 0 1
train_jpeg/ca43a7cae1f4b3d62ffc778b33b65011 0 0 0 0 0 1
train_jpeg/ca691809344aa18a9597b0d72fb8353d 0 0 0 0 0 1
train_jpeg/cabc60a2e6877d2726b6bfcb6e4c3678 0 0 0 0 0 1
train_jpeg/cb23c75b43410b0ef6133d9979fd5c89 0 0 0 0 0 1
train_jpeg/cb470b7e4f2a24fc45e4d67d6b88fb84 0 0 0 0 0 1
train_jpeg/cb9658d61c84a99ba31665f40cb0788d 0 0 0 1 0 0
train_jpeg/cbc055bd555c55e13a5f6a67cdc9e286 0 0 0 0 0 1
train_jpeg/cbd3795d8dca2bad59a3dd16dca46695 0 0 0 0 0 1
train_jpeg/cbdbea22b6ca60d4fde3d21b35f0119f 0 0 0 0 0 1
train_jpeg/cbe8f7bfbd743675fbb4e5c5995ed17d 0 0 0 0 0 1
train_jpeg/cc1f3e7b9d8e01f8bb3a5902b7f21e6d 0 0 0 0 0 1
train_jpeg/cc3f1b06e258ec653acb5d8783efd12a 0 0 0 0 0 1
train_jpeg/cc6eb0e7b00ba4bb2f917eb2e69f11b0 0 0 0 0 0 1
train_jpeg/cc70e9658fc974cf91bce73f4798856b 0 0 0 0 0 1
train_jpeg/cc98da13c817495f32b5ccab2b009cd3 0 0 0 0 0 1
train_jpeg/cc9a84f1f3942ceb845c5f174e5b70cd 1 0 0 0 1 0
train_jpeg/ccb985d9ce3e511785d15bc92dfb05b5 0 0 0 0 0 1
train_jpeg/cceb5f8ad7d827659608f7d5f319a729 0 0 0 0 0 1
train_jpeg/ccfda43a5267e0aa923d8a199baafbd2 0 0 0 0 0 1
train_jpeg/ccfef4968e4e3d491cc92492df037394 0 0 0 0 0 1
train_jpeg/cd1577657b776e892a10bf4ae40238f0 0 0 0 0 0 1
train_jpeg/cd2c1f982c09efe46097707c3fb0a638 0 0 0 0 0 1
train_jpeg/cd7f2eef4f33e3ae24bc051ac9ecd402 0 0 0 0 0 1
train_jpeg/cd84507c340286ab3e70e4731bc59dc2 0 0 0 0 0 1
train_jpeg/cda9cd500cfc67b76f598e4dddc9f7a9 0 0 0 0 0 1
train_jpeg/cde2986aa4442fd1f9a00f21f8c0cf72 0 0 0 0 0 1
train_jpeg/cde51d108787b5b9de168de191c2e763 0 0 0 0 0 1
train_jpeg/ce035c37006ea6f736d04b599d96054e 0 0 0 0 0 1
train_jpeg/ce0c2d8c69a6a2b8861860e061c9bb4e 0 0 0 0 0 1
train_jpeg/ce4a461ab5b95bc7b79bc6bea11f7ff8 0 0 0 0 0 1
train_jpeg/ce6877e88fc20990497099e6196b6ae4 0 0 0 0 0 0
train_jpeg/cf32a2bc41deeb7436a36bcc4ff324fb 0 0 0 0 0 0
train_jpeg/cf366e444f5c256d8275e348c17b59a9 0 0 0 0 0 1
train_jpeg/cf647252e6947033ed61dd0290da5a9c 0 0 0 0 0 1
train_jpeg/cfbac484f94686cd93d564487d9e5a8a 0 0 1 0 0 0
train_jpeg/cfe632d589ef4f9a147c31ece8478b01 0 0 0 0 0 1
train_jpeg/cffb6dd55f9d310bacd5ed196b170faa 0 0 0 0 0 1
train_jpeg/d07fc23907af771d70b92ffb8403d54d 0 0 0 0 0 1
train_jpeg/d0c9230521fb4ce7a61b41eb9af6e645 0 0 0 0 0 1
train_jpeg/d101385a2fea7fcb2cafba3187ee0779 0 0 0 0 0 1
train_jpeg/d121ea9e5076e6c20fb871acf29b95e3 0 0 0 0 0 1
train_jpeg/d166f983d8e9178a4604a8b4378828a9 0 0 0 0 0 1
train_jpeg/d17fca94154d3b7021d23f56a3aaa883 0 0 0 0 0 1
train_jpeg/d19b822e1f1cb392d172d1ee4fa73005 0 0 0 0 0 0
train_jpeg/d1bb581de986967b12d4ee6a064d70e8 0 0 0 0 0 0
train_jpeg/d21f66ca95779da134369e279004ef03 0 0 0 0 0 1
train_jpeg/d2218e693c5f8bd961d3cde598a9b437 0 0 0 0 0 1
train_jpeg/d264de8c001ad3304fb6ee0c6ae379ec 0 0 0 0 0 1
train_jpeg/d2745cc114e770daf895ee9591fda07e 0 0 0 0 0 1
train_jpeg/d28066fe44fe04cfc20c727bd3155510 0 0 0 0 0 1
train_jpeg/d2bf2fa1fcb9dc887a989e0fc706e8e5 0 0 0 0 0 1
train_jpeg/d2ce9fd159bca6dafc6170ea200a3ae2 0 0 0 0 0 1
train_jpeg/d34990159533ceeec96279407f463ede 0 0 0 0 0 1
train_jpeg/d35342287accb789782fee0e4a8b1031 0 0 0 0 0 1
train_jpeg/d3559f85e59a0499bd13a80f054f8fde 0 0 0 0 0 1
train_jpeg/d3566246a52be1a6c5eb49a1d30bf4b8 0 0 0 0 0 1
train_jpeg/d393824768c29b9f453c383bd1a07741 0 0 0 0 0 1
train_jpeg/d3bc02cc13302e2f442d937a403b2fbe 0 0 0 0 0 1
train_jpeg/d3c65961aa91ff3ae673e15c76056a05 0 0 0 0 0 1
train_jpeg/d3e275e681d082bcc003336b8355b2f2 0 0 0 0 0 0
train_jpeg/d40b35c2f594b89524c67af46ac342f6 0 0 0 0 0 1
train_jpeg/d43960df26db044d6b9caa7e4ec2ac08 0 0 0 0 0 1
train_jpeg/d46d82b7a42f6c95c134f2732b003c3e 0 0 0 0 0 1
train_jpeg/d494afb8594e94bdf38ccd1c9f208477 0 0 0 0 0 1
train_jpeg/d4d41e0e0e7c512d05cdbd89401ee7bf 0 0 0 0 0 1
train_jpeg/d4e8665286a7fd59bcd408868c247a5d 0 0 1 0 0 0
train_jpeg/d51f68f8feab3e1d4ab776190d003bb0 0 0 0 0 0 1
train_jpeg/d558e9292b4124bfe42aad31dd33d7f4 0 0 0 0 0 1
train_jpeg/d591c236932c877da7c0c13088624ac8 0 0 0 0 0 1
train_jpeg/d59e8b41b1b2b15cd6a7ae3ec6882781 0 0 0 0 0 1
train_jpeg/d5b2a2c4177eb355dd3c0bfacbfd39bd 0 0 0 0 0 0
train_jpeg/d5b60e99c9f5fbfe79a87b68ba8d08c5 0 0 0 0 0 1
train_jpeg/d5eb82189dbfea013f844d0c880458d6 0 0 0 0 0 1
train_jpeg/d61f23b49107809af9de55e0ad4c3f6d 0 0 0 0 0 1
train_jpeg/d62bf9c7b56be896143131711e69ad87 0 0 0 0 0 1
train_jpeg/d6488b81f05ad5ade91276d7e26cdb1d 0 0 0 0 0 1
train_jpeg/d64ce56d57c57b5cb6ea43a8b274dc13 0 0 0 0 0 1
train_jpeg/d6569366db7f18f343963d9119307f89 1 0 0 0 0 0
train_jpeg/d6686ebb032bc9c7329b6644a052f994 0 0 0 0 0 1
train_jpeg/d673addf6e6cb1071177731309bdd89d 0 0 0 0 0 1
train_jpeg/d6784c6eb013b83c4d0fc70f3ca2f512 0 0 0 0 0 1
train_jpeg/d6796f328c92d66ae9f7299a02f6c9a1 0 0 0 0 0 1
train_jpeg/d68d9e0721027d8e0532efa37d628bb3 0 0 0 0 0 1
train_jpeg/d69f18c4025dda6eb24faa09453fea2c 0 0 0 0 0 1
train_jpeg/d6a133254d617e25b9d6067c38422dc9 0 0 0 0 0 1
train_jpeg/d6b8482421ee5ee48d166c37d54cf7de 0 0 0 0 0 1
train_jpeg/d6d578dc1f8f07b421ddac66113c0ab4 0 0 0 0 0 1
train_jpeg/d700828f067b24ac9bc70bc8bbee1bea 0 0 0 0 1 0
train_jpeg/d718d8b21873829e97441a619f189576 0 0 0 0 0 1
train_jpeg/d719f48511a1a8e275e7262f5a1cc05c 0 0 0 0 0 1
train_jpeg/d75bd9af915700b8aa4ab1866541fb8c 0 0 0 0 0 1
train_jpeg/d77b0f18be0825ad5360906312044dd4 0 0 0 0 0 1
train_jpeg/d78482526bef549cc51d8f7f86d4da9c 0 0 0 0 0 1
train_jpeg/d790c8ade28cbc2ed3aa6c561b986bd2 0 0 0 0 0 1
train_jpeg/d7b5ffb03cf95f5d36a5e2ac067169b1 0 0 0 0 0 1
train_jpeg/d7f2e8a9e9bc6a6275917f27c9eed894 0 0 0 0 0 1
train_jpeg/d7f35393ed91b030dbb947661e7ba112 0 0 0 0 0 1
train_jpeg/d8b99a1111eba17e7f14ba4d998283ff 0 0 0 0 0 1
train_jpeg/d91042057e960f8641fdb72185948d86 0 0 0 0 0 1
train_jpeg/d92309c6e0911811e2ba3c122cd31090 0 0 0 0 0 0
train_jpeg/d928d4b3bdb18a2d7ffeeada9a4967ae 0 0 0 0 0 1
train_jpeg/d93f320722bd8a1dd8ed8f9be0a2d128 0 0 0 0 0 1
train_jpeg/d94778b88ace353f7732acb973e42594 0 0 0 0 0 1
train_jpeg/d96fda262ecb33711d94ac8813a70b3e 0 0 0 0 0 1
train_jpeg/d9915cf91649c057fe8526d6df81232f 0 0 0 0 0 1
train_jpeg/d9a1a2d02ee9634a0486de53f820fadd 0 0 0 0 0 1
train_jpeg/d9a6b1f6a4175eaee343eef3c1134928 0 0 0 0 0 0
train_jpeg/d9b51a0471d1ea9b698c9a88c7888925 0 0 0 0 0 1
train_jpeg/d9c599b10c98143b8e2e282ea76c0fc2 0 0 0 0 0 1
train_jpeg/d9cfc85d3bb7c32f82ab2c718f74ea0a 0 0 0 0 0 1
train_jpeg/d9e4f4f2f47dfa0296178e7fb5c005c3 0 0 0 0 0 1
train_jpeg/da050ed66db50c9d625f5cd8ce0e54b5 0 0 0 0 0 1
train_jpeg/da080bbceada7f806710be3c22f34c48 0 0 0 0 0 1
train_jpeg/da2935003ba6f6ee09c0bc362570c606 0 0 0 0 0 1
train_jpeg/da4cfaa6343960e89066e60b678bbbd7 0 0 0 0 1 0
train_jpeg/da5520c50df66e089dbce9fca305b93a 0 0 0 0 0 1
train_jpeg/da6f1a174526b57d8e0a8b092432f99b 0 0 0 0 0 1
train_jpeg/daf006545643eef1134fb4bb338243eb 0 0 0 0 0 1
train_jpeg/db1c95177df286e4868ce31b8ce53a5b 0 0 0 0 0 1
train_jpeg/db49c96665f4fe0ff5f4420578e2f185 0 0 0 0 0 0
train_jpeg/db5fd0a4c9ae98c496500cf0c140d4d1 0 0 0 0 0 1
train_jpeg/db8c3f6b46f4c83a11e95da6fbe8330c 0 0 0 0 0 1
train_jpeg/dbad935ba1564c1bde536ad68aa59161 0 0 0 0 0 1
train_jpeg/dbd95448052d2fd61f31da0c52f05845 0 0 0 0 0 1
train_jpeg/dc0fcb0e8d98ec8065bee19fb06670df 0 0 0 0 0 0
train_jpeg/dc590aaab60a5bd86b11fa40d29bfc82 0 0 0 0 0 1
train_jpeg/dc647835b8eec7215b23ec2ae590a59f 0 0 0 0 0 1
train_jpeg/dcb081bb5e1dac41000e96fc37c8c322 0 0 0 0 0 0
train_jpeg/dcc417ef420518a05c125013b7b2771e 0 0 0 0 0 1
train_jpeg/dcec5915cfae252e47445594b40a1f63 0 0 0 0 0 1
train_jpeg/dcee5c339d220a9906de111253338580 0 0 0 0 0 1
train_jpeg/dd1ec1034edd4e6b9696ea5cbeca6168 0 0 0 0 0 0
train_jpeg/ddbe41935f4c7c4c6624654585e12652 0 0 0 0 0 1
train_jpeg/ddc2e81bc04195f7f72109ee5873a2fb 0 0 0 0 0 0
train_jpeg/de20b8c80c04bd2dbe0782fb21738588 0 0 0 0 0 0
train_jpeg/de46379f042249fb8683991262d01937 0 0 0 0 0 1
train_jpeg/df4a20d12faf0be8952b9bbaf2e532f3 0 0 0 0 0 1
train_jpeg/df5dd80aab0aa6e0a6d8ea17860855fb 0 0 0 0 0 1
train_jpeg/df6f1a659a93666db0c13ee25889d552 0 0 0 0 0 1
train_jpeg/dfd93de6c5c7576bb88212fd68b61f89 0 0 0 0 0 1
train_jpeg/e01b7a9a5d544384f762cd0ee381414e 0 0 0 0 0 1
train_jpeg/e038a02993359e092b4b3432064c2ffb 0 0 0 0 0 1
train_jpeg/e06ccb3933bbb35d6e9eeaa65d715262 0 0 0 0 0 1
train_jpeg/e071243215a835dbf5f53328856f4126 0 0 0 0 0 1
train_jpeg/e07fc7a901c4d4dd47838d0a431332c1 0 0 0 0 0 1
train_jpeg/e09d3c1e1a25a113038ea50f7898b125 0 0 0 0 0 1
train_jpeg/e0f5aff4daedec8ea01e4125d854eb98 0 0 0 0 0 1
train_jpeg/e1148dba04affb780429d99c8c3b568e 0 0 0 0 0 1
train_jpeg/e141a0392c795a20b3e1d8f14d8c7b05 0 0 0 0 0 1
train_jpeg/e19df85c8020cae432a0b825d45b27eb 0 0 0 0 0 1
train_jpeg/e1e6104574f58fbe283f16333cdfd5cd 0 0 0 0 0 1
train_jpeg/e24f7e6e85956a7865e4830aee1091dd 0 0 0 0 0 1
train_jpeg/e2576b69e9a80213a93f7f22e76351d8 0 0 0 0 0 1
train_jpeg/e257b3d290a5033b6a6e8a4414fb6e68 0 0 0 0 0 1
train_jpeg/e2878900d428b05d537fd0c615db5823 0 0 0 0 0 1
train_jpeg/e301d37e30e70046bf72db9a95b2235f 0 0 0 0 0 1
train_jpeg/e3270b5dfe411a202aa878a6996cf6c5 0 0 0 0 0 1
train_jpeg/e3acafc9fb8cff04eb9eeb4240043a5e 0 0 0 0 0 1
train_jpeg/e3c632b4a9603af5c3d4fe0a02c87290 0 0 0 0 0 1
train_jpeg/e3ceb9b83afd35a505e319807e42338d 0 0 0 0 0 1
train_jpeg/e3f054384d26f6562798414225bcb1e5 0 0 0 0 0 0
train_jpeg/e4374242cb259017ab1d22b0a51dd1a0 0 0 0 0 0 1
train_jpeg/e46da7c27c2e93d1a1d9413e2fee4547 0 0 0 0 0 1
train_jpeg/e5014dcb94447af471a65381b46c25be 0 0 0 0 0 1
train_jpeg/e5605e4e67f03122628099846c49cbae 0 0 0 0 0 1
train_jpeg/e580dc1bdc22fca94110f5e65a45eac9 0 0 0 0 0 1
train_jpeg/e5c0e5bd7e50d4de77316f4f3582e6e4 0 0 0 0 0 1
train_jpeg/e5cdc4d2a9eb934f910c60de2f068fee 0 0 0 0 0 1
train_jpeg/e5e284d5a14dc1b78f15812624b76866 0 0 0 0 0 1
train_jpeg/e60ce67640c934d4fb3bcac5b334983d 0 1 0 0 1 0
train_jpeg/e613a63ea3e1262cd599a32571d11c2e 0 0 0 0 0 0
train_jpeg/e6201a156a1b807fcf34425b4af785cd 0 0 0 0 0 1
train_jpeg/e64050af7fe32762427a8f0b80c62ce8 0 0 0 0 0 1
train_jpeg/e649013e726da52a687e9f9e7842e3ab 0 0 0 0 0 1
train_jpeg/e67a5abf75aaa55c14008f1816b303e2 0 0 0 0 0 1
train_jpeg/e690dec63fc0ce9e73eaf32e679b6ceb 0 0 0 0 0 1
train_jpeg/e6cfec107fd81f28c7141b580dc1a966 0 0 0 0 0 1
train_jpeg/e732e04b5ca9b45181f1c5fd640b845c 0 0 0 0 0 1
train_jpeg/e76134f2517c0d19200343670afb1c3f 0 0 0 0 0 1
train_jpeg/e790d69d1a21a354adfb7c7391ccea52 0 0 0 0 0 1
train_jpeg/e7da63004299caad8e69fe0bd91a6c1c 0 0 0 0 0 1
train_jpeg/e7e0d626d22c869ce85749c0551881a4 0 0 0 0 0 1
train_jpeg/e81749897c4747a1dd5d1827942e4ba2 0 0 0 0 0 1
train_jpeg/e8197de118ba8004e7acb25668ddbcde 0 0 0 0 0 1
train_jpeg/e881cb07c2bc435ff59e27faa676b70f 0 0 0 0 0 1
train_jpeg/e8ce212fe98cc41c83393121e9bcbcdc 0 0 0 0 0 1
train_jpeg/e8e1f4db5ec4c5ccb4a45c88a2f712b3 0 0 0 0 0 1
train_jpeg/e8e5f37a8cf2d240605be56e963b9752 0 0 0 0 0 1
train_jpeg/e8fe564964eab3b12d145c30555dd3f4 0 0 0 0 0 1
train_jpeg/e92bbeb7b1adea54c20f40f3ad2a8037 0 0 0 0 0 1
train_jpeg/e92bded41bf13bc5931f702eb0ac8f3f 0 0 0 0 0 1
train_jpeg/e9726af82377769bcba9c5e7f6317d26 0 0 0 0 0 1
train_jpeg/e9a65bda8bb5f0e934088431ce9e44a5 0 0 0 0 0 1
train_jpeg/e9c86d83946c7245b36727680ecbe441 0 0 0 0 0 1
train_jpeg/e9ff892454b40672f41ead3020a084a6 0 0 0 0 0 1
train_jpeg/ea56b3455c844f324b8c9323ebf2ddb2 0 0 0 0 0 1
train_jpeg/eaae8124149b70cd2cffba663db598a1 0 0 0 0 0 1
train_jpeg/eabdcf4a79311551266984e5c41c1fed 0 0 0 0 0 1
train_jpeg/eabff4780c183c33d17681a21f1356b4 0 0 0 0 0 0
train_jpeg/eac6f12e7d804e2b20a2bc1efed48d9a 0 0 0 0 0 1
train_jpeg/eac852d871c2cc7e1bd93b96d9028aad 0 0 0 0 0 1
train_jpeg/eaf57b7bcc178b533fdf27bc75e6d192 0 0 0 0 0 1
train_jpeg/eb22e4cdc7cabac86556342be8faa2d6 0 0 0 0 0 1
train_jpeg/eb384402d0dee9dc9818a0b65681bf67 0 0 1 0 0 0
train_jpeg/eb93d3b49c4746ad92ae7e800bdf516d 0 0 0 0 0 1
train_jpeg/ebd09e28619c48589667fe0b3bde9e3f 0 0 0 0 0 1
train_jpeg/ec0da16acef8c88c906eb4bccdf7f409 0 0 0 0 0 1
train_jpeg/ec21a5357ab9785e5a784b89c1617e01 0 0 0 0 0 1
train_jpeg/ec884724f0b98bbbde4b4bbeaf98f0e1 0 0 0 0 0 1
train_jpeg/ec894538e2a26e90ccb20e4f1fa568e9 0 0 0 0 0 1
train_jpeg/ec8f12c8c51f0cbe63dabb51e12da675 0 0 0 0 0 1
train_jpeg/ec9ec7b018f0fcb01fdde37e939ab6ed 0 0 0 0 0 1
train_jpeg/ed191c6015c1884b4c3792cdb5bb03c4 0 0 0 0 0 1
train_jpeg/ed19599a26e1d3be537d4123cd45a0d5 0 0 0 0 0 1
train_jpeg/ed1be1f76d4b97a9ab7a78b0b62f0a95 0 0 0 0 0 0
train_jpeg/ed83ace3ebeac23bf40a2e2ec0fae6ae 0 0 0 0 0 1
train_jpeg/ed87beb001539a3f2c81aeb1c817acbd 0 0 0 0 0 1
train_jpeg/eda23140c7a820d76c89bc994768888d 0 0 0 0 0 1
train_jpeg/eda73e10819c025c32693190a120b7b1 0 0 0 0 0 1
train_jpeg/ee04fa64f7e9a47abee0be3cfc22f5e7 0 0 0 0 0 1
train_jpeg/ee0d65c2402ce79f2d7a66502b3ca321 0 0 0 0 0 1
train_jpeg/ee22245fccd39fca9be413a2b2bbe521 0 0 0 0 0 1
train_jpeg/ee28d5fe8bad0f0e57d563a244ecc2f9 0 0 0 0 0 1
train_jpeg/ee5c789882b4ee2061224b9e39195f55 0 0 0 0 0 1
train_jpeg/ee5f83857d2f92db7596c009c1ce3dba 0 0 0 0 0 1
train_jpeg/ee915f3c066c9435c5403584e000777f 0 0 0 0 0 1
train_jpeg/eebe67275df5f83998a5fe7c147c81cc 0 0 0 0 0 1
train_jpeg/eed9ea04a58ca180187196dd641b09bc 0 0 0 0 0 1
train_jpeg/ef358452261a2dd62a493f5283939919 0 0 0 0 0 1
train_jpeg/ef608794f57405fb9a7468e3ef1e98fc 0 0 0 0 0 1
train_jpeg/ef785e487e967f53c331f06ff46a6067 0 0 0 0 0 1
train_jpeg/efd7ed72d3d6717f9fdb8c7556feb843 0 0 0 0 0 1
train_jpeg/efe888c50df6a2b0c00a55985b58badf 0 0 0 0 0 1
train_jpeg/eff97b3e26cd8cfd6b8d0142ada11b87 0 0 0 0 0 1
train_jpeg/efffa6250327e060be9e821859843dff 0 0 0 0 0 1
train_jpeg/f0081e0de716c1b84c1f2e2c6382a1d7 0 0 0 0 0 1
train_jpeg/f017493b1d51bdf5613383b731d0d72e 0 0 0 0 0 1
train_jpeg/f06bc45fe2ac2fcbb47e6f5c9e0280d3 0 0 0 0 0 1
train_jpeg/f08282b69e70d6c8eed22059746bb781 0 0 0 0 0 1
train_jpeg/f0ccac27f7eea1c854a9c60056a95eda 0 0 0 0 0 1
train_jpeg/f0d9c07ca00922f0eaeff329c80c562f 0 0 0 0 0 1
train_jpeg/f10fd14a19e8b04f4487d1b1e3e586da 0 0 0 0 0 1
train_jpeg/f11d8a1547f9331c3483c8693ec49b65 0 0 0 0 0 1
train_jpeg/f121677b8b0f050eed2b686df59e8098 0 0 0 0 0 1
train_jpeg/f15db498a31476b55d4ca9b4d85dc779 0 0 0 0 0 1
train_jpeg/f1623a82726614afb8c13a9e95cd1d02 0 0 0 0 0 1
train_jpeg/f184413f1c740b6b40279ecb5b9ace30 0 0 0 0 0 1
train_jpeg/f18ee951605d2c276acb3385dc76be8d 0 0 0 0 0 1
train_jpeg/f19678311f4268518fb1f3869537023a 0 0 0 0 0 1
train_jpeg/f1d1d044621a14cf86416b00c84139dc 0 0 0 0 0 1
train_jpeg/f24fba1daaf6734ff6cb7aca3edea73f 0 0 0 0 0 1
train_jpeg/f2e5eb5de5ca28f05adcc8c37973e85f 0 0 0 0 0 1
train_jpeg/f328bdf759b330f66fcbe9cc62a183cc 0 0 0 0 0 1
train_jpeg/f352d2c0a0995fdcd5b3cf903550a5e9 0 0 0 0 0 1
train_jpeg/f381daac0cd62cd463cd0fefb0025c45 0 0 0 0 0 1
train_jpeg/f3a2cd6042a97b2698c4856c6fd14f35 0 0 0 0 0 1
train_jpeg/f3adcfd01d642fb478c008211b135c12 0 0 0 0 0 1
train_jpeg/f3dd45cb122c6b807a1c468a10511f03 0 0 0 0 0 1
train_jpeg/f4600d99aba992cfb3807e4cebd240e7 0 0 0 0 0 1
train_jpeg/f4f6c2e1ce48c49b19d62c3a12d9d6c0 0 0 0 0 0 1
train_jpeg/f59be8f9bdb7cedee4c800ceaeccd453 0 0 0 0 0 1
train_jpeg/f5e9dfd1253bf6691e9cbbc9540b5ed0 0 0 0 0 0 1
train_jpeg/f60eda042575aa1783464a36c4bcc065 0 0 0 0 0 1
train_jpeg/f629fda93a2c6bcebb4f6bb2f19ed417 0 0 0 0 0 1
train_jpeg/f645082d9f5c2eb7e152f7469864304c 0 0 0 0 0 1
train_jpeg/f64e48932e13c5f56b74ef7c948fe0b8 0 0 0 0 0 1
train_jpeg/f6811759303019243d487c9f9934e1de 0 0 0 0 0 1
train_jpeg/f6a697a61f3557289d7763c39c031d8a 0 0 0 0 0 1
train_jpeg/f6b575c538dee65217877a75427f6cf7 0 0 0 0 0 1
train_jpeg/f751a31533be1eaf522421a1f11e4ec5 0 0 0 0 0 1
train_jpeg/f78a273e30b5cd8a2d580fa4959c8433 0 0 0 0 0 0
train_jpeg/f78a44efd6e19fe5e6f71247a4d97126 0 0 0 0 0 0
train_jpeg/f78abb1dbaf45a2dce966e9d3877b78f 0 0 0 0 0 1
train_jpeg/f81f1782addff49e3d3b7da77228b8b9 0 0 0 0 0 1
train_jpeg/f8418a411444f8ea00f9b3affe70a758 1 0 0 0 0 0
train_jpeg/f89782358679208bdb1d226ba111e668 0 0 0 0 0 1
train_jpeg/f8a79672d3bf2cbd9419f46249231c51 0 0 0 0 0 1
train_jpeg/f8e3ac34e2e71746164cbbc2679c986f 0 0 0 0 0 1
train_jpeg/f923fdfdc3a6492c3b59763492b14675 0 0 0 0 0 1
train_jpeg/f950cc15d42e3f0d10268f87907d70e0 0 0 0 0 0 1
train_jpeg/f971080317357202f0a1cfb173cfde37 0 0 0 0 0 1
train_jpeg/f9b6143fdadf3e46bc016548719a4371 0 0 0 0 0 0
train_jpeg/f9dba298e6b5f764019c97a7636f184e 0 0 0 0 0 1
train_jpeg/fa00b3ef7a88c7c35ea4f04212c57310 0 0 0 0 0 1
train_jpeg/fa1ffc0e890d0d6fa472f8abb1590b88 0 0 0 0 0 1
train_jpeg/fa6c9d5324c1e538957f78607e14c457 0 0 0 0 0 1
train_jpeg/fab2ad94eb5bac3d71e0046a9787579a 0 0 0 0 0 0
train_jpeg/fab76d60c7fad833d0dccaccda261c3a 0 0 0 0 0 1
train_jpeg/fafb75e0e75b40acd3fe6890c8bfbfe8 0 0 0 0 0 1
train_jpeg/fb04304054886eed00888b616c545f50 0 0 0 0 0 1
train_jpeg/fb0f3b77b4b8eedf6f3c631a310b3e38 0 0 0 0 0 1
train_jpeg/fb4b441d1f1d39a0cf27f41980b178b2 0 0 0 0 0 1
train_jpeg/fb511731a1fc742451a090891ebaa0ce 0 0 0 0 0 0
train_jpeg/fb9a4337cda28860cf8bb3eb42e27271 0 0 0 0 0 1
train_jpeg/fc06d54844aee54acd87466f59acfc5b 0 0 0 0 0 1
train_jpeg/fc26d7ee64b5c98e3e0361a0e044820e 0 0 0 0 0 1
train_jpeg/fc862e174bfc6e9d23a18034b5c8ae78 0 0 0 0 0 1
train_jpeg/fc9792581d7190c4b20c3e436e2d91bb 0 0 0 0 0 1
train_jpeg/fd0810860fc2b3cf1ea3fea8a27371a2 0 0 0 0 0 1
train_jpeg/fdc0e4eaee26a9dd7bec404df5428612 0 0 0 0 0 1
train_jpeg/fdcdbc6befee8ab9553039895835bad8 0 1 1 0 0 0
train_jpeg/fe48b59fe20a779d3a6a32d7a22e4b8b 0 0 0 0 0 0
train_jpeg/fe7c4ce8bceb5534d33c180f01be650c 0 0 0 0 0 1
train_jpeg/fec3d23bab6ec6e296db2954b31c74c4 0 0 0 0 0 1
train_jpeg/ff13acf028a2629a8c4d2bf84c2983cc 0 0 0 0 0 1
train_jpeg/ff28b75c0cbb4b26d536159765489499 0 0 0 0 0 1
train_jpeg/ff74b8c3d8a2799cdcc9880531852a06 0 0 0 0 0 1
train_jpeg/ffc1b43cc2533b8adc71fb5237526523 0 0 0 0 0 1
train_jpeg/ffceb71a80efba3b83c88e11f4b9694b 0 0 0 0 0 0
train_jpeg/fff0f82159f9083f3dd1f8967fc54f6a 0 0 0 0 0 1
