train_jpeg/006e2726c6aa72f042a08b1406c39d52 0 0 0 0 0 1
train_jpeg/00a7e1e81b2122e5a0f298155573e549 0 0 0 0 0 1
train_jpeg/00ef59a43670dc2ae8edc383bcd52d97 0 0 0 0 0 1
train_jpeg/01415f1554556009b0eaf0ad7ca360bd 0 0 0 0 0 1
train_jpeg/0191b567f08216ca642e04ef05537169 0 0 0 0 0 1
train_jpeg/01a1e85c56486eccd29f3e824e745c2a 0 0 0 0 0 1
train_jpeg/01a93e09220daa5b0316d426b701c76c 0 0 0 0 0 0
train_jpeg/01f57c9a402a8b1ba7a654d7d13b55ce 0 0 0 0 0 1
train_jpeg/01f6f8d96b132d598e6ccfb6039c9902 0 0 0 0 0 1
train_jpeg/02f6df6f5c4666cdbfeae7901b913187 0 0 0 0 0 1
train_jpeg/032c81fae916e932002387494a7d7c7b 0 0 0 0 0 1
train_jpeg/0390f10c619ee7ba413ed53ac9ac647c 0 0 0 0 0 1
train_jpeg/03e7c2196d3d56047e546e97468c76a4 0 0 0 0 0 1
train_jpeg/03ec9ca738f579b956cb4af13efa155a 0 0 0 0 0 1
train_jpeg/04e78baf5f049a01b6b4f9a14f0b7c78 0 0 0 0 0 1
train_jpeg/056a902e6cae674460ebd4919a607b45 0 0 0 0 0 1
train_jpeg/057c60e970f445a969dca914ab8d1b8e 0 0 0 0 0 1
train_jpeg/059ec0fc0d6840cff6e268e46f85faa0 0 0 0 0 0 0
train_jpeg/05ba77b1cf87cd4597d988581f269b44 0 0 0 0 0 1
train_jpeg/05d92b99575f75e64e0c0e7293c13803 0 0 0 0 0 1
train_jpeg/05ea0fb3ee5e5ca0b523e1fdf1a883d6 0 0 0 0 0 1
train_jpeg/062a20d74974867cb8f6a100972d3426 0 0 0 0 0 1
train_jpeg/065e7a6c7c848aa3f17ae034e7fbec23 0 0 0 0 0 1
train_jpeg/0669fb9cad9677ae93402dd6ef07af3d 0 0 0 0 0 1
train_jpeg/067ccf7d0633b171dfdbf57d19e77227 0 0 0 0 0 1
train_jpeg/0686521b0b8cf9426f253601b805fb52 0 0 0 0 0 0
train_jpeg/06a8441fb50ec661dd4eff6e81099d5c 0 0 0 0 0 1
train_jpeg/06c59659f6124062db8bda3d7ef038c3 0 0 0 0 0 1
train_jpeg/06c69cf01de70640c23fddb47572b8dd 0 0 0 0 0 1
train_jpeg/06fb5119d9b405dc7f26140820025e73 0 0 0 0 0 1
train_jpeg/0742030431be6b6807b9ca0a7eefe127 0 0 0 0 0 1
train_jpeg/07b4b2f75dd4f9b0f9915d7063e798b8 0 0 0 0 0 1
train_jpeg/07c006b2e35c62d17d98b9482faf52b0 0 0 0 0 0 1
train_jpeg/07c9ba701fe26c4d6de66965e4d35157 0 0 0 0 0 1
train_jpeg/0817e0cb5b16715d3d4032eca93234e0 0 0 0 0 0 1
train_jpeg/083eb3c3a0d02b6c3de4901d69e39b52 0 0 0 0 0 1
train_jpeg/08745659f524c26b2a70536b3938bf09 0 0 0 0 0 1
train_jpeg/0889de8637d252e22dd1ce522f5ea672 0 0 0 0 0 1
train_jpeg/08eae737d6de0db70d4bcb02b799cd02 0 0 0 0 0 1
train_jpeg/0924d4feb44b089213370a578a5bfded 0 0 0 0 0 1
train_jpeg/0924f6ef94d465be6a2ced6579726448 0 0 0 0 0 1
train_jpeg/09f575260ca3169ad362eb82a5e66349 0 0 0 0 0 1
train_jpeg/0a01e85a77546c597ca87cd04e922a31 0 0 0 0 0 1
train_jpeg/0a26a07d95ed851cdfc7f55f44e2ba77 0 0 0 0 0 1
train_jpeg/0a380c45055b031c116507bdc5acff33 0 0 0 0 0 1
train_jpeg/0a404541211c7910862e886772e31ae4 0 0 0 0 0 1
train_jpeg/0a466b4369d04de6d5a339f57f605765 0 0 0 0 0 1
train_jpeg/0a8d69d1c45bece901929db269a5e6cf 0 0 0 0 0 1
train_jpeg/0ad98c531de3616cc63a92d6cf871494 0 0 0 0 0 1
train_jpeg/0ada863fb878555ffd8dbd34e2496f76 0 0 0 0 0 1
train_jpeg/0aebd7e296fbaae90a154e7989cb7e06 0 0 0 0 0 1
train_jpeg/0b357271846b8fc4d32dd774b74bf276 0 0 0 0 0 1
train_jpeg/0b5d222662dfa80d7ba8b101bb88e20c 0 0 0 0 0 1
train_jpeg/0b805259394307f01adc87b57b704602 0 0 0 0 0 1
train_jpeg/0b8c73a84bc8b5f1a11b27619c1bd8a3 0 0 0 0 0 1
train_jpeg/0bdf902cc4ac4ad2c49059960f572ab2 0 0 0 0 0 0
train_jpeg/0be5a5e29dc5f2198fbe447697fb3c95 0 0 0 0 0 1
train_jpeg/0be975f6809d71a7011deca1f94ce752 0 0 0 0 0 1
train_jpeg/0bf74ccc6888feb5cc717241a5c826ce 0 0 0 0 0 1
train_jpeg/0c4a6bc602d1d207f217212c68a7131b 0 0 0 0 0 1
train_jpeg/0c66bc8c1a075aa73587891644fbb032 0 0 0 0 0 1
train_jpeg/0c684171749ce2c0c601b9d69b882edb 0 0 0 0 1 0
train_jpeg/0c7a38f293d5f5e4846aa4ca6db4daf1 0 0 0 0 1 0
train_jpeg/0c7ec6273560d99990a18daa57da8ed8 0 0 0 0 0 1
train_jpeg/0c905a2041221b381916c89354e0359d 0 0 0 0 0 1
train_jpeg/0d029f8b2f72732630d3d81bc0daac1f 0 0 0 0 0 1
train_jpeg/0d29c5718d65a853553e1a4190c85a68 0 0 0 0 0 1
train_jpeg/0d31c772dcf5e2c8394099c0bcc20011 0 0 0 0 0 1
train_jpeg/0d41f390aae11f5ed0ce8c1eadfebae3 0 0 0 0 0 1
train_jpeg/0d6acec8422b6fb8e214f770a1ff7d2d 0 0 0 0 0 1
train_jpeg/0d73d7e35dc4b6432a1f40653259f8ad 0 0 0 0 0 1
train_jpeg/0d7ed5f6bf3af64f934cce03e617764b 0 0 0 0 0 1
train_jpeg/0dae90df11425cf2a357af877293026f 0 0 0 0 0 1
train_jpeg/0db59846b8c385f7f0d8d1c084d3184e 0 0 0 0 0 1
train_jpeg/0db907ff35f16c60a0a4aeabea20dd63 0 0 0 0 0 1
train_jpeg/0dbdb924a9140849abd4ff650c5356da 0 0 0 1 0 0
train_jpeg/0de6a6b3d7689c2f261f2fc385d3b667 0 0 0 0 0 1
train_jpeg/0de9e6e651d4410d8730b5ab75c63289 0 0 0 0 0 1
train_jpeg/0e1db1a49e1775df6b9e971869600d9f 0 0 0 0 0 1
train_jpeg/0e7dd1bdfcc28525205e0d01573fde8d 0 0 0 0 0 1
train_jpeg/0e81c45fe6e9da1d0bc282077f879b99 0 0 0 0 0 1
train_jpeg/0e9fc53cf8fc7bd9822c0cc557703f43 0 0 0 0 0 1
train_jpeg/0eb12f12b3c3314540731003bd1a887c 0 0 0 0 0 1
train_jpeg/0f3b6a40134f9192e47ca830e9ee317b 0 0 0 0 0 1
train_jpeg/0f7ab20fb85469481df0c23360fac949 0 0 0 0 0 1
train_jpeg/0fc0f4210dcff423c932da548b73d8fa 0 0 0 0 0 1
train_jpeg/1019251f7cf5b19559ea93c212428bdb 0 0 0 0 0 1
train_jpeg/1025d5d08103bc7d79d1853d368b42e8 0 0 0 0 0 1
train_jpeg/102c6818153a5df4c097033ff758ef21 0 0 0 0 0 1
train_jpeg/102cbcda64728d1f29cab99f4614e141 0 0 0 0 0 1
train_jpeg/10387d064935914e96534db4f8625a6b 0 0 0 0 0 1
train_jpeg/103b82bef40be1f5f109bf5d9768030f 0 0 0 0 0 1
train_jpeg/1049692f29ed7540074d4b0b623cae6e 0 0 0 0 0 1
train_jpeg/10498c5c45827c22489639065f90d70b 0 0 0 0 0 1
train_jpeg/1072da8bf618f814cf7cc3068410d82a 0 0 0 0 0 1
train_jpeg/11acc69b72d448e98a3c2a7d9e57618d 0 0 0 0 0 1
train_jpeg/11b2e6db4cc87c726b30263b6afcd18d 0 0 0 0 0 1
train_jpeg/11bfa241b83d4b1dad26919f15263ea7 0 0 0 0 0 1
train_jpeg/11d86d613e387706418a5a550f03e742 0 0 0 0 0 1
train_jpeg/11d8da59dec1629cbb7333f0bf974a8b 0 0 0 0 0 1
train_jpeg/11eda2bb6f6db5355ffc8ec8e36a8866 0 0 0 0 0 1
train_jpeg/12187bffa708115e7e67e893abb2ee6d 0 0 0 0 0 1
train_jpeg/1243c3cd5ad7c097fdcd147e025ac628 0 0 0 0 0 1
train_jpeg/12d87958ea1b07f2d31b128f8cd18939 0 0 0 0 0 1
train_jpeg/1327133dc89fd3a8e8d0e8f6c0ce6202 0 0 0 0 0 1
train_jpeg/132d4bdfdcec9ec341d3b4f85183cd94 0 0 0 0 0 1
train_jpeg/133ed9054828b0e75987e00217aef89d 0 0 0 0 1 0
train_jpeg/1358ac2ad4c2aa92b97102ca7a6588c1 0 0 0 0 0 1
train_jpeg/1364ef33b36720eb7c3909651532bbbf 0 0 0 0 0 1
train_jpeg/136811abc7a30d535055c1144edf4103 0 0 0 0 0 1
train_jpeg/1381bbcf017f7fb86ed1f45ae52e2a1f 0 0 0 0 0 1
train_jpeg/1505c78837ead7b0646ff1153b91eeee 0 0 0 0 0 1
train_jpeg/152e42ed344d3522d48ca940d2458c0c 0 0 0 0 0 1
train_jpeg/1578fb1eae563ad602852d3f9f597a21 0 0 0 0 0 1
train_jpeg/1595e8093b55b28f8aa035af560cc489 0 0 0 0 0 1
train_jpeg/1596174d21afd56ded385cd4375c92b9 0 0 0 0 0 1
train_jpeg/15edc6ae9aebe34220472aa7fcf34b08 0 0 0 0 1 0
train_jpeg/15f016248709de49e2b725bda5cdd787 0 0 0 0 0 1
train_jpeg/160bb47c3022a18a9e106c8794ddd4a0 0 0 0 0 0 1
train_jpeg/16226b1bff454f0621dc499b0bf05fcc 0 0 0 0 0 1
train_jpeg/1625249b80df13df89d06b2c30877a1e 0 0 0 1 0 0
train_jpeg/16256e8d9a534da21218d2bedfadd553 0 0 0 0 0 1
train_jpeg/165784158c1e04bccdad5e3941cd03d6 0 0 0 0 0 1
train_jpeg/16e0594f4a14f27ba83533d863ca0149 0 0 0 0 0 1
train_jpeg/173650113a759fb4f5470cda73485dd7 0 0 0 0 0 1
train_jpeg/175813438023e3cc287b1368154b7fdb 0 0 0 0 0 1
train_jpeg/177ce2efbcef5fb1abae2633f89c85a7 0 0 0 0 0 1
train_jpeg/179e0024141a1b035fa9c584bcc41d20 0 0 0 0 0 1
train_jpeg/17c980696d1aa513ab00665f1eff7bd6 0 0 0 0 0 1
train_jpeg/17e313aa0692721752e196f267f0a387 0 0 0 0 0 1
train_jpeg/17f6dee4cb5a49d4831d3be2f3d276d4 0 0 0 0 0 1
train_jpeg/18324de51e401d9415af46576424d140 0 0 0 0 0 1
train_jpeg/186eff86235a8336abd13b6884fbf8f7 0 0 0 0 0 1
train_jpeg/189fc91e6797c100bbd6a6ae3cd61885 0 0 0 0 0 1
train_jpeg/18ca65f3991cd9e0339abe5d0dcdfc71 0 0 0 0 0 1
train_jpeg/18d947bf4df364db859aefa2e3ef34fd 0 0 0 0 0 1
train_jpeg/18ee5156937f823acee35e15110c6521 0 0 0 0 0 1
train_jpeg/19252698ff2897e6c3694db5dd7a6d2c 0 0 0 0 0 1
train_jpeg/19367e88f4634c2652d3eed0a2f1f8b2 0 0 0 0 0 1
train_jpeg/193e0dbe28d74ede2e3b9bec14d6cfde 0 0 0 0 0 1
train_jpeg/19986ef91a06c3bf7318b9b1368d4b41 0 0 0 0 0 1
train_jpeg/19f08bdb301a4041b98258cf9a5aeafb 0 0 0 0 0 1
train_jpeg/1a09d5ac9fd7ceec683403f87a0657ce 0 0 0 0 0 1
train_jpeg/1a15da91ec46d4887b40c65866fba831 0 0 0 0 0 1
train_jpeg/1a36a4fb918591ad214a593f6fe52db3 0 0 0 0 0 1
train_jpeg/1a414a1cb6b545c2ee4de4abede481c7 0 0 0 0 0 0
train_jpeg/1a4875ed8557ee69777c2e47378871ab 0 0 0 0 0 1
train_jpeg/1a659fe794a9cd300aaeb3f1a0426d1f 0 0 0 0 0 1
train_jpeg/1a91a7af5c6ba164481c91f3fab7b1b2 0 0 0 0 0 1
train_jpeg/1ac4c387094f40ffe656dba6cda068ff 0 0 0 0 0 1
train_jpeg/1af9eca90157fa3d3c04c3ac90ccb9a9 0 0 0 0 0 1
train_jpeg/1b03ffc81d549227fc6c640d9a4833f6 0 0 0 0 0 1
train_jpeg/1b070a44c3458e1639f1872768edacde 0 0 0 0 0 1
train_jpeg/1b4272ebac3eb5cabb7af61a9517d90e 0 0 0 0 0 1
train_jpeg/1b8929dcd5ba852afce3a24c9a33909b 0 0 0 0 0 1
train_jpeg/1bc174094e607cdc28d45f84440b8578 0 0 0 0 0 1
train_jpeg/1c1852e92ee88bfdab5af701f0578076 0 0 0 0 0 1
train_jpeg/1c2c36b8d7a3f5940d8927f8c016cc12 0 0 0 0 0 1
train_jpeg/1c8036c48a361f409364bf1fe5a43b42 0 0 0 0 0 1
train_jpeg/1ca3c5711a2ffa4a32882edb2feaec8a 0 0 0 0 0 1
train_jpeg/1d0e350326d513628bb149c62edb2492 0 0 0 0 0 1
train_jpeg/1d170ae6d3f174b88d55b7a44e1b8963 0 0 0 0 0 1
train_jpeg/1d34d1439d33676b14a5b55f7e1502cc 0 0 0 0 0 1
train_jpeg/1d6f52262ce8e0a70b4f6ab9155cb2e7 0 0 0 0 0 1
train_jpeg/1e1dcf1ea1d974a5fea81b7616a11723 0 0 1 0 0 0
train_jpeg/1e2e7ff1a872f81ade3d67702dd3a95e 0 0 0 0 0 1
train_jpeg/1e3a7654ae0cb9be6eaf3abb48149685 0 0 0 0 0 1
train_jpeg/1e4464931141d6d2d7fe1bf8a7332ab5 0 0 0 0 0 1
train_jpeg/1e6854a3481c0a76b557cfd3af8267c7 0 0 0 0 0 1
train_jpeg/1e906de6eb973a6cdb7fc9bafb2db7aa 0 0 0 0 0 1
train_jpeg/1e91bcfb6d3af8862003b143dd70b7db 0 0 0 0 0 1
train_jpeg/1ebd89362f08102898bed0392867a75c 0 0 0 0 0 1
train_jpeg/1f0df0b923228e9219ae3bf0d7f5e17a 0 0 0 0 0 1
train_jpeg/1f20970151a5a67dcc676c4d1d433fc3 0 0 0 0 0 1
train_jpeg/1f3f1f55b90ce7fcf27284d12fd04d0b 0 0 0 0 0 1
train_jpeg/1f4b11018ae7a80969cea875fa22abd1 0 0 0 0 0 1
train_jpeg/1f51eb9814d10526ba32069aa0f99b4f 0 0 0 0 0 1
train_jpeg/1fc0841f014f99bb62074454fe7ebe0a 0 0 0 0 0 1
train_jpeg/1fce42f55a0de66eb161fc831cd33cc3 1 0 0 0 0 0
train_jpeg/200f1b5be00ecc740552ece63ed4fdd8 0 0 0 0 0 1
train_jpeg/2015d2cd31ec277b7db2e377adc31985 0 0 0 0 0 1
train_jpeg/204184f1fb8dcc77dc393e9628b76345 0 0 0 0 0 1
train_jpeg/204dbd2fde63892a681b1fa75f4b4b5f 0 0 0 0 0 1
train_jpeg/205fa60a4f5ec02693ffe8f6f0697f7a 0 0 0 0 0 1
train_jpeg/2072cdb6aab12d25059bb55e7d832290 0 0 0 0 0 1
train_jpeg/20b208fe31541c86d56ea9bb28d6bfba 0 0 0 0 0 1
train_jpeg/20b3714dd6c53ce0f439e05ca97b60e8 0 0 0 0 0 1
train_jpeg/20ba10679336cfa529043ba50e3474b0 0 0 0 0 0 1
train_jpeg/213a28a89d4e4e9652ac29322220d6ca 0 0 0 0 0 1
train_jpeg/213f1932f2f8b002bc2237a93bc82c96 0 0 0 0 0 1
train_jpeg/2162cbf3127612dcfed53a45f756b550 0 0 0 0 0 1
train_jpeg/21a68692a84d7a71dfb1bb0c76005119 0 0 0 0 0 1
train_jpeg/21b4f75e7128706b3f648d40a708e2fb 0 0 0 0 0 1
train_jpeg/21f44f20424e41b27990d3a546aea659 0 0 0 0 0 1
train_jpeg/221c92d2718f1f49ee483ab4afbc7238 0 0 0 0 0 0
train_jpeg/224a5abded897e363278c10344aecc90 0 0 0 0 0 1
train_jpeg/2287c4e36b373a34f680af5955460c87 0 0 0 0 0 1
train_jpeg/231e8999bf3b343dd87d8d78eba5d5d9 0 0 0 0 0 1
train_jpeg/233259480409e87c9e714c425450c333 0 0 0 0 0 1
train_jpeg/2333d8915a42791bd09ab3fd2e47ab21 0 0 0 0 0 1
train_jpeg/2340b39c863eda2a829ebabb07df6417 0 0 0 0 0 1
train_jpeg/23ac6234107db29775e5a285c5b0e364 0 0 0 0 0 1
train_jpeg/23e60c849578686b339e57c00a3eebc9 0 0 0 0 0 1
train_jpeg/23e6a92570c055afe532d1b66688938d 0 0 0 0 0 1
train_jpeg/23f1167e98727ee4b2f098240209b7d6 0 0 0 0 0 1
train_jpeg/2412fb603ff9c9de19798196c9556482 0 0 0 0 0 1
train_jpeg/243c2f1aac724fe459dfedf281b60460 0 0 0 0 0 1
train_jpeg/2479523e23486abd1d2ad666381eea86 0 0 0 0 0 1
train_jpeg/249503ef61e9450337fc04c69e7ceed7 0 0 0 0 0 1
train_jpeg/249e0d3186ba06b5336a4135b5bd101f 0 0 0 0 0 1
train_jpeg/24a5d0a82499463cd44d51ae2a4cba17 0 0 0 0 0 1
train_jpeg/2513d2316e7dfa85d79533472a3a2ded 0 0 0 0 0 1
train_jpeg/253d35b7096d0957bd79cfb4b1c954e1 0 0 0 0 0 1
train_jpeg/255b95fa65f714af5d0c133d2dca02a1 0 0 0 0 0 1
train_jpeg/2569aa422bf60fdc871466f7e3c6e320 0 0 0 0 0 1
train_jpeg/25e47d32d64f7f416d6fb1bf497b4b1a 0 0 0 0 0 1
train_jpeg/261af362ed1f38f6e17801d41b079ae7 0 0 0 0 0 1
train_jpeg/262cd3e70a033d61a7236aa971be339a 0 0 0 0 0 1
train_jpeg/26576637eee899e19fdc98b8fcfb28a4 0 0 0 0 0 1
train_jpeg/26c993f260c3451d290d3da19477292d 0 0 0 0 0 1
train_jpeg/26f736f4ae211cb29c19a3e57ba3e7f4 0 0 0 0 0 1
train_jpeg/2701ad8a2b944ab70d52c1b14abb2bf0 0 0 0 0 0 1
train_jpeg/27129548cc62420449c33ed5fb41eec6 0 0 0 0 0 1
train_jpeg/271f9008a6ac0c2fbed2ee6d40ff8750 1 0 0 0 1 0
train_jpeg/27e1d29f27cfe7f88225f4660e75615e 0 0 0 0 0 1
train_jpeg/27e6e4b244731bc028e40b85e188c533 0 0 0 0 0 1
train_jpeg/27f97551617fd179a93f91a44f8bdc61 0 0 0 0 0 1
train_jpeg/281cac81c7a2fe33aed88819b3868d8f 0 0 0 0 0 1
train_jpeg/2834116f0762ae9c1eeb66e3c8d15eaa 0 0 0 0 0 1
train_jpeg/284f9fd6332cb61bafd0e90da1cb4f81 0 0 0 0 0 1
train_jpeg/285b1c1c54cfa6dbd3f43799b889fec9 0 0 0 0 0 1
train_jpeg/286d4f7bc4282b7dd5fae43ee06cfb8d 0 0 0 0 0 0
train_jpeg/2895bda9f0eb57fee9af64ed333a94a8 0 0 0 0 0 1
train_jpeg/28af0c96909404992bef8d7231186fb0 0 0 0 0 0 1
train_jpeg/28b59f3955343ef5aa5e70e6e26a865a 0 0 0 0 0 1
train_jpeg/28bac73ba73f611b1b6b4dbe21bb5520 0 0 0 0 0 1
train_jpeg/28cfa7a00d66d9084ec969ac35367d22 0 0 0 0 0 1
train_jpeg/28ea7d2896bc5e5ad1aa88b53e499a0c 0 0 0 0 0 1
train_jpeg/291c6271acaa571169c5c423e84a24c0 0 0 0 0 0 1
train_jpeg/29491e5d92ee6968b5dc51fdab1f95ed 0 0 0 0 0 1
train_jpeg/2998cdc708e79055543eb95842261f57 0 0 0 0 1 0
train_jpeg/29cf3341c2f0195c0faddcf2e640045b 0 0 0 0 0 1
train_jpeg/29fd8b1afa5295eac5f3f9604fb79e7c 0 0 0 0 0 1
train_jpeg/2a53e7732f137e6d8c555ebc75ab4244 0 0 0 0 0 1
train_jpeg/2a96255deafcf2f24bf9f266e1c12633 0 0 0 0 0 0
train_jpeg/2ab7723d59917d1cc798123de5c5b618 0 0 0 0 0 1
train_jpeg/2ad83371c8e883b4cc2e9c1b55a176fe 0 0 0 0 0 1
train_jpeg/2b3f933dae2d8beb2f065fd3a7bded78 0 0 0 0 0 1
train_jpeg/2b8d23b406077cd35596765abe6930c8 0 0 0 0 0 0
train_jpeg/2ba09f4a64b4d6268cf891974fa9bad9 0 0 0 0 0 1
train_jpeg/2ba42e5c46ed0e2087a3e9d3447ad4ea 0 0 0 0 0 1
train_jpeg/2c0444193210187dba7db4a9df722eb9 0 0 0 0 0 1
train_jpeg/2c49a0717dffbc97f2236bd0e9ae62a7 0 0 0 0 0 1
train_jpeg/2c5b052c8611cb2c29975bfd1af85bba 0 0 0 0 0 1
train_jpeg/2c6076a64fecbe68df18715260167643 0 0 0 0 0 1
train_jpeg/2cef6674b94ed9b9e24bbf9d280545d6 0 0 0 0 0 1
train_jpeg/2d123b7231e4ec109e058816afdaf924 0 0 0 0 0 1
train_jpeg/2d2d0ff82a88f0fcd89f30d7a4765e31 0 0 0 0 0 1
train_jpeg/2d5241a2f2800671da3f56606fe86d60 0 0 0 0 0 1
train_jpeg/2d524b03db10432b9e13cd6f98fdaafa 0 0 0 0 0 1
train_jpeg/2d6adf24742b6e9c95cbe0a0f67f288c 0 0 0 0 0 1
train_jpeg/2d70630c628ce68b15cdade82d508322 0 0 0 0 0 1
train_jpeg/2da04ade38c9271bc26f801c62498d8d 0 0 0 0 0 1
train_jpeg/2da397f355747dff221c86d9d6eeed87 0 0 0 0 0 1
train_jpeg/2ddbe2e52849cbe12bc1808dbae5ae18 0 0 0 0 0 1
train_jpeg/2e21c9ab51303ea2fc6f4e90e18825d5 0 0 0 0 0 1
train_jpeg/2e4419b8c1f923cff2781be045f4e0d5 0 0 0 0 0 1
train_jpeg/2e4698e538724a69d239744c8460de50 0 0 0 0 0 1
train_jpeg/2e634940f1e54c351390adc796441c3f 0 0 0 0 0 1
train_jpeg/2e8298b8075f4bfad421b6a97a0b0d8a 0 0 0 0 0 1
train_jpeg/2ebb05b4c603d590854c621fa4f1fd5c 0 0 0 0 1 0
train_jpeg/2f1cefbcabb4d047b8944af78ac0d8f4 0 0 0 0 0 1
train_jpeg/2f23b99eea815fe9633b1a072218920b 0 0 0 0 0 1
train_jpeg/2f3264d3c0a52bb2e280855bcfd35733 0 0 0 0 0 0
train_jpeg/2f6852fc4c5023e3f01eaf183c6a6954 0 0 0 0 0 1
train_jpeg/2f68f0ed30de01f65fd0b70c036ceba7 0 0 0 0 0 1
train_jpeg/2f7fe4548bb5f866dc39e512032e95f9 0 0 0 0 0 1
train_jpeg/2ffbc003cbd77857cd7ec7a69d8f6ce8 0 0 0 0 0 0
train_jpeg/3015a7c28d079188fda71d42f870ad51 0 0 0 0 0 1
train_jpeg/302b0d070d5150b91bafc935e94a847b 0 0 0 0 0 1
train_jpeg/3052d5f66f219ee25809245280ca4228 0 0 0 0 0 1
train_jpeg/3095cc822fe5a15e277499c62b74d58e 0 0 0 0 0 1
train_jpeg/31074d188850b35173ba760312ab17f0 0 0 0 0 0 1
train_jpeg/3123f4eaee1eb304261c91bb668b0631 0 0 0 0 0 1
train_jpeg/313b72bf31da2fc6dbe5ee58292d1c29 0 0 0 0 0 1
train_jpeg/31449e7891efb4f8be8f7d76bf247914 0 0 0 0 0 1
train_jpeg/31c3c45bb22a836798cc2293e7a70661 0 0 0 0 0 1
train_jpeg/31e84e485efdbb4047c66f17e5b52e8f 0 0 0 0 0 1
train_jpeg/31fb14bd8c5f93dcbd6cf90c18f6ebd7 0 0 0 0 0 1
train_jpeg/323abbba4d9da9ac2b171ffc36a9986d 0 0 0 0 0 1
train_jpeg/3271043bd7d7dcca640a3f1909f7eae4 0 0 0 0 0 1
train_jpeg/328600a3e2b73d907ff67390754ba7cc 0 0 0 0 0 1
train_jpeg/328e89c3bad7c078d2295a666e496bc7 0 0 0 0 0 1
train_jpeg/32a4977ad96250a4796f588b135d7067 0 0 0 0 0 1
train_jpeg/32f643fbd7e99181193edf3720888743 0 0 0 0 0 1
train_jpeg/330f501cb35f5f63d3f9cefe507ff47a 0 0 0 0 0 1
train_jpeg/33146af87f7bf6c9836c1f83aa609df2 0 0 0 0 0 1
train_jpeg/33ddcbc05ab42047e14d6a9ff8f3b052 0 0 0 0 0 1
train_jpeg/33e26b941b7c24646f7428ccc0083b78 0 0 0 0 0 1
train_jpeg/33eb7cc412dbf243e6ef000dd8c56c8d 0 0 0 0 0 1
train_jpeg/33f92103ce3d750ff87cb6aae3154d40 0 0 0 0 0 1
train_jpeg/340162a33a2a57d13809cb19d818c6d8 0 0 0 0 0 1
train_jpeg/340b0fcd5c4442fb653a1abc3a90ee5e 0 0 0 0 0 1
train_jpeg/3412dbbf82bda8188efdedb48a1731ce 0 0 0 0 0 1
train_jpeg/349cbc5c5af9165155f2b901fd57c45a 0 0 0 0 0 1
train_jpeg/34d941821c547fa3e9c6627bb7e77d20 0 0 0 0 0 1
train_jpeg/3540ca0f9d0dc511dda06b57acce1df8 0 0 0 0 0 1
train_jpeg/355d1c27824a343cde65516686c0a425 0 0 0 0 0 0
train_jpeg/3563cbf78297f9df2aa8fe7220a3cefc 0 0 0 0 0 1
train_jpeg/357e1f13eaa9ef2ca05ead69875085ad 0 0 0 0 0 1
train_jpeg/358a1ee480d540f0d02899fa36f5157d 0 0 0 0 0 1
train_jpeg/36165f2d5e7831f8666339541eb63bf7 0 0 0 0 0 1
train_jpeg/3624ae2cb0c9dcff4dbf33914dd2ab93 0 0 0 0 0 1
train_jpeg/364d90c3c45c57222565679c2503fb58 0 0 0 0 0 1
train_jpeg/366026de955921cce6a1020277c36295 0 0 0 0 0 1
train_jpeg/367b53fd4130ec321b3cfe73df816f3b 0 0 0 0 0 1
train_jpeg/36ae6c2c7d9e20269827b793706c3255 0 0 0 0 0 1
train_jpeg/36ce9c445dc3d9c1773d39281e40c14b 0 0 0 0 0 1
train_jpeg/36d2e5e9bae8dfe964f905328a4ab11f 0 0 0 0 0 1
train_jpeg/36fe511e6a4678c3cc0eb13575973bb5 0 0 0 0 0 1
train_jpeg/37097f7608e3b19fd015b45cd85104ca 0 0 0 0 0 1
train_jpeg/374f6ee36e43e327dc291aa4167101ca 0 0 0 0 0 1
train_jpeg/37f810742e4cac9941b74e659620f594 0 0 0 0 0 1
train_jpeg/382d560643c78d7c443fe7c755b68676 0 0 0 0 0 1
train_jpeg/38539b35e4c6a3ac5fb1670bbc0f1a26 0 0 0 0 0 1
train_jpeg/38e8e5e78bee59e69157bb7a9136c84e 0 0 0 0 0 1
train_jpeg/3908056ba6fc625b4aff2c08ee62f5f9 0 0 0 0 0 1
train_jpeg/390a3ca76ec74efc45098507792b4446 0 0 0 0 0 1
train_jpeg/393877b097eb1f53bd47f7a8747bb7a2 0 0 0 0 0 1
train_jpeg/3951bee26f75813c40d3b5dc4fd661d6 0 0 0 0 0 1
train_jpeg/395c1ba48bde309aafcda413c8881237 0 0 0 0 0 1
train_jpeg/3970da5668c7632a4a5c8a6aacd10d71 0 0 0 0 0 1
train_jpeg/39784ca691902bc2cf6b54c0d4d46289 0 0 0 0 0 1
train_jpeg/3998abd4fc8f8535b85dbcc3bba21759 0 0 0 0 0 1
train_jpeg/3a014737300ac63b8c948403c94d7eca 0 0 0 0 0 1
train_jpeg/3a1bde3f11db5306a49d23acc225e0cc 0 0 0 0 0 1
train_jpeg/3a250bb0e3cc59b014e2e2bb6c860fb3 0 0 0 0 0 1
train_jpeg/3a3506dabb083b7e540bdaa34b5ee413 0 0 0 0 0 1
train_jpeg/3a5d4b0e43f4d7de7a94440f59a7e57c 0 0 0 0 0 1
train_jpeg/3a76b6f5eca1dc2946a8de6fe7764dc9 0 0 0 0 0 1
train_jpeg/3a8d4d0553fda8c1021a74a0e59ae131 0 0 0 0 0 1
train_jpeg/3aba33c4fe83153691e94697ef7bea47 0 0 0 0 0 1
train_jpeg/3abdd629a7f516b06656587804ef1f0c 0 0 0 0 0 1
train_jpeg/3accdf89b7cb094f5691d73484a13dc4 0 0 0 0 0 1
train_jpeg/3ae973a81532baaf237a2b3ed9bf1d07 0 0 0 0 0 1
train_jpeg/3b3a5593272c4440893c3acca186d897 0 0 0 0 0 1
train_jpeg/3b54e846cede03b8d6ac6c5bc14af082 0 0 0 0 0 1
train_jpeg/3c2a0c9e8e2ecac81bf6019d87d66201 0 0 0 0 0 1
train_jpeg/3c575820f8e42502a95a7a011e85a0d9 0 0 0 0 0 1
train_jpeg/3c76b23a74a3d2012fb50834dcbbc43a 0 0 0 0 0 0
train_jpeg/3d0f66e908f56bc5a09dc479a408eea5 0 0 0 0 0 1
train_jpeg/3d100048eee5507768634d2733c59b6a 0 0 0 0 0 0
train_jpeg/3d3f2310d40e573250591e1238b92a07 0 0 0 0 0 1
train_jpeg/3d70046ae9a650f1316d143166541089 0 0 0 0 0 1
train_jpeg/3d957f1f680a75f5e39c5a286f2088b4 0 0 0 0 0 1
train_jpeg/3d99c31c358e664d2b39d312dbabcd33 0 0 0 0 0 1
train_jpeg/3db1bd2d51eb272a8fe105d6488fbf49 0 0 0 0 0 1
train_jpeg/3db67d1ca109b704da4688cca58346a0 0 0 0 0 0 1
train_jpeg/3e7261e033146c6a7ae60566a7a12fed 0 0 0 0 0 1
train_jpeg/3e977f48ab070b3cf0f6e7dc50c207d9 0 0 0 0 0 1
train_jpeg/3e9db2e8672bb07dd70eb6f9e635f0aa 0 0 0 0 0 1
train_jpeg/3eeb4cc69cd1ad58977c23d880360fe4 0 0 0 0 0 1
train_jpeg/3ef7894e5b9eb83022063d742f481a23 0 0 0 0 0 1
train_jpeg/3f05fe9d273e90ebb3d7f47b3b9be9f0 0 0 0 0 0 1
train_jpeg/3f304a0d3bec1b3b1c53b828d28ae7de 0 0 0 0 0 1
train_jpeg/3fb83af943cdcbd3d255a51b0d86f827 0 0 0 0 0 1
train_jpeg/3fbd129251fc5b0ef8ba82bb88da3e5a 0 0 0 0 0 1
train_jpeg/3fc0763ebdef87b4c27cfb2a062b6496 0 0 0 0 0 1
train_jpeg/3fe05cdb192edd7078d911a3bf674547 0 0 0 0 0 1
train_jpeg/3ffe3bcf96ad33f1d612b24e4a35a38d 0 0 0 0 0 1
train_jpeg/4050d581f516b52e57e00cf3002bff3a 0 0 0 0 0 1
train_jpeg/4073cfd56d5ed0cb3dd2c1680d9361ee 0 0 0 0 0 1
train_jpeg/40e919b188ff9c41cf2e3f9c37a4b808 0 0 0 0 0 0
train_jpeg/40ea42113164f63625a196207c4bd0af 0 0 0 0 0 1
train_jpeg/412fc134e3193cefce521a751c3b254f 0 0 0 0 0 1
train_jpeg/414ab3ebee85d0fbba19e1a5f45f7c79 0 0 0 0 0 1
train_jpeg/41b3ba8c3998b6947018ce3bf0a4e546 0 0 0 0 0 1
train_jpeg/41f696d62bd8210f7b21729845cc1eff 0 0 0 0 0 1
train_jpeg/42321013b9306bb07e1e98bb177d1683 0 0 0 0 0 1
train_jpeg/4248a80a016d3bb7c12544e32d97330f 0 0 0 0 0 1
train_jpeg/425d40a4b08ec1aaccdc02ca1db78388 0 0 0 0 0 1
train_jpeg/426897029e9276d5279228ecd1c0f814 0 0 0 0 0 1
train_jpeg/427b2490fbab40e41d35a618a6947de8 0 0 0 0 0 1
train_jpeg/427cee14f796b7a14074226155892f7c 0 0 0 0 0 1
train_jpeg/42964050d44b271491f579883fb321e0 0 0 0 0 0 1
train_jpeg/42ca112b4b72ed4c70ddceccc1b35a48 0 0 0 0 0 1
train_jpeg/42df852049491e66a01273017bdffa79 0 0 0 0 0 1
train_jpeg/42e45c17b9e92a9108ef6f2f47804d8a 0 0 0 0 0 0
train_jpeg/42fba4329860d5995fea57553104907a 0 0 0 1 0 0
train_jpeg/430d3965420491cd83a28bac825dda61 0 0 0 0 0 1
train_jpeg/4318100e0bc2513dc4972f6186555070 0 0 0 0 0 1
train_jpeg/4346e098eba7044bddc2b6313e11fa1a 0 0 0 0 0 1
train_jpeg/43508e14f9e8103548d138b5bb1b07ee 0 0 0 0 0 1
train_jpeg/43a3e561b8fb2f24e425d0a6647e284a 0 0 0 0 0 1
train_jpeg/43ae6ce07ea7faacca2728b451cd0342 0 0 0 0 0 1
train_jpeg/43c1a3c5da7dd571c469e5fb3212de6b 0 0 0 0 0 1
train_jpeg/43f22f6c7dbc889c799fb3c49bfecdf6 0 0 0 0 0 1
train_jpeg/44449e4bc91f0abe0cc94d775548bc20 0 0 0 0 0 1
train_jpeg/44782ba571937e1868d5ec142c7cdc6e 0 0 0 0 0 1
train_jpeg/4479ab54ba10a7609e2baaf28f04a5cb 0 0 0 0 0 1
train_jpeg/449d8bc9224433abf1a23b78998bac06 0 0 0 0 0 1
train_jpeg/44de27e069e67abbe5af1df3be5bf8d2 0 0 0 0 0 1
train_jpeg/44f89a4871a0248abde75b8d5d978e87 0 0 0 0 0 1
train_jpeg/4518dd081dec46cc7a40db0e2d877512 0 0 0 0 0 1
train_jpeg/452c5e2036c4068330a7f95ab257fe2d 0 0 0 0 0 1
train_jpeg/45406c4ee98c4d2643f7330f1d73f638 0 0 0 0 1 0
train_jpeg/45a2baf1ec97adfe290e7d7dd69690eb 0 0 0 0 0 1
train_jpeg/45a8f56d50665a20a709eacad6f3ba9a 0 0 0 0 0 1
train_jpeg/45beae35a855d010ef2744a912b92934 0 0 0 0 0 1
train_jpeg/45df4dae1e6f49f649ebc1aacb8d755b 0 0 0 0 0 1
train_jpeg/45ebf99f69cf677b34b0b58726469b93 0 0 0 0 0 1
train_jpeg/45ec586e0a472504040b222a93587336 0 0 0 0 0 1
train_jpeg/45f04a5e14cd4763fb55fc7950beffce 0 0 0 0 0 1
train_jpeg/46401b1d6a534f60a9c5bfdfc53a4e44 0 0 0 0 0 1
train_jpeg/465ad9a4411cbf4dd5edef11b3055189 0 0 0 0 0 1
train_jpeg/467dad00f52961cafc2ff9df73f5c91d 0 0 0 0 0 1
train_jpeg/468619c5fd88f253c9ab79e4ec71cc90 0 0 0 0 0 1
train_jpeg/46c55ae4fdb5c1c97554633e1d8f4501 0 0 0 0 0 1
train_jpeg/46c76222a5a77d4670f091a7952f2b26 0 0 0 0 0 1
train_jpeg/46d721eeb4251bb82e32f44e9176f21f 0 0 0 0 0 1
train_jpeg/470e7c1f8564c284406d7adff645ca47 0 0 0 0 0 1
train_jpeg/472f3026622ada341776f965a62e17a0 0 0 0 0 0 1
train_jpeg/48156d6bfe2963e62c115d0fa7a56f8b 0 0 0 0 0 1
train_jpeg/48200e4586ef8e34d232650fa19b52c6 0 0 0 0 0 1
train_jpeg/486c8b33f33a2c401fd09f2eda3fb9b8 0 0 0 0 0 1
train_jpeg/487f2f5252187b5953745452b324bb63 0 0 0 0 0 1
train_jpeg/4884d857d87fa83304898f5834044cb7 0 0 0 0 0 1
train_jpeg/48c3bc8851cf90d59de458ca2b351e97 0 0 0 0 0 1
train_jpeg/48e59d6f94bf9e8a3acf7fef51ac3d77 0 0 0 0 0 1
train_jpeg/48f3a35fcd6c76d5d0ee2d475b3f1f51 0 0 0 0 0 0
train_jpeg/494ff71dc671dfe9fa10126064b9ce15 0 0 0 0 0 0
train_jpeg/49b7ff278bbb90999eda55aa26e494fa 0 0 0 0 0 1
train_jpeg/49bab152b559fd56abb440523f80d368 0 0 0 0 0 1
train_jpeg/49ffdc3f7a8d0fc1f91335975ac6b44f 0 0 0 0 0 0
train_jpeg/4a1659ba26c4cb81c9f964620cab3407 0 0 0 0 0 1
train_jpeg/4a5e5b9720f90005e6a1ac99b38f63da 0 0 0 0 0 1
train_jpeg/4a73cb47410ca27d2349980a1081cc2c 0 0 0 0 0 1
train_jpeg/4a83b13e3412171fed12ad3bed7b7d1c 0 0 0 0 0 1
train_jpeg/4ac18595c02ca0c74e4dcabf41245b02 0 0 0 0 0 1
train_jpeg/4ac56d1d9d015150191e49197b8ed15e 0 0 0 0 0 0
train_jpeg/4b06e7f8dd8f7af058088bd6a32d3c6c 0 0 0 0 0 1
train_jpeg/4b1cc160e3288b5dcc65654cbcd06307 0 0 0 0 0 1
train_jpeg/4ba1d94812bf9828f4bb2c37e9faca4a 0 0 0 0 0 1
train_jpeg/4bc187f73382906f3da22dd5ab8de865 0 0 0 0 0 1
train_jpeg/4be08f045fa7243f8f03dd027d420c39 0 0 0 0 0 1
train_jpeg/4c4cf43e7c8529c430c1d1295fee1784 0 0 0 1 0 0
train_jpeg/4ca74d7bb5be01b0d9779c57231bf1c1 0 0 0 0 0 1
train_jpeg/4ccc63ecf9efef91deef0f5849e3ad34 1 1 0 0 0 0
train_jpeg/4cd850f4238a13a5659b0a5805001f34 0 0 0 0 0 1
train_jpeg/4cdc062257b3f9570bef2afe986605a8 0 0 0 0 0 1
train_jpeg/4cf0aac32c2c85577aa7742d457a0285 0 0 0 0 0 1
train_jpeg/4cf987893f920af6130ebf1aacbe812d 0 0 0 0 0 1
train_jpeg/4d41ef24c7ad0bcbb810768c9f6547ba 0 0 0 0 0 1
train_jpeg/4d4ad44c8fc0e4a95366b07c27afb1b2 0 0 0 0 0 1
train_jpeg/4d7fb6d2de98b99652ab45cdf8ad81fb 0 0 0 0 0 1
train_jpeg/4d870a1c9e2f77a548e38457410ad8f9 0 0 0 0 0 1
train_jpeg/4de00727970092f702013334de506744 0 0 0 0 0 1
train_jpeg/4e05e0eb20d51d18764289ce2c240942 0 0 0 0 0 0
train_jpeg/4e07328ba97e9e4f3ed70747e62f9e42 0 0 0 0 0 1
train_jpeg/4e09020c210d7ec3622e594acd77137c 0 0 0 0 0 1
train_jpeg/4e1d33b2840f90863af3ee996c1f3087 0 0 0 0 0 1
train_jpeg/4e211dbf20063986d7589aae1ed1e521 0 0 0 0 0 1
train_jpeg/4e2c6a80ffa0d55135f39a0573f9f58a 0 0 0 0 0 1
train_jpeg/4eba4a7398dcb610dfc7bd794e52b9e4 0 0 0 0 0 0
train_jpeg/4ecc578b2d1cdeec78a6fe14346cd148 0 0 0 0 0 1
train_jpeg/4efd7c1cdcbb8f3fcd12cbc09e2ca847 0 0 0 0 0 1
train_jpeg/4f09499741de881b71bb549e9cacdd66 0 0 0 0 0 1
train_jpeg/4f211240fc303e8f73e877cef8c0d945 0 0 0 0 0 1
train_jpeg/4f3a001347620cd760469c7656a98afa 0 0 0 0 0 1
train_jpeg/4f3f0a46e8ad80ae8811dc255e5ae294 0 0 0 0 0 1
train_jpeg/4f58c1bba4416c27de765e6120ea84e1 0 0 0 0 0 0
train_jpeg/4f605c84d85f83a6eec9a804af5b5d00 0 0 0 0 0 1
train_jpeg/4f8d1f1aa863e5d35bbe68ab8b72a87c 0 0 0 0 0 1
train_jpeg/4f9883a177fe8bb9dc1ec89256bca42b 0 0 0 0 0 1
train_jpeg/4fb911e8894d65f9b77aea59a7662df7 0 0 0 0 0 1
train_jpeg/4fc49c5102e8cc394d6e7c4194c45b4c 0 0 0 0 0 1
train_jpeg/4ff0c2b84118cedc5632c881c3810b26 0 0 0 0 0 1
train_jpeg/502a3c9ce20947359a226af872d52f09 0 0 0 0 0 1
train_jpeg/5032e302ade4e419a056c3d54b29a97c 0 0 0 0 0 1
train_jpeg/503c11e610d2043d0934e616e72453e8 0 0 0 0 0 1
train_jpeg/503e5b07d6056f0c00057e2917f1abea 0 0 0 0 0 1
train_jpeg/50742e2516c5af7abede56edbd3bb6bb 0 0 0 0 0 1
train_jpeg/5076848df8fa698b517a34f6a8246d43 0 0 0 0 0 0
train_jpeg/50a418190bc3fb1ef1633bf9678929b3 0 0 0 0 0 1
train_jpeg/50d48c5870580f5e7ac6a94c15728e90 0 0 0 0 0 1
train_jpeg/50ef49ff922da321c54cff028a8ec837 0 0 0 0 0 1
train_jpeg/51010924009e64d3978e6215ac0e0178 0 0 0 0 0 1
train_jpeg/510c564c69ad435168d78c084913d3aa 0 0 0 0 0 1
train_jpeg/511a55fa01b995f09cdb64b543b2d241 0 0 0 0 0 1
train_jpeg/5163a39c2357330a40c5e06eab034fad 0 0 0 0 0 1
train_jpeg/5173630835619ecf790205be89775f7f 0 0 0 0 0 1
train_jpeg/5177f7590914eb9d8447c911b59d4beb 0 0 0 0 0 1
train_jpeg/518ae8e9f5a79f0a361127a0e6c6ba70 0 0 0 0 0 1
train_jpeg/518db09789ceaa1085d7bcd9292e066d 0 0 0 0 0 1
train_jpeg/5195e8441de8c3c3651527e293a6bbfc 0 0 0 0 0 1
train_jpeg/51a8d7259a0a6deac20b7c4979a7e847 0 0 0 0 1 0
train_jpeg/51c27664f2d2699198b9eaf3f9471d8d 0 0 0 0 0 1
train_jpeg/52350d607fd79c62393eb7f2671f7194 0 0 0 0 0 1
train_jpeg/524f09c24a034a2daae14151142ff9be 0 0 0 0 0 1
train_jpeg/528a04e45f2ca14007ffb8e276c83a0d 0 0 0 0 0 1
train_jpeg/5298eaa148b15070786b0ec4ae41a933 0 0 0 0 0 1
train_jpeg/52dd595e371586a059f0f6d247b6e35f 0 0 0 0 0 1
train_jpeg/52fda5f8cf77bdb39df6f31c104d25d4 0 0 0 0 0 1
train_jpeg/52fdc418ca620cb655fd196bb4d8c05f 0 0 0 0 0 1
train_jpeg/531b6e868f39771ca9e1865a9d9efdfc 0 0 0 0 0 1
train_jpeg/534443416c43495999d82d84f9f4ae69 0 0 0 0 0 1
train_jpeg/535bc2dc2e6af4fa80186254f4d8b0f4 0 0 0 0 0 1
train_jpeg/537aabe6c411dcb3dc263ac5e41827ba 0 0 0 0 0 1
train_jpeg/53c5f82af2582e61a0d2c47c851cc246 0 0 0 0 0 1
train_jpeg/53f24abf8ff03943c9a413462606cb39 0 0 0 0 0 1
train_jpeg/5405329646ce8e7910bf03a941da4d88 0 0 0 0 0 1
train_jpeg/540bbb00807ba358eff476bd9e5ce288 0 0 0 0 0 1
train_jpeg/5456e22a6fab981152b831952dded13c 0 0 0 0 0 1
train_jpeg/547023ac98169150d0803f796bba88e0 0 0 0 0 0 1
train_jpeg/547898060a4cd96ac296f32b957a47d0 0 0 0 0 0 1
train_jpeg/54f1231c54cc1a041eadf56fef95bbed 0 0 0 0 0 1
train_jpeg/55bb2808e74d4d4bfda40275268603a4 0 0 0 1 0 0
train_jpeg/55e5dd662042639488ebb9fbd6a02864 0 0 0 0 0 1
train_jpeg/55e8e3db7309febee415515d06418171 0 0 0 0 0 1
train_jpeg/5631b7a74c46990fc86daf723f8c4626 0 0 0 0 0 1
train_jpeg/564a53cd8024bc37490355d2f36b3642 0 0 0 0 0 1
train_jpeg/564b521e3ada8a90c4ed5e218e9eafa9 0 0 0 0 0 1
train_jpeg/565d43a064ac566944c694e07e58959f 0 0 0 0 0 1
train_jpeg/5675d53af4dba50022ac53d02afc7827 0 0 0 0 0 1
train_jpeg/570103628c5548a5ea2c4a1c1f0a051f 0 0 0 0 0 1
train_jpeg/570ff043568e88ee3792b8805e145485 0 0 0 0 0 1
train_jpeg/5751304292428d7bfa96b17a5b9d22b9 0 0 0 0 0 1
train_jpeg/5754642add678ded7e9c90724fbc655c 0 0 0 0 0 1
train_jpeg/576bf32b4e63adbbc622b07ea09a0394 0 0 0 0 0 1
train_jpeg/577807f1ee94692b516b0b184b89ab35 0 0 0 0 0 1
train_jpeg/5779eaa03b6ed1441cd09b841902a40b 0 0 0 0 0 1
train_jpeg/5780e843511eb33150ad2d151aeed276 0 0 0 0 0 1
train_jpeg/57d50fa4f8377dc74779a0a5972d49a5 0 0 0 0 0 1
train_jpeg/57f5fffa1c926e798f583597300be447 0 0 0 0 0 1
train_jpeg/5806d4429fb183d924976bfd1dfbd4d9 0 0 0 0 0 1
train_jpeg/580c89541c6628c7a03da49defd6bd50 0 0 0 0 0 1
train_jpeg/584cf5908211770ecb21b8469834236f 0 0 0 0 0 1
train_jpeg/586194531e8c9a0b1f5b4117858ec899 0 0 0 0 0 1
train_jpeg/5862f7171e019f770bd3425dff92f624 0 0 0 0 0 1
train_jpeg/586dab2fc5296b27dde17df1337bb8f1 0 0 0 0 0 1
train_jpeg/587528f7700a11f9cbeae13bc7c24bc8 0 0 0 0 0 1
train_jpeg/587d7941d6526009cb53ddc54410a9a6 0 0 0 0 0 1
train_jpeg/58989b53f38657250fbb9de06952f139 0 0 0 0 0 1
train_jpeg/589ddb8375feb065c45b1d825a7e99af 0 0 0 0 0 1
train_jpeg/58bd0c3a2860c3df77b03c432441d485 0 0 0 0 0 1
train_jpeg/58ca9e2510d61a93d9399026ba37f3b6 0 0 0 0 0 1
train_jpeg/58fd4c10629953eaa182909d57ad5098 0 0 0 0 0 1
train_jpeg/59162bd3d830dce92bc4423f8a685b83 0 0 0 0 0 1
train_jpeg/59169aaea7ce7ab2cdbf7859eaedfc36 0 0 0 0 0 1
train_jpeg/591d5da8e2fc8d1c18934e0a69cd640f 0 0 0 0 0 1
train_jpeg/592041a42457197c22109a002d4b3348 0 0 0 0 0 1
train_jpeg/5937d0be76fb99f55a94c2199845eb09 0 0 0 0 0 1
train_jpeg/593ac731961b7ea81417c497864b561a 0 0 0 0 0 1
train_jpeg/594c87b7427780ef7bc3e53d45bbda24 0 0 0 0 0 1
train_jpeg/59552a12c5613e106f17771314f64712 0 0 0 0 0 1
train_jpeg/59615049fbc2df4b0aaeb3aca6648421 0 0 0 0 0 0
train_jpeg/59d215990b0e15b66e129d47f1b34943 0 0 0 0 0 0
train_jpeg/5a64fc260f8abd7849fffb45acc39505 0 0 0 0 0 1
train_jpeg/5acd23c2d876ccd445b527b588b5fb6c 0 0 0 0 0 1
train_jpeg/5ad4917a3ac7b1056497c4006d28d21b 0 0 0 0 0 1
train_jpeg/5ae3a513bfde7fb9528b6830548aab36 0 0 0 0 0 1
train_jpeg/5b0c168a249db4242e705ede172bed4c 0 0 0 0 0 1
train_jpeg/5b78d8b5d489489343ab31222df7a14d 0 0 0 0 0 1
train_jpeg/5bbee8da980e978d65bfa78521a940a6 0 0 0 0 0 1
train_jpeg/5bc70de5093a66aa95d939870af82efc 0 0 0 0 0 1
train_jpeg/5bd0a4fb48956b4c2a8262d8be988b32 0 0 0 0 0 1
train_jpeg/5c49b9a6f698f40a9f880de5dc22ec2a 0 0 0 0 0 1
train_jpeg/5c6a7334ef6de11f55adff603734e4ea 0 0 0 0 0 1
train_jpeg/5cbf1220606242111b9d4c6754c71777 0 0 0 0 0 1
train_jpeg/5cea4d8ad4c754b48a2bb1a66cac42f4 0 0 0 0 0 1
train_jpeg/5d03f4c2d353a2ddfdc4ba932e5b1029 0 0 0 0 0 1
train_jpeg/5d212125a83c146fe00cbbbf34562cd8 0 0 0 0 0 1
train_jpeg/5d4a7daa7e70085f6e5489fff404c1e9 0 0 0 0 0 1
train_jpeg/5db2c26abb8fa21c1c501c4a591ec714 0 0 0 0 0 1
train_jpeg/5dbc58bd87b127636276cef3773b7204 0 0 0 0 0 1
train_jpeg/5dcadceca5d9be91e3a484b004989a11 0 0 0 0 0 1
train_jpeg/5dcc50d9eb1c4959a2a0dbdf2845ffc3 0 0 0 0 0 1
train_jpeg/5ddead13c81182b80ac84286d5edfd1d 0 0 0 0 0 1
train_jpeg/5deff64e4cad1fd10eb0d74c23e469d3 0 0 0 0 0 1
train_jpeg/5e161b13cf6f70e59af85dadbd6bd25a 0 0 0 0 0 1
train_jpeg/5e20e4cfb5ad865ea9b81a2b1be9f2d5 0 0 0 0 0 1
train_jpeg/5e340572fe84e07654029950c56ac877 0 0 0 0 0 1
train_jpeg/5e4f636b31f32e182807322ff4c52820 0 0 0 0 0 1
train_jpeg/5e93222175e26776307933a06ea34091 0 0 0 0 0 1
train_jpeg/5eb8e6bb211afaa619011c4f3bf75d94 0 0 0 0 0 1
train_jpeg/5eca9cfc89facf8925f0026936e3e39d 0 0 0 0 0 1
train_jpeg/5ee7d7e6df4cda91b44134754044751c 0 0 0 1 1 0
train_jpeg/5f149875df7d2b5e00fb50b67b576d71 0 0 0 0 0 1
train_jpeg/5f209961057e6ff253148bbcfd5c5391 0 0 0 0 0 1
train_jpeg/5f671dd1207e96217c572146f08dc3a2 0 0 0 0 0 1
train_jpeg/5fac617f1ce097354f1a28e8fa5036e5 0 0 0 0 1 0
train_jpeg/6037626f8f22c760de042de41d1e8020 0 0 0 0 0 1
train_jpeg/604ce8a56fd0539880b17f999ad10468 0 0 0 0 0 0
train_jpeg/6053ed3bc7eded1a2c5ff06b2b37d318 0 0 0 0 0 1
train_jpeg/607867449f9bc95be2e163509e254752 0 0 0 0 0 0
train_jpeg/60de4d1a777eb52dcbbdc3db3f8b4fec 0 0 0 0 0 1
train_jpeg/61274e0af5522ed848d8c562d3143ad2 0 0 0 0 0 1
train_jpeg/613fd7f3a8b48248d4027c90a414ff9a 0 0 0 0 1 0
train_jpeg/615e9d83e0d43d797ba1204866cb61cd 0 0 0 0 0 1
train_jpeg/6168e96628563105542f9330776e9479 0 0 0 0 0 1
train_jpeg/61833001d7788af329f8bafee65a64af 0 0 0 0 0 1
train_jpeg/61a153c76cdd06fc381288fe5ef546eb 0 0 0 0 0 1
train_jpeg/61e0b38cea96d57adb044ac496e556ff 0 0 0 0 0 1
train_jpeg/61f1b63d57ebeda7057f052360cd7810 0 0 0 0 0 1
train_jpeg/61fbcd848aeaece25f62c1fe20bf327a 0 0 0 0 0 1
train_jpeg/61fee17f99b29fc46130613d0e7ba7c2 0 0 0 0 0 1
train_jpeg/620664ee95e4f58879e35869ae08c12a 0 0 0 0 0 1
train_jpeg/622dbd45569a7808a99faed912c7c8a5 0 0 0 0 0 1
train_jpeg/622f218f5432f7b56cf58102be942094 0 0 0 0 0 1
train_jpeg/6230d822745eb0d7b5a9e8a5728d8e1d 0 0 0 0 0 1
train_jpeg/62aaaa8d5b9997ba1dbd718e2e8671dd 0 0 0 0 0 1
train_jpeg/62c14fe41339b118b7fa4a0bb569f3f9 0 0 0 0 0 1
train_jpeg/62ff447df5664ab62f41a4ec7011a62d 0 0 0 0 0 1
train_jpeg/62ff6f2b73fd5c1a71aed31b0b6d5cc1 0 0 0 0 0 1
train_jpeg/63028db2b174cb438f0eb8664350f828 0 0 0 0 0 1
train_jpeg/630a0f2f00ad7b543d2e4f55f1f90324 0 0 0 0 0 1
train_jpeg/63236a382e8f97864ea5af5d1c7a5d5a 0 0 0 0 0 0
train_jpeg/632eba3c9fcf89a1929f1d87a7128218 0 0 0 0 0 1
train_jpeg/6342af724f6e20084ae966f9bbc14207 0 0 0 0 0 1
train_jpeg/634692d5bae08695f3c842dfbabb902b 0 0 0 0 0 1
train_jpeg/6361d94fa69df5c475218c305123eaa6 0 0 0 0 0 1
train_jpeg/63d776d09e81262b4f697ef789829aea 0 0 0 0 0 1
train_jpeg/63e7baab5f49770ea94dcbbb223b6cda 0 0 0 0 0 1
train_jpeg/641583031d565c2464b10ddb3da508d6 0 0 0 0 0 1
train_jpeg/644ce5af82ecc76391728df8cd2bfb3d 0 0 0 0 0 1
train_jpeg/645f1b91f9866a5b1029ace92faca75b 0 0 0 0 0 1
train_jpeg/6462c0187cc76000952ba43631f027fd 0 0 0 0 0 1
train_jpeg/6479a0a31c42b65510d61d4749e21845 0 0 0 0 0 1
train_jpeg/6480b6c219bbe0ffd852a83765aac20f 0 0 0 0 0 1
train_jpeg/64bceb5dcc35fe0c189ef814e7ce570f 0 0 0 0 0 1
train_jpeg/64ebff0a73f5c7daf54acb8d71ff0980 0 0 0 0 0 1
train_jpeg/64f085326690cc9c79ba64fb315d2dff 0 0 0 0 0 1
train_jpeg/65385ccc8f2e309756eb6df8c1c99702 0 0 0 0 0 1
train_jpeg/654d61c8220e19e5a1ba0c771f30859f 0 0 0 0 0 1
train_jpeg/6553a74d89cbec1a62d750135048d135 0 0 0 0 0 1
train_jpeg/657c6ba19c798af84b07bb22b8141b83 0 0 0 0 0 1
train_jpeg/65933647740d9c8f86be8010ab756ac8 0 0 0 0 0 1
train_jpeg/65a15b80c547d718915643b579eaedb2 0 0 0 0 0 1
train_jpeg/65ad4fb69f36c807fce87e66a1c6533d 0 1 0 0 0 0
train_jpeg/65bd1072be873969717b15d828eac42b 0 0 0 0 0 1
train_jpeg/65ddd0d6de9415820477378428567272 0 0 0 0 0 1
train_jpeg/65e08c58565cb7c1707b3a63040837d5 0 0 0 0 0 1
train_jpeg/65e97b1e85197353e02e399d7a5e928d 0 0 0 0 0 1
train_jpeg/6605faf598579d666064f0a09cee2557 0 0 0 0 0 0
train_jpeg/660ccc5fa073c0783969979ababd7e5e 0 0 0 0 0 1
train_jpeg/66159784bcb98b06fa47abf4f9d6521f 0 0 0 0 0 1
train_jpeg/66396f621903b00a1b7e1f54c8e5e8b3 0 0 0 0 1 0
train_jpeg/6640b8464f79197f34bafd9ea74422fd 0 0 0 0 0 1
train_jpeg/6644b267058ae9b1d8b10ff905879bca 0 0 0 0 0 1
train_jpeg/6657521efe526b165a93b270b2e9b513 0 0 0 0 0 1
train_jpeg/669c11f80ffc953e2d23ec177a352153 0 0 0 0 0 1
train_jpeg/66ba6ab520764732fbbd99b759e614fa 0 0 0 0 0 1
train_jpeg/66c0b8ddf8c372df20890339a93242ba 0 0 0 0 0 1
train_jpeg/66c570971c7df4782e3dfb9e74f0dd1e 1 0 0 0 0 0
train_jpeg/66c96c719b15abc13b5c76f74b6b7ef2 0 0 0 0 0 1
train_jpeg/6781a5fd25e2688ae5f8573837f89b6a 0 0 0 0 0 1
train_jpeg/67d2aa041a3556a12994b0ba36fbdc68 0 0 0 0 0 1
train_jpeg/682651014e9e033303c15905df3769ca 0 0 0 0 0 1
train_jpeg/683ec9af11ca7fe33686ddce989d3768 0 0 0 0 0 0
train_jpeg/687420f92b5e0de29fc1b44bb1bf7df8 0 0 0 0 0 1
train_jpeg/68ab5b60e34d374002405dfe7f14b7ff 0 0 0 0 0 0
train_jpeg/68b67c41111e332309d05761748aa6bf 0 0 0 0 0 1
train_jpeg/690becc033b4b41fc20572d5f7f13359 0 0 0 0 0 1
train_jpeg/6945a8192d248b14b7ee994adc12edda 0 0 0 0 0 1
train_jpeg/694f26584e5482ee2417a9aefd2369e3 0 0 0 0 0 1
train_jpeg/697cac1199f6df788e18b11119f3319e 0 0 0 0 0 1
train_jpeg/69cac543a42fac7f93546f0b614fdaa9 0 0 0 0 0 1
train_jpeg/69f5d29210d98df18120534adb990291 0 0 0 0 0 1
train_jpeg/6a31bb9432012fe6afec634c68b623ab 0 0 0 0 0 1
train_jpeg/6a76f514b4a131896ab837c776c7d04d 0 0 0 0 0 1
train_jpeg/6a81576a220d65cbde7df55c3a3de1b6 0 0 0 0 0 1
train_jpeg/6aa85a790cdbc6a31abc6405ccc5881b 0 0 0 0 0 1
train_jpeg/6ab5c431b22ff5d86b7fda584d8251e0 0 0 0 0 0 1
train_jpeg/6ac75953da6e3587b8bf97673ee7049f 0 0 0 0 0 1
train_jpeg/6acc13406eda521dedfca734ddbe3e25 0 0 0 0 1 0
train_jpeg/6aedf1ea4a43bfd9e6ba864a74421f30 0 0 0 0 0 1
train_jpeg/6b0453e2749734e5307b8be68655af07 0 0 0 0 0 1
train_jpeg/6b1629617f13b37b41af2c15243bf277 0 0 0 0 0 1
train_jpeg/6b19900bc48f1e2e57511ea00b5f23f8 0 0 0 0 0 1
train_jpeg/6b35c5737e68581ced72f3a5a8420a94 0 0 0 0 0 1
train_jpeg/6b44b2c4a86f4e2b8ac0092fab505f22 0 0 0 0 0 1
train_jpeg/6b898bd34bdb0c60d02dff8fe0aa3069 0 0 0 0 0 1
train_jpeg/6bba06407f805ce70ae52a10fe38b1da 0 0 0 0 0 1
train_jpeg/6bdf1817e85e0de9304cb046a925d686 0 0 0 0 0 1
train_jpeg/6c07e9a9fc06aa20e54a83cded97aa7a 0 0 0 0 0 0
train_jpeg/6c3d8be75c2c2ac1ca496396fae6f61f 0 0 0 0 0 0
train_jpeg/6c570356c5cdb674231769b436f31d1f 0 0 0 0 0 1
train_jpeg/6c8d15e1aadce8cc5dc0a4b719818a4c 0 0 0 0 0 0
train_jpeg/6cbb600a8aaf873bb91b799c31c84a2b 0 0 0 0 1 0
train_jpeg/6cf076d01340d69f77857cd4708692d1 0 0 0 0 0 0
train_jpeg/6d35682ff27ed4e72d5c66128562bf42 0 0 0 0 0 1
train_jpeg/6d3cf04f64d290e3157bfed8889a1ecd 0 0 0 0 0 1
train_jpeg/6d47aabfec517967b9b34cb52a4d5064 0 0 0 0 0 1
train_jpeg/6d9710b5c7ee2aab43983ee9ea8eb193 0 0 0 0 0 1
train_jpeg/6db7247f37af756bab04104a96b2356a 0 0 0 0 0 1
train_jpeg/6dfb8cee6eb512cf449b31524584fd22 0 0 0 0 0 1
train_jpeg/6e004d77616aa8546ed689d9360e1080 0 0 0 0 0 1
train_jpeg/6e4971222f2e01b1d78b0a2e2038c769 0 0 0 0 0 1
train_jpeg/6e85fdd4db708c020784d148659c6367 0 0 0 0 0 1
train_jpeg/6ea15719175fe67480dc337f5e3ebd8a 0 0 0 0 0 1
train_jpeg/6eccc3e361a9cbaaa9a280f30d38f137 0 0 0 0 0 1
train_jpeg/6ed00537ef9858ef4cbddbf83d7931c2 0 0 0 0 0 1
train_jpeg/6eef156db7d336d14fb0e34a61718670 0 0 0 0 0 1
train_jpeg/6f2549a9061a1598f083000b1992f119 0 0 0 0 0 1
train_jpeg/6f66a61c0bc09e83a2e732fdc3390cbb 0 0 0 0 0 1
train_jpeg/6f71690bf34f0ebf5b14c1ad0ffea243 0 0 0 0 0 1
train_jpeg/6f81edf81b28c3834c758cba1a572e28 0 0 0 0 0 1
train_jpeg/6f896872011de27f3eb081a057656e69 0 0 0 0 0 1
train_jpeg/6fad06e0b322a2ee365b5c82772bec2a 0 0 0 0 0 1
train_jpeg/7021edd61c6640c497c774e6ef61e491 0 0 0 0 0 0
train_jpeg/7026ff6b8f68406b8920ccbc0cb3172f 0 0 0 0 0 1
train_jpeg/702cfedc537305e3b1791766640ed6de 0 0 0 0 0 1
train_jpeg/7037f2cc04e70b2e52c93ab38d10e19a 0 0 0 0 0 1
train_jpeg/705cd5032d85ea8054d447cb28ab79e4 0 0 0 0 0 1
train_jpeg/7079c0eb6355a5dfbd9873d6abdf0a34 0 0 0 0 0 1
train_jpeg/708f9651e9cab82bd82df3fe70b56592 0 0 0 0 0 1
train_jpeg/7094e1216b84eab268c7c719818c00e2 0 0 0 0 0 1
train_jpeg/70b916c56dbe91ca3903bd5ecd48cce6 0 0 0 0 0 1
train_jpeg/70e567ae5cbd788e91527948ced9c237 0 0 0 0 0 1
train_jpeg/7115757536c23160b8aed5f2f41c9f50 0 0 0 0 0 1
train_jpeg/711be5f702077910eb3dc7190f692e8f 0 0 0 0 0 1
train_jpeg/71c1082bc237ebf8fe85306389b3634c 0 0 0 0 0 1
train_jpeg/720e1df9d2d6a6125c6a6241495d4a20 0 0 0 0 0 1
train_jpeg/7253800842122c9e6e95878b46008f54 0 0 0 0 0 0
train_jpeg/7285334919ab31104859f93fd3bd8187 0 0 0 0 0 1
train_jpeg/7289160240bb58ab1f37c92988cfb22c 0 0 0 0 0 1
train_jpeg/72b204187cbdb56d351d1af57c9ae364 0 0 0 0 0 1
train_jpeg/72e97629bdb1cfffb805a0a260a81e71 0 0 0 0 0 1
train_jpeg/7341eae9f319b13214ef1d1e8a0f4dd1 0 0 0 0 0 1
train_jpeg/73461c12a3a579574df0723071c9d3b9 0 0 0 0 0 1
train_jpeg/7346308962a682d3671080d546e6fbdb 0 0 0 0 0 1
train_jpeg/73657926e9a287c7647b0be6314b9416 0 0 0 0 0 1
train_jpeg/7366d59e58387db1fa9d1bd9880ced13 0 0 0 0 0 1
train_jpeg/7396e60f42136c850120c6918ed0e519 0 0 0 0 0 1
train_jpeg/73a4407a2df891526e94ba4541023f49 0 0 0 0 0 1
train_jpeg/73de4dfd9d1dd268f299b08c1ec3d4a2 0 0 0 0 0 1
train_jpeg/7416addea9c936facd4be5ed79a2b8c5 0 0 0 0 0 1
train_jpeg/741a9166daa2a340054d0210a0d7879a 0 0 0 0 0 1
train_jpeg/7487afc84cf5bbc3de57737b08f6e87a 0 0 0 0 0 1
train_jpeg/7488b55daad469b5a4df154e88e69cc3 0 0 0 0 0 1
train_jpeg/74d7567d6aef1fd896f3904205d3a2fb 0 0 0 0 0 1
train_jpeg/74d78dbf6b21920aad4fda30194cae15 0 0 0 0 0 1
train_jpeg/750dfaff21f3a058d53ef2e06a291b62 0 0 0 0 0 1
train_jpeg/7520d54e60d31f2310d1eb5c77a7507a 0 0 0 0 1 0
train_jpeg/7537c2fe1ddaeb524e63bfd7776d7c85 0 0 0 0 0 1
train_jpeg/753cffb90d19bf31ccd4b49388c40ff0 0 0 0 0 0 1
train_jpeg/75deb2e5ffef549b73f591a03f346bb0 0 0 0 0 0 1
train_jpeg/75fa564a500cd6dbeca84c55c5bf4d2a 0 0 0 0 0 1
train_jpeg/76068245ca2ba3362f734ab8272340e7 0 0 0 0 0 1
train_jpeg/7680bbcc548a3cba98bec277e163523f 0 0 0 0 0 1
train_jpeg/76c39b1acee002408cc8956065ea105e 0 0 0 0 0 1
train_jpeg/76fb116b28162859a0d96dc0bdb28203 0 0 0 0 0 1
train_jpeg/770959dcc1087ec6ed7c307e6496aa65 0 0 0 0 0 1
train_jpeg/7735b55bc3300698bf53bcb48c8c7590 0 0 0 0 0 1
train_jpeg/774c1ca3798d3054ac1a413570e665c9 0 0 0 0 0 1
train_jpeg/777b4dcdb98aa08bd701e676bd269462 0 0 0 0 0 1
train_jpeg/77878b78f958b8cfbafb4da7130feaec 0 0 0 0 0 1
train_jpeg/77e3309bc816385c8c6acedb3af3403d 0 0 0 0 0 1
train_jpeg/782695d44959640000d4afedab82a63f 0 0 0 0 0 1
train_jpeg/7843d738403483be7fdb9fb677aa39c3 0 0 0 0 0 1
train_jpeg/78461c292292e5e9382c3a66be254bac 0 0 0 0 0 1
train_jpeg/78665ea4f51dca2d2cb02f2c45e95745 0 0 0 0 0 1
train_jpeg/7868a5eefc5e79174cc349f5e1e1965a 0 0 0 0 0 1
train_jpeg/78715f56ef29b98a057715eaeed60228 0 0 0 0 0 1
train_jpeg/78a0c598fc73268074b06b218b0999df 0 0 0 0 0 1
train_jpeg/78b08d931b23d887b76c295d598e5206 0 0 0 0 0 1
train_jpeg/78d29d74150c136dc30a3edaf5815d04 0 0 0 0 0 1
train_jpeg/78d5ff1cb48bc317bd20d7e3ddae34f5 0 0 0 0 0 1
train_jpeg/78f34747eb66eb091fbc011c24c1a367 0 0 0 0 0 1
train_jpeg/793ba06574de2325cdfcbe7a8c2efebf 0 0 0 0 0 1
train_jpeg/79e7c75ba7fa306f9b3445ccad034fb1 0 0 0 0 0 0
train_jpeg/7a012e9ca947bbe8b46b47cd3257fc62 0 0 0 0 0 1
train_jpeg/7a26d1202e7bb46ab2ced24e0adfb043 0 0 0 0 0 1
train_jpeg/7a285cbd9aa6dd6481abd690aa8a0776 0 0 0 0 0 1
train_jpeg/7a292f45c54655d0fa19dba160b07c4b 0 0 0 0 0 1
train_jpeg/7a5d92db0778a2ab3e887fe962f298f1 0 0 0 0 0 1
train_jpeg/7af1da4ba8580aa54a0bfce36071c8d9 0 0 0 0 0 0
train_jpeg/7b2cf1bd949076aafc9ea483aa7dae47 0 0 0 0 0 1
train_jpeg/7b3c037fcf7c3bce41eb823c8d564990 0 0 0 0 0 1
train_jpeg/7b403823ee9765c50c4f663e5126b235 0 0 0 0 0 1
train_jpeg/7b5a51c10c8a810fa04c4f24e4db2bc8 0 0 0 0 0 1
train_jpeg/7b6003f966d8b3ced34c44c6ae7fb842 0 0 0 0 0 1
train_jpeg/7bd075b14e314f26666ac9c200d2871b 0 0 0 0 0 1
train_jpeg/7bee8aa7c75305b6231950b2a22f4356 0 0 0 0 0 1
train_jpeg/7bfa5ec72b112db0a62976f026b11e9a 0 0 0 0 0 1
train_jpeg/7bfe0a0d0ef7ce9e90eb3d0946a0fcd5 0 0 0 0 0 1
train_jpeg/7caf5c1d325ee863f7bd575a2cd5b5a4 0 0 0 0 0 1
train_jpeg/7cbcd4d4d6efaa75e6c23f3b333c092a 0 0 0 0 0 1
train_jpeg/7cc7c4ece7e23f3989ceb5ae26ac4e66 0 0 0 0 0 1
train_jpeg/7cfb2e7c9cee1792c6537e00128c286f 0 0 0 0 0 1
train_jpeg/7d0090c158c1835dce5e0adc9819847b 0 0 0 0 0 1
train_jpeg/7d0686e83882bc63178fc9f13cdb12be 0 0 0 0 0 1
train_jpeg/7d4940733683a6d22629de9b8c4c0a23 0 0 0 0 0 1
train_jpeg/7d57de3c3c7f81da4daab6094e01e9e8 0 0 0 0 0 1
train_jpeg/7d697565ca94f8beb031db6ecd2b20ac 0 0 0 0 0 1
train_jpeg/7d746268923b15615c93334eff3a6baf 0 1 0 0 0 0
train_jpeg/7d8e33108acc7c4033df46b26b5633d7 0 0 0 0 0 1
train_jpeg/7d96035b3771e1c56dc1f47f37a35672 0 0 0 0 0 1
train_jpeg/7d98d74f9696dc52a9bc45f40a4d0fef 0 0 0 0 0 1
train_jpeg/7de5a65bcbdbad32dd198a88ea4a25e1 0 0 0 0 0 1
train_jpeg/7deef26247fdc651a426c666cc5262d8 0 0 0 0 0 1
train_jpeg/7e20b83bce6da017ebe4ce49535232d3 0 0 0 0 0 1
train_jpeg/7e229372fd61c3970127a8219599bec3 0 0 0 0 0 1
train_jpeg/7e27268a3207b3c92b29380778076742 0 0 0 0 0 0
train_jpeg/7e2bd6a3845b5ead3134174e22c68265 0 0 0 0 0 1
train_jpeg/7e2bff94e12195f70cc102b1f25cd331 0 0 0 0 0 1
train_jpeg/7e858184d5dd8f701ea4230f56c5a6b1 0 0 0 0 0 1
train_jpeg/7ec1177a72b786ae2be31bddee000f93 0 0 0 0 0 1
train_jpeg/7ee997beb3bd84ccf3a512457db0b7df 0 0 0 0 0 1
train_jpeg/7f1ab64a12e1ecb30b80d4f5266c07d6 0 0 0 0 0 1
train_jpeg/7f3bc37df76505eeb37bec4a0bc3b945 0 0 0 0 0 1
train_jpeg/7f599800cc62ee666b751303ca096f98 0 0 0 0 0 1
train_jpeg/7f5c4dbb6749c3f053e0b7c3bf326891 0 0 0 0 0 1
train_jpeg/7f5eab5de5307d4ae8e2a0fa99c0b41a 0 0 1 0 0 0
train_jpeg/7f71a9ac115f976a323e6a346fb99bad 0 0 0 0 0 1
train_jpeg/7f77642e1e77897f5bc2545278153c40 0 0 0 0 0 1
train_jpeg/7f9e69cf8459eff4d01cd94bddd17c95 0 0 0 0 0 1
train_jpeg/8015e5edbf16541fef78e6f8859764e4 0 0 0 0 1 0
train_jpeg/802d38d25aa72427102b3b92741b690b 0 0 0 0 0 1
train_jpeg/8038119e98919b526752c90afd76de6f 0 0 0 0 0 1
train_jpeg/803c1790b27119f7a38f2959198392cf 0 0 0 0 0 1
train_jpeg/804638e9e4b21d90bf768b24a4ac1249 0 0 0 0 0 1
train_jpeg/8056906397ecb008b90079dd52617a76 0 0 0 0 0 1
train_jpeg/806c1d836d96096533f0c5ab3b0c5a7f 0 0 0 0 0 1
train_jpeg/806c20c1d5b38e2ca7941854ec66659f 0 0 0 0 0 0
train_jpeg/8073db37a31c49306c6aad99a7b84808 0 0 0 0 0 1
train_jpeg/8081a5eb5909b4261494b9e4622d2e55 0 0 0 0 0 1
train_jpeg/808e6eee81bd214e86012cd3539e4c06 0 0 0 0 0 1
train_jpeg/80974692ba1a204134e0a5ef2b5dd43c 0 0 0 0 0 1
train_jpeg/80c4323662c296de12f4e9768fd8addf 0 0 0 0 0 1
train_jpeg/810470b77c45ea68e800052d56192d79 0 0 0 0 0 1
train_jpeg/810491951571933b11959743e41a704b 0 0 0 0 0 0
train_jpeg/81168d3c9c2d0c5f4c036c12776634d5 0 0 0 0 0 1
train_jpeg/81379203cd3cd758dc3bb8bd754067d9 0 0 0 0 0 1
train_jpeg/81545a6a71bbc9cb3d50ef6ba9ccaeaf 0 0 0 0 0 1
train_jpeg/8157a9e66791223fbb7aeac1337953c7 0 0 0 0 0 1
train_jpeg/81703345656b74f04c38727c7b817735 0 0 0 0 0 1
train_jpeg/817156a6b23080b1a200ec0b0a2f36c2 0 0 0 0 0 1
train_jpeg/82225c7d9d9d257ff166c37a90909c8e 0 0 0 0 0 1
train_jpeg/8244bfb4b2a346678d4a6f84b33070d2 0 0 0 0 0 1
train_jpeg/82b0803c018e309b370168b0ac9f2c9a 0 0 0 0 0 1
train_jpeg/82d795cc4df910cd90ac23ddfb36a7a7 0 0 0 0 0 1
train_jpeg/82f987e8c28fe9a0d65491604e0d2a21 0 0 0 0 0 1
train_jpeg/82feaf36d8a87bacaf3b8ed43c6a5acd 0 0 0 0 0 1
train_jpeg/83199f1f78d9dbe5d682082ec9a46897 0 0 0 0 0 1
train_jpeg/83472cba6b43e8393541d38f80ca3970 0 0 0 0 0 1
train_jpeg/834f395ef75cdefe26c9d2cb3cf809b4 0 0 0 0 1 0
train_jpeg/837fe1f76696ae0a60ffccdbd44df9b0 0 0 0 0 0 1
train_jpeg/8387908e191592ccf24bf9ef2c66c01e 0 0 0 0 0 1
train_jpeg/83996faf3ec99260348ba87a0afc9186 0 0 0 0 0 1
train_jpeg/839b2311ffad9bdd9aa98c74aad6e251 0 0 0 0 0 1
train_jpeg/83b5a0edd3e244010d8dfcbb4c20d3b8 0 0 0 0 0 1
train_jpeg/83dd247bd08d6eb65a536e43796c69b0 0 0 0 0 0 1
train_jpeg/8404aad413fbd10d223b7f267ac84e00 0 0 0 0 0 1
train_jpeg/841cbb276cf5ac68e377d30d17706501 0 0 0 0 0 1
train_jpeg/842382f14b9eeb1dcdd862e5372dad0d 0 0 0 0 0 1
train_jpeg/8437c29f54471f3a4a4bcbcd3c66b6aa 0 0 0 0 0 1
train_jpeg/845a3c7468557044569c6e9965fb3cc2 0 0 0 0 0 1
train_jpeg/84ccfc2b291a2986d20f22861de7f699 0 0 0 0 0 0
train_jpeg/84e0c37241fccde665cb4717168445cd 0 0 0 0 0 1
train_jpeg/84e40e31ede36c012e3784591369d622 0 0 0 0 0 1
train_jpeg/84edb910948a3bf76a5dc6d133140c7f 0 0 0 0 0 1
train_jpeg/84ff96ac0729a419a44000cbbd2891dd 0 0 0 0 0 1
train_jpeg/85041ac1ad6809cdf9d2900226fe5194 0 0 0 0 0 1
train_jpeg/859ff9f6ec5b2d6adad18f2cae3a8f33 0 0 0 0 0 1
train_jpeg/85bf2bce1d8ac45002dee50ffa3e014a 0 0 0 0 0 1
train_jpeg/85d1b400cd6c4f2fcdb62e6d882a66aa 0 0 0 0 0 1
train_jpeg/86078eb65ce76fac6692e0f16e9ccf40 0 0 0 0 0 1
train_jpeg/86514a1b883671eb26ed3678606979bf 0 0 0 0 0 1
train_jpeg/86930a4f8b68b79ffb9659d67fcd3249 0 0 0 0 0 1
train_jpeg/86bd0cea376e57b1d04ec36ee55f0bed 0 0 0 0 0 1
train_jpeg/86bee6a64c8148fe1e08012b9f8ebbce 0 0 0 0 0 1
train_jpeg/86d28573de77dd3966c78b2b471117d1 0 0 0 0 0 1
train_jpeg/86e82c39c30d3440b34fa370c3b60959 0 0 0 0 0 1
train_jpeg/86f1a3f542e3cb98186b18322ed18b61 0 0 0 0 0 1
train_jpeg/873efd8425f855fb012c27db58c9a76a 0 0 0 0 0 1
train_jpeg/876a34c6831cb08fdc61e09be7b41a0d 0 0 0 0 0 1
train_jpeg/8788745c121bcbce59873c943afa0ebd 0 0 1 0 0 0
train_jpeg/87b100f01516cfb6df61ef263ac818d1 0 0 0 0 0 1
train_jpeg/87f7997c901c0026e338e6f6d79b385f 0 1 0 0 1 0
train_jpeg/8801bd9d1f5e318eb79124c7b2438ac5 0 0 0 0 0 1
train_jpeg/886c42267bc0f994ef7185daa2ffeaa4 0 0 0 0 0 1
train_jpeg/887192b8e51bd077f02cf51c57f59584 0 0 0 0 0 1
train_jpeg/887b40329f30f5c0176620667da223a3 0 0 0 0 0 1
train_jpeg/88974ca0acec2690c1e0377c4523662e 0 0 0 0 1 0
train_jpeg/88d9194c48b5943eb9349491a3c31830 0 0 0 0 0 1
train_jpeg/88de7c70919681b1131860313fbb1208 0 0 0 0 0 1
train_jpeg/88e65ae7a565c8e0545b7a4b9604a7b7 0 0 0 0 0 1
train_jpeg/89297f7803c6d2d9620f3dfe14a2a358 0 0 0 0 0 1
train_jpeg/89431ff737f91d37f64794633903a0f4 0 0 0 0 0 1
train_jpeg/894bb7bbd83af84c0a80c31ce1e6abbf 0 0 0 0 0 1
train_jpeg/89bffe4da1d64bc75b055b9449169414 0 0 0 0 0 1
train_jpeg/89f9fc62f4e0a0d79ecd90ad9c2d1f71 0 0 0 0 0 1
train_jpeg/89fbe02e0d7f8fc97ae98614a012301b 0 0 0 0 0 1
train_jpeg/8a654a0fc53909fa09b27597e3c1d069 0 0 0 0 0 1
train_jpeg/8a827163d95e11972ab905860d363a2d 0 0 0 0 0 1
train_jpeg/8a8dfb35de1667ab00b27caf1d4b61df 0 0 0 0 0 1
train_jpeg/8a9339280f46474c9d9f0513ddc48d95 0 0 0 0 0 1
train_jpeg/8ac55d4f1d3aa527e80e153cae2c357b 0 0 0 0 0 1
train_jpeg/8ac80452eb6c8f9f14d653c869ee63d0 0 0 0 0 0 1
train_jpeg/8ad18ca40f891a56b44541828ea436ab 0 0 0 0 0 1
train_jpeg/8af84125f707b873c506f65de72e02e4 1 0 0 0 0 0
train_jpeg/8b064a6141622b0843758de6778784ac 0 0 0 0 0 1
train_jpeg/8b9249d6f418fdaf8879c0ec888d5950 0 0 0 0 0 1
train_jpeg/8bac2b75c86fcfd46a1dc55032449ffc 0 0 0 0 0 1
train_jpeg/8bcd602b07d94382261af4af2e807988 0 0 0 0 0 1
train_jpeg/8bd12223f6668343caadd2fcb79b8d56 0 0 0 0 0 1
train_jpeg/8c236e145b88af99532fae385e19dbf8 0 0 0 0 0 1
train_jpeg/8c2561a4658d953382b571a399170cf7 0 0 0 0 0 1
train_jpeg/8c2904da3c81a948576addbd1b3fb1c2 0 0 0 0 0 1
train_jpeg/8c372c0f1adb6fb0b1a8d85ffe94fe3e 0 0 0 0 0 1
train_jpeg/8c855300b3d2796a86ad35851c1dea5b 0 0 0 0 0 1
train_jpeg/8cb084ad48ad4a21e15bdb8f4567ed8f 0 0 0 0 1 0
train_jpeg/8cbbc48f4f7d217892a6caff8152dc6d 0 0 0 0 0 1
train_jpeg/8cec1f0e31fddd81f3d7220b9d8a508c 0 0 0 0 0 1
train_jpeg/8d59927fb47ba7b48e0b9b6e241a3c2b 0 0 0 0 0 1
train_jpeg/8d844f87b23e479ce9412c7b0be9ed00 0 0 0 0 0 1
train_jpeg/8da02e5768e9450fe08639c0e0d39015 0 0 0 0 0 1
train_jpeg/8ddbe682c5955f5e3081dc92e0b46a82 0 0 0 0 0 1
train_jpeg/8e676bd1a69ae3586ba6363533d76a14 0 0 0 0 0 1
train_jpeg/8eb38af086e64cd14c07e7b4007975e0 0 0 0 0 0 1
train_jpeg/8ee81fa4b7356d4dfe8069e8f5a8d785 0 0 0 0 0 1
train_jpeg/8f1f185de203af24c84881161f025820 0 0 0 0 0 1
train_jpeg/8f40d62627008ef57660d6e99cbf159f 0 0 0 0 0 1
train_jpeg/8f90045aebf8ed0960242cf8441c7413 0 0 0 0 0 1
train_jpeg/8fb466f9540457e9a568971e8d491fef 0 0 0 0 0 1
train_jpeg/8fd97ddca2c487df56953cff53d7c61a 0 0 0 0 0 1
train_jpeg/8fe7b044791ba0247153af255b0cccc9 0 0 0 0 0 1
train_jpeg/8fee4f9f9c8e1b85708e42ac0f990d81 0 0 0 0 0 1
train_jpeg/901d3c3375a1938dc760bb36e9408d5a 0 0 0 0 0 1
train_jpeg/9043e39c8e52843751e7cc9edc2c02e6 0 0 0 0 0 0
train_jpeg/904ef1ed19b812d07c74532ce1ea80d9 0 0 0 0 0 1
train_jpeg/9092294b64f0c5094798dde81e2b123b 0 0 0 0 0 1
train_jpeg/909ab0321cdc507243c58b1f95ef55bf 0 0 0 0 0 1
train_jpeg/90dcff38c040287173fa24f87da5270b 0 0 0 0 0 1
train_jpeg/910e6bb0acb1c0b9156b4b7ae0dc752c 0 0 0 0 0 1
train_jpeg/9120a0510a95b14a2554cb6cd5319f00 0 0 0 0 1 0
train_jpeg/919c32ee598c0e9c12188964768b5bed 0 0 0 0 0 1
train_jpeg/91aa108182ceacfb0798d606eb77d417 0 0 0 0 0 1
train_jpeg/91bd34988db056a443f2652abd2c9f81 0 0 0 0 0 1
train_jpeg/91c9a4a1c2b1c36ddf2840c3dc6a755e 0 0 0 0 0 1
train_jpeg/921d5ed749decfda94dbea42ce7b5e52 0 0 0 0 0 1
train_jpeg/9221948427ee60025f687b4c3bfddba9 0 0 0 0 0 1
train_jpeg/925410d022fd2a7cc1843906996d81bd 0 0 0 0 0 1
train_jpeg/926b0c14cb64d3fc864bb64c0ba370a1 0 0 0 0 0 1
train_jpeg/92961d9fa6d18f13f788f8ebfea45d63 0 0 0 0 0 1
train_jpeg/92dd1dbfcae9c897709b2a3b83af54e1 0 0 0 0 0 1
train_jpeg/9304e69006023a7d77c1bcc451bcc3c4 0 0 0 0 0 1
train_jpeg/9328b56387cf655ac0784c5043b51f84 0 0 0 0 0 1
train_jpeg/9339e0b214259e1b52b1e8310fc0b35e 0 0 0 0 0 1
train_jpeg/938cba62e00067864efaadbec85738e8 0 0 0 0 0 1
train_jpeg/93da74ab74e53d90f7cd3a79c5b2d78d 0 0 0 0 0 1
train_jpeg/93e7c09709c24316def5cef029b6d3f4 0 0 0 0 0 1
train_jpeg/941d1ee7d318fa608672de17ec01c021 0 0 0 0 0 1
train_jpeg/942a430702bd6111fd162c35c6ebbc8c 0 0 0 0 0 1
train_jpeg/9461f0417adb7494c8655031cb73febd 0 0 0 0 0 1
train_jpeg/947ace0066ac4f63b8274c33e030f688 0 0 0 0 0 1
train_jpeg/94e6070d9566edf22f3ac36236604577 0 0 0 0 0 1
train_jpeg/94f5266733fddfd19a323974176bf30b 0 0 0 0 0 1
train_jpeg/955c561b6301bc98d02990faa70a5ec6 0 0 0 0 0 0
train_jpeg/9561bf8f8c47cf0af8bec8f6a268e15b 0 0 0 0 0 1
train_jpeg/957b1bebd907d1dd66dacd3f777d8f38 0 0 0 0 0 1
train_jpeg/962e281ef8be5abc5ba89e8479ebe2a1 0 0 0 0 0 1
train_jpeg/9637e54d9a4162ab8c4370d45eb3a069 0 0 0 0 0 1
train_jpeg/9658074bb66e4e68d6fab1fd949fa62b 0 0 0 0 0 1
train_jpeg/96836e392ecca0df10f8aeac33db3c68 0 0 0 0 0 0
train_jpeg/96a3c7c5a3eb1989cf0723307937d28b 0 0 0 0 0 1
train_jpeg/9709f93498e2b1d53bab7f4bb558d154 0 0 0 0 0 1
train_jpeg/9713e99a411c458e17f7f8ad8924c181 0 0 0 0 0 1
train_jpeg/9716055fe6a9b4c87aec4643f18a58c9 0 0 0 0 0 1
train_jpeg/972f8298395b49ef09c8faf6a04e22b0 0 0 0 0 0 0
train_jpeg/974098983e6881cd7026424c5fd2b416 0 0 0 0 0 1
train_jpeg/9752c0435c8e462a37fcaedc2a9e3786 0 0 0 0 0 1
train_jpeg/976db13989f93d1e6d866ed798ef839b 0 0 0 0 0 1
train_jpeg/977ffac5480e144c480bdad2412d3d58 0 0 0 0 0 1
train_jpeg/97f2532b23e896cc3fa4881b574616cd 0 0 0 0 0 1
train_jpeg/97fd30dd8242d9f8047fbbbe18e1335a 0 0 0 0 0 1
train_jpeg/9833a8301a8aa0832ef6ed89a728d77f 0 0 0 0 0 1
train_jpeg/9843055e2c23d2b8d620979a24d6ac2d 0 0 0 0 0 1
train_jpeg/984ac58f23a149ab7a6216c3289273a9 0 0 0 0 0 1
train_jpeg/9852b93d2e984a4c427f7d14be534717 0 0 0 0 0 0
train_jpeg/985be77c13eb905ee8e19a45e46ab785 1 0 0 0 1 0
train_jpeg/988a477355123d676ed1ac052558fb98 0 0 0 0 0 1
train_jpeg/98d438ae085cd4fcf430fa9bdce295f6 0 0 0 0 0 1
train_jpeg/98e8ae2999c629ea39fd218fc7997d76 0 0 0 0 0 1
train_jpeg/98ec15bd4fec7d0222bdaea2bfaf6211 0 0 0 0 0 1
train_jpeg/992561679b202071ee87cc2d7f50799c 0 0 0 0 0 1
train_jpeg/9957e7e58690f10dcdb02b0048a3a1df 0 0 0 0 0 1
train_jpeg/99e893102cae18f29f3a19e6bf335150 0 0 0 0 0 1
train_jpeg/9a55eaf833d51c807f321c46b8cde73e 0 0 0 0 0 1
train_jpeg/9a896e0b230f590251ce2b5149cf241a 0 0 0 0 0 1
train_jpeg/9ac0c9b5c28f252ec7ee7323b7ecf704 0 0 0 0 0 1
train_jpeg/9ac29df6a5cc619b147221fb53181d5f 0 0 0 0 0 1
train_jpeg/9af65ea325823abe3267759d885d28a2 0 0 0 0 0 1
train_jpeg/9b1d076abcb937c2e19f7c2e10dbcbc0 0 0 0 1 1 0
train_jpeg/9b76541901a2f921699aa6ce8741c31f 0 0 0 0 0 1
train_jpeg/9b977611e75084a16e5edbcfb4a07efd 0 0 0 0 0 1
train_jpeg/9b9fafab95a68b7dd80a22f337245a93 0 0 0 0 0 0
train_jpeg/9ba0cb91053c58194976504994cd1a6c 0 0 0 0 0 1
train_jpeg/9bd05fa83f79de378ecfe3ca14e64bbb 0 0 0 0 0 1
train_jpeg/9c314e403d3e6e3ed09e79a57019f9ad 0 0 0 0 0 0
train_jpeg/9c4b71578ae67f7b802c8e5fb6d768fa 0 0 0 0 0 1
train_jpeg/9c99d72caeb30147e6b641b11fd65fc5 0 0 0 0 0 1
train_jpeg/9c9f556eea533f066368e0f4a452bee7 0 0 0 0 0 0
train_jpeg/9ca34f0aba12135845cac8922ffae83d 0 0 0 0 0 1
train_jpeg/9ca6f4d20348cea6a7efa90deeff2639 0 0 0 0 0 0
train_jpeg/9cba24255e172b86d0ad17c06c1d4e8c 0 0 0 0 0 1
train_jpeg/9cced2a2bc4300696621c357650b8d3f 0 0 0 0 0 1
train_jpeg/9ceb798e9c24ff82e3aa0d6160d4f5ca 0 0 0 0 0 1
train_jpeg/9d06afcc249491a4b681dac8d70dbb8d 0 0 0 0 0 1
train_jpeg/9d41d30b9d8cee9a95a63cd6e696a1e4 0 0 0 0 0 1
train_jpeg/9d7f277cf6c9b5f16c3b7d1c140b9eec 0 0 0 0 0 1
train_jpeg/9ddc082081a79f748fc6e16fcf52e1ac 0 0 0 0 0 1
train_jpeg/9df823bdb8130ffcea2bee7544a0db94 0 0 0 0 1 0
train_jpeg/9dfb9f7cb365c2c8693d55d3a0682bd6 0 0 0 0 0 1
train_jpeg/9e104788d948797f70790dce9067c277 0 0 0 0 1 0
train_jpeg/9ef2c06481a9e65d71e6743d04217462 1 0 1 0 0 0
train_jpeg/9f006d9ef6436bb178b81edfbcc43679 0 0 0 0 0 1
train_jpeg/9f3df4393958e462699462c22c36f26d 0 0 0 0 0 1
train_jpeg/9f6c174187a3de0ee7d49ea70f94c8a6 0 0 0 0 0 1
train_jpeg/9f79612cb768f8fa50a6cb22e4e38a2a 0 0 0 0 0 0
train_jpeg/9f89a5b66a98b03666db2c9d36a7dc0e 0 0 0 0 0 1
train_jpeg/9fc4787b6fd613c83428107b0e910956 0 0 0 0 0 1
train_jpeg/9fcac0e95f66d088f699258ebec37c9e 0 0 0 0 0 1
train_jpeg/9fd7f8bc66d606ffee290028c4d5d1f3 0 0 0 1 0 0
train_jpeg/9ff1d39a6f4f3abc206c02d564e52dc9 0 0 0 0 0 1
train_jpeg/a02830aacfb701b45b1fd93e81e3c9e6 0 0 0 0 0 1
train_jpeg/a1097b02707668caffff26bfb3ce4898 0 0 0 0 0 1
train_jpeg/a10cb1cf1e7fb4c18ce291bde0edd97a 0 0 0 0 0 1
train_jpeg/a1134e92282815efb505a93105083393 1 0 0 1 0 0
train_jpeg/a126b862106115c95d0c28029d08e8cc 0 0 0 0 0 1
train_jpeg/a12c284f80ffbfa559fc73a17851f7e3 0 0 0 0 0 1
train_jpeg/a152a5614c24d7f009cc6a3f5e1762aa 0 0 0 0 0 1
train_jpeg/a1554d4363bfee858ee0240b0efbb5a5 0 0 0 0 0 1
train_jpeg/a156c27ebe5e522db40d6179ede721b0 0 0 0 0 0 1
train_jpeg/a19a21ec280299bbff94db032c7bbf05 0 0 0 0 0 1
train_jpeg/a19ac61eb2f9cbe33b5e1332f17fd3c8 0 0 0 0 0 1
train_jpeg/a19d17172cbbd5db342510e0308d9bff 0 0 0 0 0 1
train_jpeg/a19f61e07dea95985126f5b8d030145c 0 0 0 0 0 1
train_jpeg/a1cb9002ef9ae5b8b54a37d93bc6c91d 0 0 0 0 0 1
train_jpeg/a1d364ae6d436a86d729725bae53c0a1 0 0 0 0 0 1
train_jpeg/a1df46be5ace1fcd65a304d44f83a1a6 0 0 0 0 0 0
train_jpeg/a1f72cfbf9e002155ac67a553b0023d0 0 0 0 0 0 1
train_jpeg/a2415b9e3ea7fa21a20c30ba1cb2565b 0 0 0 0 0 1
train_jpeg/a27fc2bf0a8b0129dd62c2cf59b712ee 0 0 0 0 0 1
train_jpeg/a29792eee5ee65480c4537ce1fcfee24 0 0 0 0 0 1
train_jpeg/a2b03b53908e7272c79bcc11ca08a7c6 0 0 0 0 0 1
train_jpeg/a2cb60ca2bd1d275ae10c1e416452278 0 0 0 0 0 1
train_jpeg/a305cc27ac9afe19b9873329b373fcf0 0 0 0 0 0 1
train_jpeg/a31b1d98d512c9d593a6718e996eb0c6 0 0 0 0 0 1
train_jpeg/a34030ca164b1392e6e40f6787d8333f 0 0 0 0 0 1
train_jpeg/a3ab9e6b821041434b9a0955bd3f191d 0 0 0 0 0 1
train_jpeg/a3ca60861641146c038d959a92fe3c70 0 0 0 0 0 1
train_jpeg/a3cdec3bcaee8dcd461e83d2ecbc95b1 0 0 0 0 0 1
train_jpeg/a4b5b5a24eb519e88751619d6977d832 0 0 0 0 0 1
train_jpeg/a4eb3a3daac654b501ab4dffb3d371dd 0 0 0 0 0 1
train_jpeg/a4f53850cb70bbfa9f3ea93f0117a9c1 0 0 0 0 0 1
train_jpeg/a55fc773adf926e2a04122ef68ed50cb 0 0 0 0 0 1
train_jpeg/a599411ffb1b927f48f15339cf9c26dd 0 0 0 0 0 1
train_jpeg/a5d875df96f736674868b8b015d6d61b 0 0 0 0 0 1
train_jpeg/a655a71a3cddecea703e954e8e23cccc 0 0 0 0 0 1
train_jpeg/a674ebdac474ce9c92552027e51d1d9b 0 0 0 0 0 1
train_jpeg/a6842924ead8dcf7ed990f600c0db137 0 0 0 0 0 1
train_jpeg/a6b0aa30513d283981609465d2b9fd9a 0 0 0 0 0 1
train_jpeg/a71215df1b1029e81d3f9b856caff97b 0 0 0 0 0 1
train_jpeg/a737f9059963d3ce2f16b45287c39699 0 0 0 0 0 1
train_jpeg/a7636b14b718140d3e75a0e679fe496f 0 0 0 0 0 1
train_jpeg/a7b7907cb8643cf431677e6163943ab4 0 0 0 0 0 1
train_jpeg/a7baab79a065319669ecaf61adf1062e 0 0 0 0 0 1
train_jpeg/a7f9c65263578dbf6a92a2157b8627c9 0 0 0 0 0 1
train_jpeg/a849dd2c7a1826b6404e0018d6a5ca8e 0 0 0 0 0 1
train_jpeg/a864e81478b23fb5f7d7ae142b7dcc79 0 0 0 0 0 1
train_jpeg/a88295796bf6bc9cec53f76527a08cc4 0 0 0 0 0 1
train_jpeg/a88602ac2574484933194329e86b8ca0 0 0 0 0 0 1
train_jpeg/a8b3c06853e734708957190140f9eb35 0 0 0 0 0 1
train_jpeg/a8ba2a6b2b96a7d3b48fe7ec77c1cc26 0 0 0 0 0 1
train_jpeg/a8c329405274952ae44517f9a2fcf134 0 0 0 0 0 1
train_jpeg/a909809572f3fe8997c50d5eb30e8d97 0 0 0 0 0 1
train_jpeg/a94792de8a074578dbe86ef7f703d82b 0 0 0 0 0 1
train_jpeg/a98f2b52fcc332bfecc15a97d2f6db35 0 0 0 0 0 1
train_jpeg/a99cfb1b3656aebf65574bb50653273f 0 0 0 0 0 1
train_jpeg/a9c188aa03fc02cebe679eb440b8eca9 0 0 0 0 0 1
train_jpeg/a9cb470818b2e038b74d811f3b9e4bee 0 0 0 0 0 1
train_jpeg/a9ed4b5aaf129325369ebae1cfd5e321 0 0 0 0 0 0
train_jpeg/aa0202259a3cba71d0e72468e2d9c3e2 0 0 0 0 0 1
train_jpeg/aa1758ce7d9f3cb0bbba72d163ffc69a 0 0 0 0 0 1
train_jpeg/aa20e108316a361edbb9e78ad50f2a8e 0 0 0 0 0 1
train_jpeg/aa3cac6153b96e3cdbf504543ee2f260 0 0 0 0 0 1
train_jpeg/aa95074ff365c4d60210bed08e92fc23 0 0 0 0 0 1
train_jpeg/aa974c2b6ea5fcf05bab269a9c9d4437 0 0 0 0 0 0
train_jpeg/aacd0a8ec30a8e0a2feccbdb165dc8c9 0 0 0 0 0 1
train_jpeg/ab10e7987e56dbf6f83b6e1076bc54de 0 0 0 0 0 1
train_jpeg/ab3bb85af032f68c098006f698e0726a 0 0 0 0 0 1
train_jpeg/ab6bf055e889a10969270fb9a0c4a3b2 0 0 0 0 0 1
train_jpeg/ab78d7c571c5bf0d8d9c1ea6866a4547 0 0 0 0 0 1
train_jpeg/ab99fbfc6bf9833e2a064e8b479af0b3 0 0 0 0 0 1
train_jpeg/abb91ea11323c89870f302a4b31ddb73 0 0 0 0 0 1
train_jpeg/abc052d0674088cf5ed36044f394ee93 0 0 0 0 0 1
train_jpeg/abc4b79db99cd7f87b59ae2ad55c169f 0 0 0 0 0 1
train_jpeg/abce6fd97fac874bc492b451ad029434 0 0 0 0 0 1
train_jpeg/ac30ed2b98e5549a216a3b45aa0c86b2 0 0 0 0 0 1
train_jpeg/ac3e0af6a22d73ed96f05d43037a1e7a 0 1 0 0 0 0
train_jpeg/ac3ee36ca1334f477f6ac48ec8f3c5d8 0 0 0 0 0 1
train_jpeg/ac712d8f66878f5c7b836c0f481237a9 0 0 0 0 0 1
train_jpeg/aca6c386b330437c2dcc29551f7d25d8 0 0 0 0 0 1
train_jpeg/acc7065e73590820d1fa944488092d59 0 0 0 0 0 0
train_jpeg/accf807dedb51bfa05094333dd0b4ae6 0 0 0 0 0 1
train_jpeg/acf43f7566b4f7b9fa28c839a48f9d61 0 0 0 0 0 1
train_jpeg/ad0ca7c65ff59150b9317bac429a1f4e 0 0 0 0 0 1
train_jpeg/ad0fae23cb517dbc4c7c1038996b08f2 0 0 0 0 0 1
train_jpeg/ad15f44fa6a2c4e84ec0db08e47d1482 0 0 0 0 0 1
train_jpeg/ad2419105cc4860128812a0718a61aff 0 0 0 0 0 1
train_jpeg/ad341cafc2e5eb8ea6719618feb5ff73 0 0 0 0 0 1
train_jpeg/ad38cbf4a2b1e6fcbbb9d78fb513788c 0 0 0 0 0 1
train_jpeg/ad66bf1e8e79d388e8a49d600b6cc34b 0 0 0 0 0 1
train_jpeg/adac80611898114bb1cd5cb47d80ffb4 0 0 0 0 0 1
train_jpeg/adf8a1d8d07bd776d7ec5b21574326b9 0 0 0 0 0 1
train_jpeg/adfeecc2c9520591fa8e12688bcebda9 0 0 0 0 0 1
train_jpeg/ae06093b55cebe0e6f94bf7cf444b409 0 0 0 0 0 1
train_jpeg/ae27391445a96f7c1cab7e2269ff962a 0 0 0 0 0 1
train_jpeg/ae67349fc92ab21e9c5b257abc3eb789 0 0 0 0 0 1
train_jpeg/ae7b53264e15eb70be99f742a591e705 0 0 0 0 0 1
train_jpeg/af070ec995bc4fd4ebe6c4af7ebab4ff 0 0 0 0 0 1
train_jpeg/af0a9d5e0dc17c596986a775eb98cefa 0 0 0 0 0 1
train_jpeg/af201da8a5f8354c4c3291995d5cbafd 0 0 0 0 1 0
train_jpeg/afbe62f1c080ac0f2f56f7420c4760eb 0 0 0 0 0 1
train_jpeg/afc6fb73eec576696b80c9deec2d3463 0 0 0 0 0 1
train_jpeg/aff9b5fa191d69543827088db17e6aa8 0 0 0 0 0 1
train_jpeg/b032f38205cd517f3916a4bf6eda26da 0 0 0 0 0 1
train_jpeg/b072ef5a1a3ad1d8fc0a22eab743a980 0 0 0 0 0 1
train_jpeg/b08e7e6fddc01f31892e0b6ab73fd847 0 0 0 0 0 1
train_jpeg/b0925f43cd004b3f7341493530134340 0 0 0 0 0 1
train_jpeg/b14e41bf98655037ab84678990a51851 0 0 0 0 0 1
train_jpeg/b15b9b1b0af05f9ebdf361407582a541 0 0 0 0 0 1
train_jpeg/b1615f167b9d06c47358128916361fc0 0 0 0 0 0 1
train_jpeg/b16924478a215a2e4e400d1d1a46eed8 0 0 0 0 0 1
train_jpeg/b171f32d3ccd246ef009595b9fe9e205 0 0 0 0 0 1
train_jpeg/b1767887bb3044b1d146ab8edfe59454 0 0 0 0 0 1
train_jpeg/b1b4a439046211eafd12a78ec2b93e69 0 0 0 0 0 1
train_jpeg/b1bcc1f4782073f44d051c7a7a6c22e1 0 0 0 0 0 1
train_jpeg/b27058c3d90db534e2f48ee7093d007a 0 0 0 0 0 1
train_jpeg/b2f4f8240bd95be245cd8bcc7d418ae1 0 0 0 0 0 1
train_jpeg/b33a4f3c2dfffd395d40bfefacf9cd3f 0 0 0 0 0 1
train_jpeg/b34b31b0663b718ff3e1d67e6c4135e3 0 0 0 0 0 1
train_jpeg/b3632f480862bd078d918d0a8c1ca6f5 0 0 0 0 0 1
train_jpeg/b37e0529a9b19765e71bde23d82cb3a7 0 0 0 0 0 1
train_jpeg/b37f802a65284d671670bc0d8229ef4b 0 0 0 0 0 1
train_jpeg/b39a81ada6933fe899d769127e444f26 0 0 0 0 0 1
train_jpeg/b3ab21518c2389a636a13b87cf7141fb 0 0 0 0 0 1
train_jpeg/b3cd7935e258b4c609fcd0ee48b5d2ea 0 0 0 0 0 1
train_jpeg/b40a3de050cbe84f212702e3e59eca74 0 0 0 0 0 1
train_jpeg/b416e8ae9a9c25356fdc122b662cd9bc 0 0 0 0 0 1
train_jpeg/b449953750213bffd341b4ddede8a12a 0 0 0 0 0 1
train_jpeg/b4857bdfdc10e2c02e2efcb08d0a1fef 0 0 0 0 0 1
train_jpeg/b49ac548758f192cb3a0f0f69a2d7716 0 0 0 0 0 1
train_jpeg/b4a3b4549f36a6e9c3a7a216b1a00279 0 0 0 0 0 1
train_jpeg/b4c6c7de5006623fe96bdb8cabe27021 0 0 0 0 0 1
train_jpeg/b4e4722b8777d8582d4e7d4eba1b8b14 0 0 0 0 0 1
train_jpeg/b4e8d947847f7026e046ccc3ea68fb6d 0 0 0 0 0 1
train_jpeg/b4eb5760719ce078b1c65c3592b43fd0 0 0 0 0 0 1
train_jpeg/b4fc5e0bb44a19fcb308e73639746915 0 0 0 0 1 0
train_jpeg/b502b41aafb37e54ddb1ffa035c190a2 0 0 0 0 0 1
train_jpeg/b508112a2b015ec159ce926661b6b23a 0 0 0 0 0 1
train_jpeg/b5299877c1ca30c0d4f8d4011388ea11 0 0 0 0 0 1
train_jpeg/b53acd38edbe65510c310fd0738cbc5e 0 0 0 0 0 1
train_jpeg/b53ca484c9b4fed241c124999273476d 0 0 0 0 0 1
train_jpeg/b54b56b472db108351ef8c82ee619806 0 0 0 0 0 1
train_jpeg/b59cec71b2f090368b6582070814e791 0 0 0 0 0 1
train_jpeg/b5d59457d94e1a945df32a7b4f977b4f 0 0 0 0 0 1
train_jpeg/b6d76cce331d0552a4bb3e4562dad8bb 0 0 0 0 0 1
train_jpeg/b6e62116c75557a63d2a8a48348ae906 0 0 0 0 0 1
train_jpeg/b70e768f4383a21290d3e841ca47b2a9 0 0 0 0 0 1
train_jpeg/b72be501cb92ff93316deaa0acdc596d 0 0 0 0 0 1
train_jpeg/b73e16e580992f545e375c2d3d6f7387 0 0 0 0 0 0
train_jpeg/b74fe430c7b76da4d34d36227bfdbb45 0 0 0 0 0 1
train_jpeg/b761364a3456ec52369c368eb5eebfbb 0 0 0 0 0 1
train_jpeg/b761841b1bffc40e56e97a869f994f69 0 0 0 0 0 0
train_jpeg/b7c7d2be58a4403ee78094c31bdfc616 0 0 0 0 0 1
train_jpeg/b7d001b6aa0043b31684a9c0d65e212b 0 0 0 0 0 1
train_jpeg/b8144dc71cd140626c0fea33641ed5c5 0 0 0 0 0 1
train_jpeg/b81df56c7e6fe56fee56bf9468f07a95 0 0 0 0 0 1
train_jpeg/b829a8ee3f5ba1d16bc28c47b3d70a34 0 0 0 0 0 1
train_jpeg/b84c0f9809494765a2cb12c63e21c8d1 0 0 0 0 0 1
train_jpeg/b865cc5e4be9505bcda5d3388777fb99 0 0 0 0 0 1
train_jpeg/b8ae2fc00a897e2a14463edc80d0db0d 0 0 0 0 0 1
train_jpeg/b8bc94a5d65b378fb3ce3c246549e152 0 0 0 0 0 1
train_jpeg/b8d56d0b4e05be0d8563b5c848437f07 0 0 0 0 0 1
train_jpeg/b8e90cc60a6ebf150fe7fbfbdfea59eb 0 0 0 0 0 1
train_jpeg/b916395666119e47b1bbd35c56235e3f 0 0 0 0 0 1
train_jpeg/b9671f37b8452d995b737fad755e9320 0 0 0 0 0 1
train_jpeg/b98c6c9fa540c169cda98fa7401059e3 0 0 0 0 0 1
train_jpeg/b9b2a7a46b88db57379c59db58cc2228 0 0 0 0 0 0
train_jpeg/b9dcdf502ae1e01ef2ddf1a850321f6d 0 0 0 0 1 0
train_jpeg/ba357d459891d0c4101ad0953fd6b972 0 0 0 0 0 1
train_jpeg/ba41b26598203c57eb638eb281e54ea3 0 0 0 0 0 1
train_jpeg/bab58da5c7d82e57bd63dfa1d6e698a4 0 0 0 0 0 1
train_jpeg/bad4e3988bfcf1aa7ba7203ac56a2883 0 0 0 0 0 1
train_jpeg/baee2b2532f77cf56a0961369c712346 0 0 0 0 0 1
train_jpeg/baf0a9c0eef424d4f565fee733d3d10d 0 0 0 0 0 1
train_jpeg/baf7af2a5bb36e1d83b8603f3d748ac0 0 0 0 0 0 1
train_jpeg/bb19d50ca040bfb29c1d8f52de50b7c3 0 0 0 0 0 1
train_jpeg/bb3526c4f2c4e54833f93c91de0fae8e 0 0 0 0 0 1
train_jpeg/bb5723c9d3c47a3d92ffaed0f9b4c4fd 0 0 0 0 0 1
train_jpeg/bb653fdda34794b92c513fb0e078f21a 0 0 0 0 0 1
train_jpeg/bb67aca944fb48947c777e0ad22b8ccc 0 0 0 0 0 1
train_jpeg/bb9419b34b87b65f390f6129d46248ea 0 0 0 0 0 1
train_jpeg/bbd63a57f2b5c37e748f38af60b532a9 0 0 0 0 0 1
train_jpeg/bbd7b455bf2a125a7c438382cef11161 0 0 0 0 0 1
train_jpeg/bbfd259b6807548fb2bdabbabeb15d53 0 0 0 0 0 1
train_jpeg/bc578a3cd54d394be32d4c1742f08f49 0 0 0 0 0 1
train_jpeg/bcd6cd9307ee7945c1abc475aac46f86 0 0 0 0 0 1
train_jpeg/bcea3ebf4c42179b2c8789e8682a5e9c 0 0 0 0 0 1
train_jpeg/bd3ff7e8f31f24ede44814c073da5432 0 0 0 0 0 1
train_jpeg/bd59874bcc0d7a297901f541d6dc85c8 0 0 0 0 0 1
train_jpeg/bd61ab799139083058d198b13aaa266a 0 0 0 0 0 1
train_jpeg/bd70da4bd62e734b349e5777d4dffb66 0 0 0 0 0 1
train_jpeg/bd8c7589043ee4023f4c7df4b4b83249 0 0 0 0 0 1
train_jpeg/bd9a36751bd5e18301fadf3e7bbff29c 0 0 0 0 0 1
train_jpeg/be5348ab7e578f06a773184754de816a 0 0 0 0 0 1
train_jpeg/be65e1669879c863d9f604a2a1393ac5 0 0 0 0 0 1
train_jpeg/bee0a17bc4809761b82b39cb3dd9508f 0 0 0 0 0 1
train_jpeg/bf9f2cfe62b9175fab18d4239b767f4b 0 0 0 0 0 1
train_jpeg/c034601e693ad916d32693ac2a5db8b1 0 0 0 0 0 1
train_jpeg/c05d9cb1afa188530a03e514df4d6696 0 0 0 0 0 1
train_jpeg/c08b334ae97ac2ef330464fc964dc7ec 0 0 0 0 0 1
train_jpeg/c0a9e376561290a4baf916583ac0542a 0 0 0 0 0 1
train_jpeg/c0d736b9fa7c3e3c7c6bd4189c3f131e 0 0 0 0 0 1
train_jpeg/c13e753de1d74be1900ca9d70721472a 0 0 0 0 0 1
train_jpeg/c15780a1800258280c80ab54047af86b 0 0 0 0 0 1
train_jpeg/c19542c20f3b1eac0d80c66ce56eded3 0 0 0 0 0 1
train_jpeg/c1b56c6b38aa09f0f32f0605deb5a240 0 0 0 0 0 1
train_jpeg/c1eed8528dc7ce27efb7c0b4d4f3736e 0 0 0 0 0 1
train_jpeg/c1f027d77a17860dba51492e500bfc0a 0 0 0 0 0 1
train_jpeg/c1f08438b014f0b3f2b61fd39df9c881 0 0 0 0 0 1
train_jpeg/c20ef53ae3bb3763037d2cd547520c62 0 0 0 0 0 1
train_jpeg/c20faa7590d8d00d322b2df6e0d63cc5 0 0 0 0 0 1
train_jpeg/c25f2a0789c2f0712f6ae0413a704013 0 0 0 0 0 1
train_jpeg/c267add7592c985550939b0091d423fa 0 0 0 0 0 1
train_jpeg/c27f709d67e4efcf04157036c6195c75 0 0 0 0 0 1
train_jpeg/c2ad72ed71e63a3b7441cc58fe9bfb0e 0 0 0 0 0 1
train_jpeg/c2bebc1b3bc8eed14af03f6eb010e3b5 0 0 0 0 0 1
train_jpeg/c2f340de4f20bf04c2f5cce2d6a55587 0 0 0 0 0 1
train_jpeg/c30ed4f29330984dcba119fda93cd19d 0 0 0 0 0 1
train_jpeg/c332d336996b56e400e2a8efdbc9abf7 0 0 0 0 0 1
train_jpeg/c355ea68ce84efa92210ecb6c6d00e1d 0 0 0 0 0 1
train_jpeg/c3561e387625a581a56ef4135fd687e8 0 0 0 0 0 1
train_jpeg/c36dafa1ed22b81682dbbd30a6dd0b32 0 0 0 0 0 1
train_jpeg/c37689fe370975c4cc5d45e201ddadf6 0 0 0 0 0 1
train_jpeg/c37f4299ccdb6dbd2e8e4ae100031056 0 0 0 0 0 1
train_jpeg/c3a985b2d2fec623f27fa763016ac45d 0 0 0 0 0 1
train_jpeg/c40efde4da3c59ef506a9138b5fb3f5f 0 0 0 0 0 1
train_jpeg/c41ed0b1964a1e973e25e02c3b44920f 0 0 0 0 0 1
train_jpeg/c46115d83cbc0da233c4ea92f5ec1831 0 0 0 0 0 1
train_jpeg/c4693c93904132e44a2826e277b3b5da 0 0 0 0 0 1
train_jpeg/c47b6a4a8fe719b12ecb764d34fa0fd8 0 0 0 0 0 1
train_jpeg/c47cb29a8d85f4325e6f4b8eb0248222 0 0 0 0 0 1
train_jpeg/c49a36c11ecc7e24d2b0912e68da95ac 0 0 0 0 0 1
train_jpeg/c4a36b7b9d14a32c067f5dc2fad874b5 0 0 0 0 0 1
train_jpeg/c4a55aaea43e10f94b1c499d16b63473 0 0 0 0 0 1
train_jpeg/c4af97922439dc891c5dd98cc23275ee 0 0 0 0 0 1
train_jpeg/c4ccbba58e672de865d0543105512101 0 0 0 0 0 1
train_jpeg/c4f7b110380be6bee542f5c26c78f36d 0 0 0 0 1 0
train_jpeg/c55180585712f9450f731270cb881511 0 0 0 0 0 1
train_jpeg/c55e52dc6e7524f6aa036d523ef3fcbc 0 0 0 0 0 1
train_jpeg/c5a01b193b0a3ee49e5e2c96ee7563bc 0 0 0 0 0 1
train_jpeg/c5b91a5da65cbe88cd0e7c27b49cebde 0 0 0 0 0 1
train_jpeg/c5c9ef1410c0bd298afaa43956761d4e 0 0 0 0 0 1
train_jpeg/c65a926ea060e239e8ca8c40eef568c9 0 0 0 0 0 1
train_jpeg/c684c1aefa1079b88a666e9212a70b48 0 0 0 0 0 1
train_jpeg/c68fcaf24e125985f44e60be858f5654 0 0 0 0 0 1
train_jpeg/c6a515beec067c14ff02fc230c94ca89 0 0 0 0 0 1
train_jpeg/c6ada34016e7fdffbba5cbccc996e395 0 0 0 0 0 1
train_jpeg/c6d19e881705b1720efd2435ef05320e 0 0 0 0 0 1
train_jpeg/c703d14204953de254f131ee437b1b84 0 0 0 0 0 1
train_jpeg/c73079e659486c1aaf40def2cffe1fa3 0 0 0 0 0 1
train_jpeg/c7408f29234715e6e9df6dea773e21e0 0 0 0 0 0 1
train_jpeg/c76f352a04d9506b6c7108837cf13894 0 0 0 0 0 1
train_jpeg/c77c194e85a19a52e9e8dbf5ad764c04 0 0 0 0 0 1
train_jpeg/c7893142c2019a079db2ec5d8891cc1f 0 0 0 0 0 1
train_jpeg/c7a316f4cb8d8fb85911c073e0444710 0 0 0 0 0 1
train_jpeg/c8205cbdfff77ee90770156c3075a38f 0 0 0 0 1 0
train_jpeg/c83253a4bc999610f2c688c337a9d90c 0 0 0 0 0 1
train_jpeg/c865945685e5f2dd91133e6a59a916d0 0 0 0 0 0 1
train_jpeg/c890e59919d68b8940fec64e89afd97a 0 0 0 0 0 1
train_jpeg/c8ccceee98fe70bbf400a694c93a9fbf 0 0 0 0 0 1
train_jpeg/c8f8879d41d18802e1eac91792aab861 0 0 0 0 0 1
train_jpeg/c8f88ea5c300596fe6c9e8fd15b9c3bf 0 0 0 0 0 1
train_jpeg/c8f93e5b5641e16fcc93e1cb1a8172d4 0 0 0 0 0 1
train_jpeg/c9435338a5335a898a40f44057116855 0 0 0 0 0 1
train_jpeg/c96b6f449f9529dda0daafefbbd769e5 0 0 0 0 0 1
train_jpeg/c99e5789567b5e4ed38074edbc33ac10 0 0 0 0 0 1
train_jpeg/ca13b9ec000feeadce49117fd75a6287 0 0 0 0 0 1
train_jpeg/caa7d58bac06b2b14e10f7d310d0bd1a 0 0 0 0 0 1
train_jpeg/cb178960a79b79feadaab4d662205dbc 0 0 0 0 0 1
train_jpeg/cb6b115f3d9475f82109c6142a0d88e4 0 0 0 0 0 1
train_jpeg/cb79831baafd53db3a99731b58379c6d 0 0 0 0 0 1
train_jpeg/cb9658d61c84a99ba31665f40cb0788d 0 0 0 0 1 0
train_jpeg/cbbfe664b770d925b7b156c5b0034492 0 0 0 0 0 1
train_jpeg/cbf423e9c1dabd2749eeacee8d210361 0 0 0 0 0 1
train_jpeg/cc092f33ce095c0f51f35119ce22f75e 0 0 0 0 0 1
train_jpeg/cc1708ee2d3ec540efa5ffa3bf04574f 0 0 0 0 0 0
train_jpeg/cc6eb0e7b00ba4bb2f917eb2e69f11b0 0 0 0 0 0 1
train_jpeg/cc716360f3b793b50cf67ffc50dc1c65 0 0 0 0 0 1
train_jpeg/cc9a84f1f3942ceb845c5f174e5b70cd 0 0 0 0 1 0
train_jpeg/cd1662912c06606592d50b22765fd60b 0 0 0 0 0 1
train_jpeg/cd2c1f982c09efe46097707c3fb0a638 0 0 0 0 0 1
train_jpeg/cd7f2eef4f33e3ae24bc051ac9ecd402 0 0 0 0 0 1
train_jpeg/cdaec2ceb813c59dcc836f9e7a7eb4fa 0 0 0 0 0 1
train_jpeg/cdcc9ea4a42b7928c28a38ccfadba2cc 0 0 0 0 0 1
train_jpeg/cde51d108787b5b9de168de191c2e763 0 0 0 0 0 1
train_jpeg/ce04339c8625bb1aaca15623d8074471 0 0 0 0 0 1
train_jpeg/ce36df1459adb2c77d534e55d02056cb 0 0 0 0 0 1
train_jpeg/ce4a461ab5b95bc7b79bc6bea11f7ff8 0 0 0 0 0 1
train_jpeg/ce7d4f9583c46cafacf0b049c3facb46 0 0 0 0 0 1
train_jpeg/ce8b46850c858e736ebef9136c271699 0 0 0 0 0 1
train_jpeg/cf08d47db64605ede9e0946893ab1f09 0 0 0 0 0 1
train_jpeg/cf52f309aeabc516b79a22632a856b01 0 0 0 0 0 1
train_jpeg/cf5d241e98fe10f99d5a950236040feb 0 0 0 0 0 1
train_jpeg/d035245e40598ab4104549a04c1e2012 0 0 0 0 0 1
train_jpeg/d058b141769a9791bb2547c44f08c79e 0 0 0 0 0 0
train_jpeg/d06958788f925d72f3ff75b0e9fced31 0 0 0 0 0 1
train_jpeg/d07da8a9b93d7c684264ec8be14c0fe7 0 0 0 0 0 1
train_jpeg/d0aaeb5ff5cce6172bcc58fa56a566b9 0 0 0 0 0 1
train_jpeg/d0fc10bcdd7810ea48a81190848baf84 0 0 0 0 0 1
train_jpeg/d10737f0d07b3fa4837ddc9dba3ef03c 0 0 0 0 0 1
train_jpeg/d10c5ea4f82c32708ac41f11ace41dcb 0 0 0 0 0 1
train_jpeg/d1192634c95b9018fe25890bf74d45ab 0 0 0 0 0 1
train_jpeg/d156cd72e555add3dbad0a41f3cacedf 0 0 0 0 0 1
train_jpeg/d166f983d8e9178a4604a8b4378828a9 0 0 0 0 0 1
train_jpeg/d1713f5cf5838c1592e5f712b5d4928e 0 0 1 0 1 0
train_jpeg/d1a6c358df0731c5bd8d3ab94705cf30 0 0 0 0 0 1
train_jpeg/d1dfd6ac02ac34ebaf9788ec9b2de1f3 0 1 0 0 1 0
train_jpeg/d1ee146b55af8b9cd84ec605a9aa36bd 0 0 0 0 0 1
train_jpeg/d2218e693c5f8bd961d3cde598a9b437 0 0 0 0 0 1
train_jpeg/d272605382fd19522fe2afefa4db1272 0 0 0 0 0 1
train_jpeg/d281927a65e081c3a2853bca2382a3b8 0 0 0 0 0 1
train_jpeg/d28f1f4fdbb37d98f802678fc174ff21 0 0 0 0 0 1
train_jpeg/d2bfd52ea1339c32ff7226237abcda12 0 0 0 0 0 1
train_jpeg/d300794127aff6981089b213a348b5d5 0 0 0 0 0 1
train_jpeg/d31b5cfd25dbcb8bf6f294c3a257cdea 0 0 0 0 0 1
train_jpeg/d3559f85e59a0499bd13a80f054f8fde 0 0 0 0 0 1
train_jpeg/d3566246a52be1a6c5eb49a1d30bf4b8 0 0 0 0 0 0
train_jpeg/d3627a59bdf97f89094cbcee823ba057 0 0 0 0 0 1
train_jpeg/d3e275e681d082bcc003336b8355b2f2 0 0 0 0 0 0
train_jpeg/d3ea3f211750890d1ea9d1f0a630b8fc 0 0 0 0 0 1
train_jpeg/d4358555ad3558a26d3291749e7b251a 0 0 0 0 0 1
train_jpeg/d43960df26db044d6b9caa7e4ec2ac08 0 0 0 0 0 1
train_jpeg/d46ada3de4529d1e72f0f327e3d7d86c 0 0 0 0 0 1
train_jpeg/d46d82b7a42f6c95c134f2732b003c3e 0 0 0 0 0 1
train_jpeg/d4d03e4b903c2e045c9a0eae26b92c05 0 0 0 0 0 1
train_jpeg/d4e8665286a7fd59bcd408868c247a5d 0 0 0 0 0 0
train_jpeg/d51149e2a32bb891c514dfb14ad66d4a 0 0 0 0 0 1
train_jpeg/d51f7bac8cf2ddcf00335f65a1fd0782 0 0 0 0 0 1
train_jpeg/d53cb4358bb03d09abfc099826e54eb9 0 0 0 0 0 1
train_jpeg/d552f9d13cfb671793ac74e81b7cb20d 0 0 0 0 0 1
train_jpeg/d56755afd866638a45552615a3449acd 0 0 0 0 0 1
train_jpeg/d56f1405100c1247609f9b805fcd801e 0 0 0 0 0 1
train_jpeg/d5748f4a874d4e5de5c750e49e9ad308 0 0 0 0 0 1
train_jpeg/d5869324e1ee4f36139aab8d631a7ec9 0 0 0 0 0 1
train_jpeg/d591c236932c877da7c0c13088624ac8 0 0 0 0 0 1
train_jpeg/d593950d521cc08356d710dc4a68b73d 0 0 0 0 0 1
train_jpeg/d5b45273cf25f8caafe4d7efaa7187c9 0 0 0 0 0 1
train_jpeg/d5b60e99c9f5fbfe79a87b68ba8d08c5 0 0 0 0 0 1
train_jpeg/d5dc5fa9ce3cbb0ebb5a8201fce34367 0 0 0 0 0 1
train_jpeg/d5eb82189dbfea013f844d0c880458d6 0 0 0 0 0 1
train_jpeg/d625c5cde62b9fe8caed92b9a8971579 0 0 0 0 0 1
train_jpeg/d626b76a5190860612ea6810b7a31639 0 0 0 0 0 1
train_jpeg/d64ce56d57c57b5cb6ea43a8b274dc13 0 0 0 0 0 1
train_jpeg/d68d9e0721027d8e0532efa37d628bb3 0 0 0 0 0 1
train_jpeg/d6ef13941e6001be02882f0e484b4399 0 0 0 0 0 1
train_jpeg/d6f481aca86583398fe54c7bcbd6d836 0 0 0 0 0 1
train_jpeg/d700828f067b24ac9bc70bc8bbee1bea 0 0 0 0 0 0
train_jpeg/d736050c55ac8a3815d7d3c82f8d16db 0 0 0 0 0 1
train_jpeg/d786b45fa131d0377f03ba741c1e50eb 0 0 0 0 0 1
train_jpeg/d78e7e07def08ec3193d7ca5b2b65967 0 0 0 0 0 1
train_jpeg/d7a866b3f77cb22d1c91521c9c2f23a9 0 0 0 0 0 1
train_jpeg/d7b69078f953c292ffe719e864f53b21 0 0 0 0 0 1
train_jpeg/d7f2e8a9e9bc6a6275917f27c9eed894 0 0 0 0 0 1
train_jpeg/d7f759ba7719fc29769b490f0e485892 0 0 0 0 0 1
train_jpeg/d7fb0c983a31797353faff4db222bd51 0 0 0 0 0 1
train_jpeg/d8303a1a55bface93c5805b6c2bbfb11 0 0 0 0 0 1
train_jpeg/d8665f6554ccbbdd0e88543133067412 0 0 0 0 0 1
train_jpeg/d8d873b275543b0d2d894958e37f09ec 0 0 0 0 0 1
train_jpeg/d8db391df13764be9a9b560f8581bf9b 0 0 0 0 0 1
train_jpeg/d922f26c687373f71735de49dda7c9a5 0 0 0 0 0 1
train_jpeg/d93d5fa29d42ab8878a2bfa4c7b6dacf 0 0 0 0 0 1
train_jpeg/d947047dbcf04119ee04c1aef5030cc0 0 0 0 0 0 1
train_jpeg/d95fdc054ace363ef1b3145c5430985b 0 0 0 0 0 1
train_jpeg/d9687ac9e261719bc57563116d0b64e4 0 0 0 0 0 1
train_jpeg/d969c62912474882f5013fb4c52bf261 0 0 0 0 0 1
train_jpeg/d9915cf91649c057fe8526d6df81232f 0 0 0 0 0 1
train_jpeg/d9a6b1f6a4175eaee343eef3c1134928 0 0 0 0 0 0
train_jpeg/d9cfc85d3bb7c32f82ab2c718f74ea0a 0 0 0 0 0 1
train_jpeg/d9e4f4f2f47dfa0296178e7fb5c005c3 0 0 0 0 0 1
train_jpeg/d9ff2149c1fe67a65b26310b4018b006 0 0 0 0 0 1
train_jpeg/da050ed66db50c9d625f5cd8ce0e54b5 0 0 0 0 0 1
train_jpeg/da14c06a44aaa07f630e22a69e5ee17f 0 0 0 0 0 1
train_jpeg/db017af2d72db41e413631d1f9222ca5 0 0 0 0 0 1
train_jpeg/db49c96665f4fe0ff5f4420578e2f185 0 0 0 0 0 0
train_jpeg/db56cd24e6cd26a88c97603afd54cd0d 0 0 0 0 0 1
train_jpeg/db5fd0a4c9ae98c496500cf0c140d4d1 0 0 0 0 0 1
train_jpeg/db621b6bf94c240c5336d7a9ac1851b0 0 0 0 0 0 1
train_jpeg/db8c3f6b46f4c83a11e95da6fbe8330c 0 0 0 0 0 1
train_jpeg/dba9797678ab462b6971965961d2f72e 0 0 0 0 0 1
train_jpeg/dbad935ba1564c1bde536ad68aa59161 0 0 0 0 0 1
train_jpeg/dbb9b3060df509e7d580aeccd7c19520 0 0 0 0 0 1
train_jpeg/dbd95448052d2fd61f31da0c52f05845 0 0 0 0 0 1
train_jpeg/dbecebac7af4359cdd59180b14b717ae 0 0 0 0 0 1
train_jpeg/dc0891b0748b90ad95dbd023222ecf27 0 0 0 0 0 1
train_jpeg/dc4bcc03cc8ad1301e1df7bf2c68ffb2 0 0 0 0 0 1
train_jpeg/dd06c0b4a7d96df7a013af987b97459e 0 0 0 0 0 1
train_jpeg/dd24bdf17806362aab369798b59fc3a9 0 0 0 0 0 1
train_jpeg/dd4931d788c434057fd13a062bf04cd9 0 0 0 0 0 1
train_jpeg/dd56e45f5a420deeea392f45fedee77c 0 0 0 0 0 1
train_jpeg/dd714d0ebab8a7bdeef52609f3cabe8c 0 0 0 0 0 1
train_jpeg/ddbe41935f4c7c4c6624654585e12652 0 0 0 0 0 1
train_jpeg/ddc2e81bc04195f7f72109ee5873a2fb 0 0 0 0 0 0
train_jpeg/ddea1271d3e59d7e26c8f5d7ae93165b 0 0 0 0 0 1
train_jpeg/ddee6f3f4d3dc44f3fdb6b4cf771ba95 0 0 0 0 0 1
train_jpeg/de0b4c9d065467ea456efcb64155e489 0 0 0 0 0 1
train_jpeg/de20b8c80c04bd2dbe0782fb21738588 0 0 0 0 0 0
train_jpeg/de8c78afea91064bd977bb7092b99a63 0 0 0 0 0 1
train_jpeg/df62393cfc31ac473af77c85dafa09f4 0 0 0 0 0 1
train_jpeg/df7c4e1c53d9ed99d2daaaf9086ca8d1 0 0 0 0 0 1
train_jpeg/dfa0f1b7c81f354ced7bff478c8d542a 0 0 0 0 0 1
train_jpeg/dff58c96349034f1b759bbbd5e95fa9a 0 0 0 0 0 1
train_jpeg/e03f7ae2393dd3335154562ba6419f74 0 0 0 0 0 1
train_jpeg/e04c58b55093d601257c9017dbba66e0 0 0 0 0 0 0
train_jpeg/e071243215a835dbf5f53328856f4126 0 0 0 0 0 1
train_jpeg/e07fc7a901c4d4dd47838d0a431332c1 0 0 0 0 0 1
train_jpeg/e090f8b1cf17d7c7f64b73446a694483 0 0 0 0 0 1
train_jpeg/e0ba9af0459793b1db8b61d44c32fa37 0 0 0 0 0 1
train_jpeg/e0f950fd8305e0be7090868f30906594 0 0 0 0 0 1
train_jpeg/e10840732fce9734fd6ea9604224b0b2 0 0 0 0 0 1
train_jpeg/e14a2079083f20c4f638a2d627514ccd 0 0 0 0 0 1
train_jpeg/e160b2d6fc7e3322006bb8bb079ef418 0 0 0 0 0 1
train_jpeg/e169b248a5d93da7d32034f654a4ce2d 0 0 0 0 0 1
train_jpeg/e1c88be08dcb3f9baca7cb67c77fbcf9 0 0 0 0 0 1
train_jpeg/e1d88505ef370baf781a42ba0580286a 0 0 0 0 0 1
train_jpeg/e1e52d75e840a8d64f753b5e3aee4e44 0 0 0 0 0 1
train_jpeg/e2022cc39523ea951fb72fcb2029f08e 0 0 0 0 0 1
train_jpeg/e2441e5b3cbecdd27c65aea20353cc1d 0 0 0 0 0 0
train_jpeg/e26f159ab768f4bce7cec269c4f7d31b 0 0 0 0 0 1
train_jpeg/e2878900d428b05d537fd0c615db5823 0 0 0 0 0 1
train_jpeg/e29fcb9b89f4ccf3e2caeb609b99fb5f 0 0 0 0 0 1
train_jpeg/e2b119970f6c91976de4087dd8d307d6 0 0 0 0 0 1
train_jpeg/e2b2f50550d1dc76448410e7ff060251 0 0 0 0 0 0
train_jpeg/e303ec6051d61db119236ee35572c248 0 0 0 0 0 1
train_jpeg/e3218e3107c57dfdd8eda44be04df30e 0 0 0 0 0 1
train_jpeg/e32bc143564632f4a609aa59fd0e1833 0 0 0 0 0 1
train_jpeg/e345cc1bc62b3ad7f37e7fbb540311f0 0 0 0 0 0 1
train_jpeg/e3769a9e37c159ac96c5d2f155d1826c 0 0 0 0 0 1
train_jpeg/e4374242cb259017ab1d22b0a51dd1a0 0 0 0 0 0 1
train_jpeg/e4567043806b7d282bedd6893502b9ff 0 0 0 0 0 1
train_jpeg/e4c859657c50797e2e65e9b565d0113c 0 0 0 0 0 1
train_jpeg/e4d552e0ccc55cd65ed27729e1be30d5 0 0 0 0 0 1
train_jpeg/e5014dcb94447af471a65381b46c25be 0 0 0 0 0 1
train_jpeg/e505a715563903739da99393751f5ff2 0 0 0 0 0 1
train_jpeg/e52fdb7334e3e02e6e9ab29c3158e278 0 0 0 0 0 1
train_jpeg/e5b964d9d3e7f818fbeb5e1b5ef478e5 0 0 0 0 0 1
train_jpeg/e5c0e5bd7e50d4de77316f4f3582e6e4 0 0 0 0 0 1
train_jpeg/e5cd6a29ddf02f3917bf3b90f92066da 0 0 0 0 0 1
train_jpeg/e613a63ea3e1262cd599a32571d11c2e 0 0 0 0 0 0
train_jpeg/e61eb09a058e5f98684cb9f7a453a4f5 0 0 0 0 0 1
train_jpeg/e6234dc4926c4d6712afd375da1f5000 0 0 0 0 0 1
train_jpeg/e628f2132ee111f24dd4ed439cc1fdc1 0 0 0 0 0 1
train_jpeg/e629f8ddce09c66f105c7b75da693bc4 0 0 0 0 0 1
train_jpeg/e63df4068d5c800b0f03de884d32bfb8 0 0 0 0 0 1
train_jpeg/e65244f755c20b6c3925fb3669c24b0b 0 0 0 0 0 1
train_jpeg/e66b00af670246c8b3e7fbbd7fa0f5ae 0 0 0 0 0 1
train_jpeg/e6e114b28a55ec3e9ecac74c55167fef 0 0 0 0 0 1
train_jpeg/e732e04b5ca9b45181f1c5fd640b845c 0 0 0 0 0 1
train_jpeg/e775f6fe473aff98cc9069780a78a906 0 0 0 0 0 1
train_jpeg/e79af15e54bfd1fa3e32c5f4e9af50f1 0 0 0 0 0 1
train_jpeg/e80664cd00d07c04b6bc23476433cad6 0 0 0 0 0 1
train_jpeg/e8197de118ba8004e7acb25668ddbcde 0 0 0 0 0 1
train_jpeg/e82afb6d5a714b72022b53e0b94b9d6f 0 0 0 0 0 1
train_jpeg/e835b5a5a70aa50b95f2181f9aaa8201 0 0 0 0 0 1
train_jpeg/e881cb07c2bc435ff59e27faa676b70f 0 0 0 0 0 1
train_jpeg/e8c0cf0cffaffbcf57f9d0b467ca7c61 0 0 0 0 0 1
train_jpeg/e8e2a16a94c8415977e57bd82a8085f8 0 0 0 0 0 1
train_jpeg/e92bbeb7b1adea54c20f40f3ad2a8037 0 0 0 0 0 1
train_jpeg/e93e946c8648ac0b2a94effdc80af933 0 0 0 0 0 1
train_jpeg/e96565c7cec737184a458002aa47e1fb 0 0 0 0 0 1
train_jpeg/e9726af82377769bcba9c5e7f6317d26 0 0 0 0 0 1
train_jpeg/e98adf2184ec33f2943df9bb4e810bec 0 0 0 0 0 1
train_jpeg/ea31d4a3b0cf92907dd27f14364000db 0 0 0 0 0 1
train_jpeg/eab1fcceca65974f9a463940626586cc 0 0 0 0 0 1
train_jpeg/eab826351c8c1e24ec3ae8cd57240b31 0 0 0 0 0 1
train_jpeg/eabff4780c183c33d17681a21f1356b4 0 0 0 0 0 0
train_jpeg/ead4154dfc21e9db4663842cedb411da 0 0 0 0 0 1
train_jpeg/ead7ee680a4894c766fa9800f1a156c5 0 0 0 0 0 1
train_jpeg/eadd7d698f3fea7dff19f9964b28e57b 0 0 0 0 0 1
train_jpeg/eaf57b7bcc178b533fdf27bc75e6d192 0 0 0 0 0 1
train_jpeg/eb384402d0dee9dc9818a0b65681bf67 0 0 0 0 0 0
train_jpeg/eb7e130a397c5af923003334d5733610 0 0 0 0 0 1
train_jpeg/eb7e617f397932fb61064ae312ead3b1 0 0 0 0 0 1
train_jpeg/ebc26ab08830f379489d2dd95bf611e4 0 0 0 0 0 1
train_jpeg/ebd651e0daa599792382d0f98e6c036a 0 0 0 0 0 1
train_jpeg/ec4086162a82f8fced63253032a89ddd 0 0 0 0 0 1
train_jpeg/ec5ed0882416a17e69399ae3c69aeb6d 0 0 0 0 0 1
train_jpeg/ec8f12c8c51f0cbe63dabb51e12da675 0 0 0 0 0 1
train_jpeg/ec9ec7b018f0fcb01fdde37e939ab6ed 0 0 0 0 0 1
train_jpeg/ecd05dac56544c97ab2cbc4fcf2b5035 0 0 0 0 0 1
train_jpeg/ed06295915b52f5fcc88e158ab0c7100 0 0 0 0 0 1
train_jpeg/ed350f701e78e06fee07bbfa97a54358 0 0 0 0 0 1
train_jpeg/ed427d8e7c0eb7ea8612f31b9aa98f8f 0 0 0 0 0 1
train_jpeg/ed4602b83c8d000945a26753bcbf9a65 0 0 0 0 0 1
train_jpeg/ed87beb001539a3f2c81aeb1c817acbd 0 0 0 0 0 1
train_jpeg/edd5c7d4d08bce0f94b0eb8b76bc450a 0 0 0 0 0 1
train_jpeg/ee0038c59a1b52cd027e0108418e0500 0 0 0 0 0 1
train_jpeg/ee25d885155b131723c1dba2921d7589 0 0 0 0 0 1
train_jpeg/ee32c41610893e5b93db15b231278650 0 0 0 0 0 1
train_jpeg/ee530c9de44ad59a5467104a429ded64 0 0 0 0 0 0
train_jpeg/ee5c789882b4ee2061224b9e39195f55 0 0 0 0 0 1
train_jpeg/ee5f83857d2f92db7596c009c1ce3dba 0 0 0 0 0 1
train_jpeg/ee78e8eed2761d5df2f0bd231820b114 0 0 0 0 0 1
train_jpeg/ee8cd4043ecbe26d0af6bf4bf7b0c227 0 0 0 0 0 1
train_jpeg/eeb6f0e5be5c38812e9204b7689d6d18 0 0 0 0 0 1
train_jpeg/eefd77a617c2ac4667d8725749a49bbe 0 0 0 0 0 1
train_jpeg/ef0a4f5b3062d3b6b29905a34e001b65 0 0 0 0 0 1
train_jpeg/ef1908482bea6fbef710f42b21eb9ed0 0 0 0 0 0 1
train_jpeg/ef1a84ca5513623e10fcff09a19876bf 0 0 0 0 0 1
train_jpeg/ef1bcfdefb957f66e15ee9b875af7aac 0 0 0 0 0 1
train_jpeg/ef291bbc2a1ff7b660444e4e8da30e9d 0 0 0 0 0 1
train_jpeg/ef2efa2842d3bc4a15f9e45bfb2419cf 0 0 0 0 0 1
train_jpeg/ef3f321dd20cafeadceadbb9ecb08b98 0 0 0 0 0 1
train_jpeg/ef4cae228e415ff39f53fd62f02c6601 0 0 0 0 0 1
train_jpeg/ef51bc9b55922a67a50c5ff303351963 0 0 0 0 0 1
train_jpeg/ef62dda3f041cf6ad772e7885354fbdf 0 0 0 0 0 1
train_jpeg/ef85cda3a115da5e7399342ac986d489 1 0 0 0 1 0
train_jpeg/ef85e2e6c9e9bb187a1c574876aaaddc 0 0 0 0 0 1
train_jpeg/efbc03067e522ed1127276e445913fdf 0 0 0 0 0 1
train_jpeg/efd2c30f069bbb618d124e96bb456e38 0 0 0 0 0 1
train_jpeg/efee3ec2c933b666970dc036e53e815c 0 0 0 0 0 1
train_jpeg/f097e57e777a346c7cb513dea782fb63 0 0 0 0 0 1
train_jpeg/f0a815b05901cb71692cd1532a142b17 0 0 0 0 0 1
train_jpeg/f0adf7b51f3c26e565e1977c4b6c235a 0 0 0 0 0 1
train_jpeg/f0b8c0d06a7cccc003f214b216673324 0 0 0 0 0 1
train_jpeg/f0f3a753c028f9c3bf055529e5c0c3fa 0 0 0 0 0 1
train_jpeg/f0fe423a27c36770206a214d8d81a344 0 0 0 0 0 1
train_jpeg/f150daaf3bef251be0199b6f2662077d 0 0 0 0 0 1
train_jpeg/f1623a82726614afb8c13a9e95cd1d02 0 0 0 0 0 1
train_jpeg/f184413f1c740b6b40279ecb5b9ace30 0 0 0 0 0 1
train_jpeg/f18c89973850bc27910dcdbc30c68fe6 0 0 0 0 0 1
train_jpeg/f1ba5da6f133d329f7ab9bb241fc0b7b 0 0 0 0 1 0
train_jpeg/f1dd9b481aae4ba412e5fbea06215f53 0 0 0 0 0 1
train_jpeg/f221ff0dfcff8fd3aaf11dd0f895eca7 0 0 0 0 0 1
train_jpeg/f24fba1daaf6734ff6cb7aca3edea73f 0 0 0 0 0 1
train_jpeg/f25c0dd32bd07894695b8c1f709872ed 0 0 0 0 0 1
train_jpeg/f25c4d2cfdf2eb08c8db6f16d8f71bbe 0 0 0 0 0 1
train_jpeg/f2651cf9aa12efd2615a65900287b9cf 0 0 0 0 0 1
train_jpeg/f2c24b0ee5fc1d417923650b5a7c5532 0 0 0 0 0 1
train_jpeg/f2d9d665881a6ed0205a50154cbfdea6 0 0 0 0 0 1
train_jpeg/f2e99da7b2ede64eb545e715fdddd365 0 0 0 0 0 1
train_jpeg/f2f7a0f3169acfe68c8efa1e7eb1b358 0 0 0 0 0 1
train_jpeg/f30e73a8f425ebd80f5c55fbe7edc261 0 0 0 0 0 1
train_jpeg/f32ab457c492c30221d3a89fe7c6b25a 0 0 0 0 0 0
train_jpeg/f335c8362628b5f90c281eed171f9ab8 0 0 0 0 0 1
train_jpeg/f344e6e15a4f63685f522336942dc735 0 0 0 0 0 1
train_jpeg/f352d2c0a0995fdcd5b3cf903550a5e9 0 0 0 0 0 1
train_jpeg/f358691458f01c08fb91f1629ef49f63 0 0 0 0 0 1
train_jpeg/f363f5cac9a75f1fbb54196ee313454e 0 0 0 0 0 1
train_jpeg/f381daac0cd62cd463cd0fefb0025c45 0 0 0 0 0 1
train_jpeg/f38a99ed14e4bfad8ccde72309af48c2 0 0 0 0 0 1
train_jpeg/f39c9fe9be3cbe1ea9da9cb01d2d04e3 0 0 0 0 0 1
train_jpeg/f39eb4b3aef4664776c298b1500cb577 0 0 0 0 0 1
train_jpeg/f3adcfd01d642fb478c008211b135c12 0 0 0 0 0 1
train_jpeg/f3dd8aef2b62153f4268b48635c7ad9d 0 0 0 0 0 1
train_jpeg/f3e2acc29575948204c9bf9df9289de4 0 0 0 0 0 1
train_jpeg/f4367ab1b82dc68d38d81d1320764d73 0 0 0 0 0 1
train_jpeg/f4ca8381763f4039d005b06fd8d662ca 0 0 0 0 0 1
train_jpeg/f4fb761df33e2babd7d7fdab4dcb78fc 0 0 0 0 0 1
train_jpeg/f5106292764327eb37e0ab3c5831f14d 0 0 0 0 0 1
train_jpeg/f52c1bf308db55a73521eb1a048b1c92 0 0 0 0 1 0
train_jpeg/f52ec4da5edc58fc2f93c00316c38fe7 0 0 0 0 0 1
train_jpeg/f561aa1fdb8a675552e5b0c17839023e 0 0 0 0 0 1
train_jpeg/f5e9dfd1253bf6691e9cbbc9540b5ed0 0 0 0 0 0 1
train_jpeg/f5f0ce7c7c2a1958797bf900ede184fa 0 0 0 0 0 1
train_jpeg/f60901792e9a337961fbca2ad55c0c9e 0 0 0 0 0 1
train_jpeg/f60eda042575aa1783464a36c4bcc065 0 0 0 0 0 1
train_jpeg/f6178657260dafbe0088bf3bb12e95fd 0 0 0 0 0 1
train_jpeg/f61af74e4c8511b5518325d27d3c70af 0 0 0 0 0 1
train_jpeg/f62866eeed52ef0f27315d736d3fedb3 0 0 0 0 0 1
train_jpeg/f6306d0752c00d1271b36ae4d3b9ddda 0 0 0 0 0 1
train_jpeg/f63ed2cd23177f99f594e4359d474e34 0 0 0 0 0 1
train_jpeg/f652652f33d50987fec8a4b136433edd 0 0 0 0 0 1
train_jpeg/f6a627b1c1655650f2a7b8470bed9cdb 0 0 0 0 0 1
train_jpeg/f77169bed7bd86515d0f93e9eccdc4f9 0 0 0 0 0 1
train_jpeg/f78a44efd6e19fe5e6f71247a4d97126 0 0 0 0 0 0
train_jpeg/f7d12f21dfedde3c815096d60fb5df44 0 0 0 0 0 1
train_jpeg/f7dd175ca0962155ec39311b997a5288 0 0 0 0 1 0
train_jpeg/f7eb44830c14e8d1a0ae29521c1712b4 0 0 0 0 0 1
train_jpeg/f7f6d5575afad78bc5811f2174b2311e 0 0 0 0 0 1
train_jpeg/f7f7736401b22c94a9d2b09425adeab9 0 0 0 0 0 1
train_jpeg/f8418a411444f8ea00f9b3affe70a758 1 0 0 0 0 0
train_jpeg/f84d61c4f1d3a26428202017b299d1c2 0 0 0 0 0 1
train_jpeg/f869fb277e73249d1ab4a0f550820ee9 0 0 0 0 0 1
train_jpeg/f87d3fef16e2bb2ef72179864c9f6cef 0 0 0 0 0 1
train_jpeg/f8a8335e901e40ce51b618de60438370 0 0 0 0 0 1
train_jpeg/f8c58f156f9bcdba6f1d0d454560c8d4 0 0 0 0 0 1
train_jpeg/f8e09e1878afbde523ffbccbf3f7eded 0 0 0 0 0 1
train_jpeg/f8e3ac34e2e71746164cbbc2679c986f 0 0 0 0 0 1
train_jpeg/f8f3bf0d3d08f814e2764470681998a4 0 0 0 0 0 0
train_jpeg/f92074142445092eb77d2e0c0a15e973 0 0 0 0 0 1
train_jpeg/f9b6143fdadf3e46bc016548719a4371 0 0 0 0 0 0
train_jpeg/f9e6958221cb9c50deaf7ce3e78b6bf4 0 0 0 0 0 1
train_jpeg/fa0fb07164598860fb12b95d6be14a6d 0 0 0 0 0 1
train_jpeg/fa215788bb81d8cee71ad847194b22af 0 0 0 0 0 1
train_jpeg/fa86f62070ecf5d19f8d8662215f966f 0 0 0 0 0 1
train_jpeg/fab76d60c7fad833d0dccaccda261c3a 0 0 0 0 0 1
train_jpeg/fafb75e0e75b40acd3fe6890c8bfbfe8 0 0 0 0 0 1
train_jpeg/fb04304054886eed00888b616c545f50 0 0 0 0 0 1
train_jpeg/fb0f3b77b4b8eedf6f3c631a310b3e38 0 0 0 0 0 1
train_jpeg/fb320136aa9663b6db171a898dbd5dba 0 0 0 0 0 1
train_jpeg/fb40ca51c74b4be05cc855629211b406 0 0 0 0 0 1
train_jpeg/fb48bbb3ffa789f21368916c4ea54e27 0 0 0 0 0 1
train_jpeg/fb511731a1fc742451a090891ebaa0ce 0 0 0 0 0 0
train_jpeg/fb929e0efd696fe0f54902da5e7ec57a 1 0 0 0 1 0
train_jpeg/fb9a4337cda28860cf8bb3eb42e27271 0 0 0 0 0 1
train_jpeg/fbfa7706ae60ef2f3f18211269a8d2ac 0 0 0 1 0 0
train_jpeg/fc279b59645916b579298b5cb9790321 0 0 0 0 0 1
train_jpeg/fc5faea91a2577b6ed826512a579e0e4 0 0 0 0 0 1
train_jpeg/fc718c554d9da5a60cb5806c19b18ca7 0 0 0 0 0 1
train_jpeg/fcc781b652368c74e8e59d46fb4a76af 0 0 0 0 0 1
train_jpeg/fd24b07d50e2705c5678557a6f4be2bb 0 0 0 0 0 1
train_jpeg/fd5c6d70e4e8fdf6a27d45d42605be45 0 0 0 0 0 1
train_jpeg/fde664083f39ad1044ae71b569d86ced 0 0 0 0 0 1
train_jpeg/fe03cb8f00a44fd81c11cc21a33d5df3 0 0 0 0 0 1
train_jpeg/fe095046c8e69bfe5d169425c73b3135 0 0 0 0 0 1
train_jpeg/fe0e5e1172c8dbe0442e46f4f9f1ff4e 0 0 0 0 0 1
train_jpeg/fe269d95485425df8d800b90f00d43d9 0 0 0 0 0 1
train_jpeg/fe67a20679c1eed6e19ee55f776d0f6d 0 0 0 0 0 1
train_jpeg/fe8a1d8d8c764f03fe6eaa552a390c50 0 0 0 0 0 1
train_jpeg/fe8e85c39d0bee8fa95602285e58ff0c 0 0 0 0 0 1
train_jpeg/ff28b75c0cbb4b26d536159765489499 0 0 0 0 0 1
train_jpeg/ff42ad0b2cf2dcc50bee99e74826f33e 0 0 0 0 0 1
train_jpeg/ff53fc490ff326e8b66df0f1e9839219 0 0 0 0 0 1
train_jpeg/ffca438a223950751c479664fb657a97 0 0 0 0 0 1
