train_jpeg/0006e0a85696f6bb578e84fafa9a5607 0 0 0 0 0 1
train_jpeg/0032c6091dc8f1b1245fc2f5f45458fa 0 0 0 0 0 1
train_jpeg/005be26a68485912e007a3703f43d60a 0 0 0 0 0 1
train_jpeg/006501b11e04aec2d403177b9ae0f34c 0 0 0 0 0 1
train_jpeg/00ad02393a5d0bd1e0dcf3196433499f 0 0 0 0 0 1
train_jpeg/0101ad90f31ddb8fb24e9935a3dac9db 0 0 0 0 0 1
train_jpeg/015bf89fc34cde9fafe7c79366fecee7 0 0 0 0 0 1
train_jpeg/015d74d7d2667a9b93b8909283af38c8 0 0 0 0 0 1
train_jpeg/0191b567f08216ca642e04ef05537169 0 0 0 0 0 1
train_jpeg/01bae93cacf4bd0206de3ac69ce2bfbb 0 0 0 0 0 1
train_jpeg/01d02854d3b799cf008ade3e0cd449d4 0 0 0 0 0 1
train_jpeg/01d74633de293c5790e191d6a544b130 0 0 0 0 0 1
train_jpeg/01f6f8d96b132d598e6ccfb6039c9902 0 0 0 0 0 1
train_jpeg/02079342f9e5f558b5351c222f6394b7 0 0 0 0 0 1
train_jpeg/0282e15e8d8362733aebb2718f895919 0 0 0 0 0 1
train_jpeg/02cbfa27d9e4b1d8c279932cd82e0730 0 0 0 0 0 1
train_jpeg/02f6df6f5c4666cdbfeae7901b913187 0 0 0 0 0 1
train_jpeg/02fb30c1dd4e6ba448c8bbe4685b77ae 0 0 0 0 0 1
train_jpeg/036161ca6aa4daa43cc3bc55602e8960 0 0 0 0 0 1
train_jpeg/03afb1504eea39a3a1868dd8c050e313 0 0 0 0 0 1
train_jpeg/03e7c2196d3d56047e546e97468c76a4 0 0 0 0 0 1
train_jpeg/046f839448acd6994ce6bb518656258d 0 0 0 0 0 1
train_jpeg/04ba2dd9ef21bb193b07b7025ffd45e7 0 0 0 0 0 1
train_jpeg/04d8c516c82ccf6d54c4f4ade2cd9417 0 0 0 0 0 1
train_jpeg/04e78baf5f049a01b6b4f9a14f0b7c78 0 0 0 0 0 1
train_jpeg/0511640ec15281c29b396689471340dd 0 0 0 0 0 1
train_jpeg/0555c4d61c2a897653377312f2c14b4f 0 0 0 0 0 1
train_jpeg/0564bdb6bbd81f2315d29c96aad37958 0 0 0 0 0 1
train_jpeg/0577720478795501b0c510ddeb729ecd 0 0 0 0 0 1
train_jpeg/057c60e970f445a969dca914ab8d1b8e 0 0 0 0 0 1
train_jpeg/058fab57c813368cb0e2fb91484d9ec6 0 0 0 0 0 1
train_jpeg/05ba77b1cf87cd4597d988581f269b44 0 0 0 0 0 1
train_jpeg/05ea0fb3ee5e5ca0b523e1fdf1a883d6 0 0 0 0 0 1
train_jpeg/065656acda64a18d7e0cb588b9823a5a 0 0 0 0 0 1
train_jpeg/0669fb9cad9677ae93402dd6ef07af3d 0 0 0 0 0 1
train_jpeg/066ca890a8f0511461d66d421e2ed2b9 0 0 0 0 0 1
train_jpeg/067ccf7d0633b171dfdbf57d19e77227 0 0 0 0 0 1
train_jpeg/0686521b0b8cf9426f253601b805fb52 0 0 0 0 0 0
train_jpeg/06a8441fb50ec661dd4eff6e81099d5c 0 0 0 0 0 1
train_jpeg/06b04918044786c36584a86273d72747 0 0 0 0 0 0
train_jpeg/06c69cf01de70640c23fddb47572b8dd 0 0 0 0 0 1
train_jpeg/06efcd37617307118fd48b3a493c133b 0 0 0 0 0 0
train_jpeg/0740b61521fae0508311c834d2e78875 0 0 0 0 0 1
train_jpeg/0786a13cabda003d621aa54c5b875fdf 0 0 0 0 0 1
train_jpeg/07a6d6a7b2a64306ac3544e7dd55c5e6 0 0 0 0 0 1
train_jpeg/07b4b2f75dd4f9b0f9915d7063e798b8 0 0 0 0 0 1
train_jpeg/07bbac2eee5b459e894b2f20faf8e3df 0 0 0 0 0 1
train_jpeg/07c006b2e35c62d17d98b9482faf52b0 0 0 0 0 0 1
train_jpeg/07c566b1b7520bbe9d785556872074cc 0 0 0 0 0 1
train_jpeg/08442bce192528f64b24ec9222f44044 0 0 0 0 0 1
train_jpeg/0889de8637d252e22dd1ce522f5ea672 0 0 0 0 0 1
train_jpeg/08daf3cf9bcf3d306ad08dbb9a53f4f2 0 0 0 0 0 1
train_jpeg/09125244cb0f0db65b66ce7f33fa02c8 0 0 0 0 0 1
train_jpeg/09db1fa1b7d13702536a3d244e2e086e 0 0 0 0 0 1
train_jpeg/09f575260ca3169ad362eb82a5e66349 0 0 0 0 0 1
train_jpeg/09f726dbbb439ad1f363dd7d55f17f28 0 0 0 0 0 1
train_jpeg/09fcb37b4bf132c373ae0435f13fa059 0 0 0 0 0 1
train_jpeg/0a26a07d95ed851cdfc7f55f44e2ba77 0 0 0 0 0 1
train_jpeg/0a3b8d3f979c06dc7b8ff6cf1f9343e4 0 0 0 0 0 1
train_jpeg/0a80df703ea62ce2c98aab7e6cd995c8 0 0 0 0 0 1
train_jpeg/0a8d69d1c45bece901929db269a5e6cf 0 0 0 0 0 1
train_jpeg/0aa04c0bff3f7c0d1bd97c41d0c14bd5 0 0 0 0 0 1
train_jpeg/0abc9663ba5cfb779dbc26960dbc5b81 0 0 0 0 0 1
train_jpeg/0ac148392d4a9e42884f178cd8de015a 0 0 0 0 0 1
train_jpeg/0ad8663c40dedf625c03ecc586af5c52 0 0 0 0 0 1
train_jpeg/0ada863fb878555ffd8dbd34e2496f76 0 0 0 0 0 1
train_jpeg/0b02aeb680984f6bee2fbd517f1fa6d4 0 0 0 0 0 1
train_jpeg/0b4729e08dbd4e916a32804f943853f2 0 0 0 0 0 1
train_jpeg/0bd8e34912a6344fc3962b39d6e46a7e 0 0 0 0 0 1
train_jpeg/0be5a5e29dc5f2198fbe447697fb3c95 0 0 0 0 0 1
train_jpeg/0bf07e1bacd4a1c2c9b62960445fc0c6 0 0 0 0 0 1
train_jpeg/0c636320c819477ec9fb4c221243b77b 0 0 0 0 0 1
train_jpeg/0c7a38f293d5f5e4846aa4ca6db4daf1 0 1 0 0 0 0
train_jpeg/0cb3915982ff4a65a1c52b89616d0f49 0 0 0 0 0 1
train_jpeg/0cd291c189895fbdcc14f4d36e1abc81 0 0 0 0 0 1
train_jpeg/0d2e947bb475050c9039828b754ff6fa 0 0 0 0 0 1
train_jpeg/0d31c772dcf5e2c8394099c0bcc20011 0 0 0 0 0 1
train_jpeg/0d3560aa72cf2176f272ae7ebe3c8bd6 0 0 0 0 0 1
train_jpeg/0d3b1464574b7db3d664dc0aa0b66549 0 0 0 0 0 0
train_jpeg/0d7ed5f6bf3af64f934cce03e617764b 0 0 0 0 0 1
train_jpeg/0dad6433acdce99fe4c8542181dc4d03 0 0 0 0 0 1
train_jpeg/0dae90df11425cf2a357af877293026f 0 0 0 0 0 1
train_jpeg/0db59846b8c385f7f0d8d1c084d3184e 0 0 0 0 0 1
train_jpeg/0de6a6b3d7689c2f261f2fc385d3b667 0 0 0 0 0 1
train_jpeg/0def2b4c6eededaa53e20636c9ae3b76 0 0 0 0 0 1
train_jpeg/0e1db1a49e1775df6b9e971869600d9f 0 0 0 0 0 1
train_jpeg/0e34e49f693b5582914ab0a971a9e575 0 0 0 0 0 1
train_jpeg/0e6a9e9f031fca5f634641fe41d31b24 0 0 0 0 0 1
train_jpeg/0ec4947d689af2a94cc913b312368279 0 0 0 0 0 1
train_jpeg/0ecf32ab5dfcb02ccd0a4209abfa047c 0 0 0 0 0 1
train_jpeg/0f03e1f69371e5c554e2cbd56d52fa23 0 0 0 0 0 1
train_jpeg/0f0aebf828076b819da84cf9e3b4b59c 0 0 0 0 0 1
train_jpeg/0f1d4b4d710b982a1786054c5357f427 0 0 0 0 0 1
train_jpeg/0f50af01ab50e9bbfc0365b7541f9fb4 0 0 0 0 0 1
train_jpeg/0f74b308c0c28cbf2bd49ff4a8a68dbd 0 0 0 0 0 1
train_jpeg/0fd2b97a8922f5adb6ffc5ef5a7de5d2 0 0 0 0 0 1
train_jpeg/0fdba5b4298773f488709251e49b26a2 0 0 0 0 0 1
train_jpeg/0fdd9e832730bf843067512577cf31cd 0 0 0 0 0 1
train_jpeg/1042eb8ffeadf2c7f54f7e776a449b05 0 0 0 0 0 1
train_jpeg/10498c5c45827c22489639065f90d70b 0 0 0 0 0 1
train_jpeg/104d4e165637f627df4040652d2b40e8 0 0 0 0 0 1
train_jpeg/105a734d1de02e6681c11743d5da094f 0 0 0 0 0 1
train_jpeg/1072da8bf618f814cf7cc3068410d82a 0 0 0 0 0 1
train_jpeg/10b414d8343ab3a51cba5d5f84986ec4 0 0 0 0 0 1
train_jpeg/10d147dc17cedd31c86cc0a33815a1b7 0 0 0 0 0 1
train_jpeg/11669fd60f163f0c6faf201a05d0c72a 0 0 0 0 0 1
train_jpeg/11acc69b72d448e98a3c2a7d9e57618d 0 0 0 0 0 1
train_jpeg/11b45b85ec598039c5b2da0ebc23d0a3 0 0 0 0 0 1
train_jpeg/11dee4da1ff602fbb596f7792e84ba85 0 0 0 0 0 1
train_jpeg/11eda2bb6f6db5355ffc8ec8e36a8866 0 0 0 0 0 1
train_jpeg/12177d397427232ae8dce96f91b3cd78 0 0 0 0 0 1
train_jpeg/123b3644a2eaa1990a2d121787e6ad1d 0 0 0 0 0 1
train_jpeg/1243c3cd5ad7c097fdcd147e025ac628 0 0 0 0 0 1
train_jpeg/127c8c92b4e4393323efcde8c536de93 0 0 0 0 0 1
train_jpeg/12c57b0679d77f63009d79239f5cb1ba 0 0 0 0 0 1
train_jpeg/131a5aebed48ad2591a6c20f30eec857 0 0 0 0 0 1
train_jpeg/1321c07f9d1b639d364cc360aac4dae3 0 0 0 0 0 1
train_jpeg/133ed9054828b0e75987e00217aef89d 0 0 0 0 0 0
train_jpeg/1358ac2ad4c2aa92b97102ca7a6588c1 0 0 0 0 0 1
train_jpeg/14155c990928bd35a34c5b63593cb300 0 0 0 0 0 1
train_jpeg/142c40f682be5393eabfbaac162c7e1e 0 0 0 0 0 1
train_jpeg/1436bbd29c4dcb04ac01e6696dd7e18d 0 0 0 0 0 1
train_jpeg/14f7c3b33b29f53bcd6103f50ed76353 0 0 0 0 0 1
train_jpeg/15231685e2711bfe8eaef46418877d94 0 0 0 0 0 1
train_jpeg/1568b51e55c6d3b116b11c852c18e279 0 0 0 0 0 1
train_jpeg/1577db18d5da316898c6c06ca60da535 0 0 0 0 0 1
train_jpeg/157a5f10f07b0c68a0dae91fd9be51aa 0 0 0 0 0 1
train_jpeg/158038e087e9cded6fd693f21c814608 0 0 0 0 0 1
train_jpeg/15a0f6bc04df6fafdc50b7637fbde815 0 0 0 0 0 1
train_jpeg/15adb042e5149aca8f045e3fab6cf7f8 0 0 0 0 0 1
train_jpeg/15b0e4f28f04c455b90949d649987742 0 0 0 0 0 1
train_jpeg/15f016248709de49e2b725bda5cdd787 0 0 0 0 0 1
train_jpeg/160bb47c3022a18a9e106c8794ddd4a0 0 0 0 0 0 1
train_jpeg/1625249b80df13df89d06b2c30877a1e 0 0 0 0 0 0
train_jpeg/16256e8d9a534da21218d2bedfadd553 0 0 0 0 0 1
train_jpeg/1666f93daf79b5abe474279e391fc406 0 0 0 0 0 1
train_jpeg/166ec2a0d12a881a828e8094bd8a278d 0 0 0 0 0 1
train_jpeg/168545c5937c58f7b7ed7cdd5ed15ef7 0 0 0 0 0 1
train_jpeg/169161c96410386408a481c9e6b64925 0 0 0 0 0 1
train_jpeg/16a244c7bc07097bfb5a24f2318ae538 0 0 0 0 0 1
train_jpeg/1732b48edd6dc9dc34aa5d2efa79f98c 0 0 0 0 0 1
train_jpeg/177e4361a97721ae96b88643639b21a9 0 0 0 0 0 1
train_jpeg/17c605c7398e5c8ba72d279fcef9d95c 0 0 0 0 0 1
train_jpeg/17fc311041dbdb50c502716ca8302a93 0 0 0 0 0 1
train_jpeg/17fe937a857cfb757b8718ae875ab8e1 0 0 0 0 0 1
train_jpeg/18016e29bda26f938d66d73c887101d7 0 0 0 0 0 1
train_jpeg/18380add550465c69aeebf7188c0f583 0 0 0 0 0 1
train_jpeg/1852c9e51ea7a5d9172b98cf23ca45e3 0 0 0 0 0 1
train_jpeg/189c815777fa485aae9d996e4a567650 0 0 0 0 0 1
train_jpeg/189cdd6c035ddf60e25d6b5a59483aa4 0 0 0 0 0 1
train_jpeg/189fc91e6797c100bbd6a6ae3cd61885 0 0 0 0 0 1
train_jpeg/18d947bf4df364db859aefa2e3ef34fd 0 0 0 0 0 1
train_jpeg/18ee5156937f823acee35e15110c6521 0 0 0 0 0 1
train_jpeg/19092706cfc4df42ae8f3302eb73bbd3 0 0 0 0 0 1
train_jpeg/19166a92a3d37b92c74545e99e711210 0 0 0 0 0 1
train_jpeg/192c4c38091301d8e28feefe188d0688 0 0 0 0 0 1
train_jpeg/196ed4874930e64f2fceb453533d4d47 0 0 0 0 0 1
train_jpeg/19a8657db54ba2c4b22dc25bb33cc113 0 0 0 0 0 1
train_jpeg/19e10a7d79e4a8803fae795e5ac4222a 0 0 0 0 0 1
train_jpeg/19f846627c7cbca2485703b5bfee2e52 0 0 0 0 0 1
train_jpeg/1aae727ec5c427a7af7b9d3f9dbfb09c 0 0 0 0 0 1
train_jpeg/1ad2d9c6def81b7e8beacded24a06853 0 0 0 0 0 1
train_jpeg/1aebe196c344ddae48ec99b142bcf4c2 0 1 0 0 0 0
train_jpeg/1b03ffc81d549227fc6c640d9a4833f6 0 0 0 0 0 1
train_jpeg/1b09f8963f072c7caf4ecc685910fb15 0 0 0 0 0 1
train_jpeg/1b8bb721f6adf077404509d5ba07033f 0 0 0 0 0 1
train_jpeg/1ba651ae8bc6ee9f54a09088442b930c 0 0 0 0 0 1
train_jpeg/1bc174094e607cdc28d45f84440b8578 0 0 0 0 0 1
train_jpeg/1bcf6203521944e6222a000fec9fab38 0 0 0 0 0 1
train_jpeg/1be14d718a03e0faf08e7c7d306f8553 0 0 0 0 0 1
train_jpeg/1c1852e92ee88bfdab5af701f0578076 0 0 0 0 0 1
train_jpeg/1c20d41293aef2aadd04e8bfe511cc2c 0 0 0 0 0 1
train_jpeg/1c3d8a2aafef57d6aa48d11152d18da1 0 0 0 0 0 1
train_jpeg/1c62f00b3228d2e131a84d1889e213cc 0 0 0 0 0 1
train_jpeg/1c8036c48a361f409364bf1fe5a43b42 0 0 0 0 0 1
train_jpeg/1c8a70eca4a79fd10e3689e2b378c603 0 0 0 0 0 1
train_jpeg/1ce7996f94d654d32b68deb552867232 0 0 0 0 0 1
train_jpeg/1cfebd799d9854a50bfa74e0271f358e 0 0 0 0 0 1
train_jpeg/1d20e1e5265fd1be193171a71190cd9e 0 0 0 0 0 1
train_jpeg/1d2d0c20b6d0ed10e8967b5728f3a357 0 0 0 0 0 1
train_jpeg/1d6460bc60fe5460e73fc82ef58721bc 0 0 0 0 0 1
train_jpeg/1d932218c8a3889b328c368944de8355 0 0 0 0 0 1
train_jpeg/1d9f612e47d96fab988e3d0664e98c81 0 0 0 0 0 1
train_jpeg/1da2fa5fa13f1568e27aab809f2cf9c2 0 0 0 0 0 1
train_jpeg/1da6c21d441f9f4853662d9d038c7af3 0 0 0 0 0 1
train_jpeg/1dbb725a05c9543e9bd2593ac079f970 0 0 0 0 0 1
train_jpeg/1e1dcf1ea1d974a5fea81b7616a11723 0 0 0 0 0 0
train_jpeg/1e906de6eb973a6cdb7fc9bafb2db7aa 0 0 0 0 0 1
train_jpeg/1e91bcfb6d3af8862003b143dd70b7db 0 0 0 0 0 1
train_jpeg/1f0020b4117724f14386bcbeebb9d194 0 0 0 0 0 1
train_jpeg/1f8cfd858bed230665e07d2921eee379 0 0 0 0 0 1
train_jpeg/1f9ef17f74453e53b8db567408e07610 0 0 0 0 0 1
train_jpeg/1fb52c6de89983f8e92e0d3512da68a0 0 0 0 0 0 1
train_jpeg/1fce42f55a0de66eb161fc831cd33cc3 1 0 0 0 0 0
train_jpeg/203aae5cb1d337a3a04dec49d6af2b1f 0 0 0 0 0 1
train_jpeg/205fa60a4f5ec02693ffe8f6f0697f7a 0 0 0 0 0 1
train_jpeg/2064c0ca2857f38fe43d1a3e30847a1b 0 0 0 0 0 1
train_jpeg/2072cdb6aab12d25059bb55e7d832290 0 0 0 0 0 1
train_jpeg/207fd3c362fd3f6dcd3adc75a03c4861 0 0 0 0 0 1
train_jpeg/208cddf534a1bc9c35f5faa6a6c51f94 0 0 0 0 1 0
train_jpeg/209984855d71b90339d062d156aee959 0 0 0 0 0 1
train_jpeg/20ae3139b1ae9537caeff00f6cb2200a 0 0 0 0 0 1
train_jpeg/20b70e16705cf1e99116b00a056d439e 0 0 0 0 0 1
train_jpeg/211cd7d772ad3e3f49baa8f641f219b8 0 0 0 0 0 1
train_jpeg/211df242014f50bb0340e68a5e6355e8 0 0 0 0 0 1
train_jpeg/212863572a589065a200069a59d5223c 0 0 0 0 0 1
train_jpeg/2191f74886101a1a4ea55622a43a059e 0 0 0 0 0 1
train_jpeg/21ad5dc8b515606f3bd9ba9dde4dc5d9 0 0 0 0 0 1
train_jpeg/21e14e9b837be036c1ca616888d50a03 0 0 0 0 0 1
train_jpeg/22141f53eba2088f460be5d3f323121b 0 0 0 0 0 1
train_jpeg/221c92d2718f1f49ee483ab4afbc7238 0 0 0 0 1 0
train_jpeg/221d68705e17ec11935e410fcc483b0f 0 0 0 0 0 0
train_jpeg/2242be6dd6a2cac8cbcf1e67fce1d609 0 0 0 0 0 1
train_jpeg/227135e2b19eb0c41177abe170572eab 0 0 0 0 0 1
train_jpeg/2285e92d66a166fa72444a73f4c5fc52 0 0 0 0 0 0
train_jpeg/22abdc214b76004a0bad8faf56da9cee 0 0 0 0 0 1
train_jpeg/22c9c7ace328496817b0791450e3a221 0 0 0 0 0 1
train_jpeg/22d19c4c78f610af52deff4e4ab318e4 0 0 0 0 0 1
train_jpeg/233f57606de7ccc838a608e40af9978d 0 0 0 0 0 1
train_jpeg/2347dab98cd65e96579a358f804cda96 0 0 0 0 0 1
train_jpeg/23ac6234107db29775e5a285c5b0e364 0 0 0 0 0 1
train_jpeg/23b5a0775b57978b873274fd8e155ffb 0 0 0 0 0 1
train_jpeg/23f29659e174d2c4651857bf304a5d75 0 0 0 0 0 0
train_jpeg/2479523e23486abd1d2ad666381eea86 0 0 0 0 0 1
train_jpeg/251c97b8c98e693de061e10ea6c578d2 0 0 0 0 0 1
train_jpeg/256506ed7f2d47b1fca0d52a863e7b2b 0 0 0 0 0 1
train_jpeg/2569aa422bf60fdc871466f7e3c6e320 0 0 0 0 0 1
train_jpeg/2591164d62a43e6d97a560800247cd5e 0 0 0 0 0 1
train_jpeg/25978f8d8601743919c7b3613b4d066e 0 0 0 0 0 1
train_jpeg/25c342addb22487b245ba09784e3efc9 0 0 0 0 0 1
train_jpeg/25c3e8d473ae41bff1a294abfa850615 0 0 0 0 0 1
train_jpeg/262cd3e70a033d61a7236aa971be339a 0 0 0 0 0 1
train_jpeg/26685ccd5ba1c45df01ae530f323f3ab 0 0 0 0 0 1
train_jpeg/26c993f260c3451d290d3da19477292d 0 0 0 0 0 1
train_jpeg/26ca0d087d159ff2705f65df9d5fa599 0 0 0 0 0 1
train_jpeg/26f736f4ae211cb29c19a3e57ba3e7f4 0 0 0 0 0 1
train_jpeg/2701ad8a2b944ab70d52c1b14abb2bf0 0 0 0 0 0 1
train_jpeg/27129548cc62420449c33ed5fb41eec6 0 0 0 0 0 1
train_jpeg/271f9008a6ac0c2fbed2ee6d40ff8750 1 0 1 0 0 0
train_jpeg/2768843da7fdebbc3fb547cc8af6f83f 0 0 0 0 0 1
train_jpeg/278dea92aaa93bc18c56e11cd87dc474 0 0 0 0 0 1
train_jpeg/27e70ebeac2e00013a3dd409fcfeebec 0 0 0 0 0 1
train_jpeg/28013e33c4791e3046b3bc78b6cc7338 0 0 0 0 0 1
train_jpeg/2849342ae0ba121002d4bc792c9d1fc3 0 0 0 0 0 1
train_jpeg/289267f94a0bb624a41647870f180bd2 0 0 0 0 0 1
train_jpeg/28c18bf8fcb6c11c5fbc7c00d9f5bacc 0 0 0 0 0 1
train_jpeg/28d8489a722cda61dd3311336f77b1cd 0 0 0 0 0 1
train_jpeg/28f5b7d5b7f60a3a5995a656dee4f3d0 0 0 0 0 0 1
train_jpeg/291c6271acaa571169c5c423e84a24c0 0 0 0 0 0 1
train_jpeg/294c1b068fb6ecfd27f5106e744ddb4b 0 0 0 0 0 1
train_jpeg/29607b4405f0d054e91ff0ab5e864901 0 0 0 0 0 1
train_jpeg/298e16b43167c0dcad5f436519489f18 0 0 0 0 0 1
train_jpeg/2a1fcf5a5313b721f2fdbfee711bb098 0 0 0 0 0 1
train_jpeg/2a4a459820226a8b7683df0df4adac6f 0 0 0 0 0 1
train_jpeg/2a53e7732f137e6d8c555ebc75ab4244 0 0 0 0 0 1
train_jpeg/2a57a43eb05857ef728c218acee2ef7d 0 0 0 0 0 1
train_jpeg/2a8b9d2e09ada919e6ce45cb6c451d21 0 0 0 0 0 1
train_jpeg/2a8be2bd51a3851ed0ce9c84e9a62426 0 0 0 0 0 0
train_jpeg/2aa257bfba49bfe4e8521bbab6042365 0 0 0 0 0 1
train_jpeg/2ad9cb1610c318b89b42912ae007040e 0 0 0 0 0 1
train_jpeg/2b33f3a742af2c0d8fce8a2a808ea409 0 0 0 0 0 1
train_jpeg/2b4cc90d8da5aed26cdc3bb1f39e9f55 0 0 0 0 0 1
train_jpeg/2b6f39b5deccef4bfa11213d267b2a66 0 0 0 0 0 1
train_jpeg/2b8d23b406077cd35596765abe6930c8 0 0 0 0 0 0
train_jpeg/2bfc8083486515f4ea07ed1a9d169b9f 0 0 0 0 0 1
train_jpeg/2c0444193210187dba7db4a9df722eb9 0 0 0 0 0 1
train_jpeg/2c2dc0e7132a7a8580035785e723f458 0 0 0 0 0 1
train_jpeg/2c49a0717dffbc97f2236bd0e9ae62a7 0 0 0 0 0 1
train_jpeg/2c5b052c8611cb2c29975bfd1af85bba 0 0 0 0 0 1
train_jpeg/2c6076a64fecbe68df18715260167643 0 0 0 0 0 1
train_jpeg/2c61061cab4605143ca51eba6ec952ec 0 0 0 0 0 1
train_jpeg/2c69ecb7713836b2637306bc11cce405 0 0 0 0 0 1
train_jpeg/2c71d64c36258deed0de846014db0813 0 0 0 0 0 1
train_jpeg/2c98f347eaab3c1e87fbe196b81f61d5 0 0 0 0 0 1
train_jpeg/2cc27e3c32eea31bb6c57b7164a3c867 0 0 0 0 0 1
train_jpeg/2cdd80120a508ec319a0f623d5f65bb3 0 0 0 0 0 1
train_jpeg/2dc722469cfd32be031103b80b8aaf47 0 0 0 0 0 1
train_jpeg/2dc9da42a0099cfcffc06ea77961c7c1 0 0 0 0 0 1
train_jpeg/2dfdd83451da9f82c3d926615630dd62 0 0 0 0 0 1
train_jpeg/2e10c234965bb40e56dcdc89a360db5e 0 0 0 0 0 1
train_jpeg/2e400d384acd12f3569df70ad088af11 0 0 0 0 0 1
train_jpeg/2e437cc9845683e509f2434604f6bff2 0 0 0 0 0 1
train_jpeg/2e4698e538724a69d239744c8460de50 0 0 0 0 0 1
train_jpeg/2e634940f1e54c351390adc796441c3f 0 0 0 0 0 1
train_jpeg/2e8560279f33efcd58a5380ee0667604 0 0 0 0 0 1
train_jpeg/2f000bd78273737ac4ddbb618666746a 0 0 0 0 0 1
train_jpeg/2f3264d3c0a52bb2e280855bcfd35733 0 0 0 0 0 0
train_jpeg/2f8c3ce0e4ac8f026bfbfd14772bb701 0 0 0 0 0 1
train_jpeg/301e30589376d76ac096d2b27289f2be 0 0 0 0 0 1
train_jpeg/309060f37e4a3f72170c211228ce5cc9 0 0 0 0 0 1
train_jpeg/30a19e21bc219f1956701d0e4491ba77 0 0 0 0 0 1
train_jpeg/30b2356b3f71b6a43e499af2cba679c0 0 0 0 0 0 1
train_jpeg/30b2830c567550e16cb0813c6a29337c 0 0 0 0 0 1
train_jpeg/31086c8db6231fd63072f8f0e985f4a0 0 0 0 0 0 1
train_jpeg/313b72bf31da2fc6dbe5ee58292d1c29 0 0 0 0 0 1
train_jpeg/313cf92c86e50ea60e93fa0e132c444c 0 0 0 0 0 1
train_jpeg/315f5a29c40340bec713b41617891019 0 0 0 0 0 1
train_jpeg/316ebee7f8ce1cc976a6cfa3af2380e4 0 0 0 0 0 1
train_jpeg/31918525edeb35df2d1d8ee26af6b23e 0 0 0 0 0 1
train_jpeg/31982b0deb461e745d7e769a99f09249 0 0 0 0 0 1
train_jpeg/31be77981097447655ba760810965a6d 0 0 0 0 0 1
train_jpeg/31c4f79a0513c0470deebbfb0a2231e1 0 0 0 0 0 1
train_jpeg/31e84e485efdbb4047c66f17e5b52e8f 0 0 0 0 0 1
train_jpeg/31fb14bd8c5f93dcbd6cf90c18f6ebd7 0 0 0 0 0 1
train_jpeg/322bf58e1679125507f7909591396e0e 0 0 0 0 0 1
train_jpeg/323abbba4d9da9ac2b171ffc36a9986d 0 0 0 0 0 1
train_jpeg/323e8b4d810f8da386942f6973580413 0 0 0 0 0 1
train_jpeg/32557c0fb41d37a9e3c8485d3dcdb8cc 0 0 0 0 0 1
train_jpeg/325c062a860bca024758a223755d74a6 0 0 0 0 0 1
train_jpeg/328e89c3bad7c078d2295a666e496bc7 0 0 0 0 0 1
train_jpeg/32a367a5baa263fa8c3d6f47cf5efc3e 0 0 0 0 0 1
train_jpeg/32b93ad2764eaed516ee0a5c7d5817e9 0 0 0 0 0 1
train_jpeg/32c3cbd93106381147b738ec68ea5f40 0 0 0 0 0 1
train_jpeg/32f643fbd7e99181193edf3720888743 0 0 0 0 0 1
train_jpeg/3303206b4b2cb0c6da37a0a3e9d23a86 0 0 0 0 0 1
train_jpeg/330f501cb35f5f63d3f9cefe507ff47a 0 0 0 0 0 1
train_jpeg/33146af87f7bf6c9836c1f83aa609df2 0 0 0 0 0 1
train_jpeg/3325d98f021657b783303a0264e0c4a7 0 0 0 0 0 1
train_jpeg/33ddcbc05ab42047e14d6a9ff8f3b052 0 0 0 0 0 1
train_jpeg/33e50d8affccee27af22b7692af554d7 0 0 0 0 0 1
train_jpeg/33e56cba92c37d947c7d9a2f681d696d 0 0 0 0 0 1
train_jpeg/33fbdb351c16ce9efa9e9ef68bad8b6b 0 0 0 0 0 1
train_jpeg/3401b53a86a36db0ff61b87eec51b4e8 0 0 0 0 0 1
train_jpeg/340b0fcd5c4442fb653a1abc3a90ee5e 0 0 0 0 0 1
train_jpeg/344b6a69f9dc489eeb704f9686db24d4 0 0 0 0 0 1
train_jpeg/34621088325983505745f058223e081c 0 0 0 0 0 1
train_jpeg/346f1188f13a810f924803b118e16c44 0 0 0 0 0 1
train_jpeg/34b603069113c5ca58f14a9a7df6386a 0 0 0 0 0 1
train_jpeg/34cf0e0224b5351949b986a7c0c51524 0 0 0 0 0 1
train_jpeg/34db9c79ad5fc3bf85793d9a5ef74584 0 0 0 0 0 1
train_jpeg/34ebf9174995582aae86b99f54087647 0 0 0 0 0 1
train_jpeg/351057b882a88cbeaff0529e7c6b80aa 0 0 0 0 0 1
train_jpeg/3510b78c9c3bf89c1a68ffc05354354d 0 0 0 0 0 1
train_jpeg/353ca5037bc2f25c6af8d1e6b6e0a2f1 0 0 0 0 0 1
train_jpeg/358dd8dad4d1449fc453f8a12f0f46b5 0 0 0 0 0 1
train_jpeg/35e38672875ff60d5a131d91b4db5a6d 0 0 0 0 0 0
train_jpeg/360c94f96b9beac4211eb22003a0f732 0 0 0 0 0 1
train_jpeg/36172f7de00633f73845c217d3420091 0 0 0 0 0 1
train_jpeg/364d90c3c45c57222565679c2503fb58 0 0 0 0 0 1
train_jpeg/36bbd459a965a8e317338dcc9d9e4185 0 0 0 0 0 1
train_jpeg/36c9811a352b5b8721793d608e786fea 0 0 0 0 0 1
train_jpeg/36ce9c445dc3d9c1773d39281e40c14b 0 0 0 0 0 1
train_jpeg/37097f7608e3b19fd015b45cd85104ca 0 0 0 0 0 1
train_jpeg/379f083410e64a2fb74761b795bd0a41 0 0 0 0 0 1
train_jpeg/37f810742e4cac9941b74e659620f594 0 0 0 0 0 1
train_jpeg/3819a956d27d2125322e675f730c4cf0 0 0 0 0 0 1
train_jpeg/386295741d73b6939ecd3a49d0b331a7 0 0 0 0 0 1
train_jpeg/3873c800bc356d4752c3c5cd7f657bc5 0 0 0 0 0 1
train_jpeg/3884726ab4793df899a6f3767c971d0e 0 0 0 0 0 1
train_jpeg/38ccfc0fd67dcb818d05fc640e968a92 0 0 0 0 0 1
train_jpeg/38d7d44f0a3b6c7129851d7ec6d9c001 0 0 0 0 0 1
train_jpeg/392e6895aed532dc01d58682542e0daf 0 0 0 0 0 1
train_jpeg/393dc0ccbebc37e894b09cef426ff00d 0 0 0 0 0 1
train_jpeg/394e48783c48ba38f5a8376b623f3f8d 0 0 0 0 0 1
train_jpeg/397f840f6dce7a9c82940572c3662021 0 0 0 0 0 1
train_jpeg/3981cb75f8ba83f76950d9b9745337d5 0 0 0 0 0 1
train_jpeg/3998abd4fc8f8535b85dbcc3bba21759 0 0 0 0 0 1
train_jpeg/39b089e6b4b6c7ed3a6dc4c176e82ffb 0 0 0 0 0 1
train_jpeg/3a0d195ad217ba81a6d83c2193c03a39 0 0 0 0 0 1
train_jpeg/3a15dabad355333b43c65c016ae555d7 0 0 0 0 0 1
train_jpeg/3a2afe680c468e809c808a8c456412f9 0 0 0 0 0 1
train_jpeg/3a76b6f5eca1dc2946a8de6fe7764dc9 0 0 0 0 0 1
train_jpeg/3a7a9cd8aaaa550f5f72ae9fe1707ab9 0 0 0 0 0 1
train_jpeg/3a9ca3e1abf4367614147b0df838624a 0 0 0 0 0 1
train_jpeg/3aa1aa100d059de96740925373bbf8c7 0 0 0 0 0 1
train_jpeg/3aaf9082b2fc37d21d61ae532d3112d4 0 0 0 0 0 1
train_jpeg/3aba33c4fe83153691e94697ef7bea47 0 0 0 0 0 1
train_jpeg/3b84fad11366b42cf32c96c2d0fa84d4 0 0 1 0 0 0
train_jpeg/3b87310521f1d17367a581fc6e0eb19d 0 0 0 0 0 1
train_jpeg/3c1452a661aece0bac73b74759ba60f1 0 0 0 0 0 1
train_jpeg/3c34b9ebfce146cdc0faf222c63e9f0a 0 0 0 0 0 1
train_jpeg/3c701346ae6f5d05b3bc834a40f3521e 0 0 0 0 0 1
train_jpeg/3cd8b9b6d212008e7eac9a1fe86b15e3 0 0 0 0 0 1
train_jpeg/3d056d7ea2a9792b95034d17f8056f2e 0 0 0 0 0 1
train_jpeg/3d13a22e76206fe0ec7290d11675fc55 0 0 0 0 0 1
train_jpeg/3d3f2310d40e573250591e1238b92a07 0 0 0 0 0 1
train_jpeg/3d70046ae9a650f1316d143166541089 0 0 0 0 0 1
train_jpeg/3da6aaa7e2b67dec303f577cc9768766 0 0 0 0 0 1
train_jpeg/3da89bf577082524327d6cb2b6c75d0d 0 0 0 0 0 1
train_jpeg/3db1bd2d51eb272a8fe105d6488fbf49 0 0 0 0 0 1
train_jpeg/3dd04efbb7f8f0e2757e8e588350f8e0 0 0 0 0 0 1
train_jpeg/3df3f28df05bf2d1abaa7ff039c87597 0 0 0 0 0 1
train_jpeg/3dfbe57b2f78fdc715e81b12630f45ec 0 0 0 0 0 1
train_jpeg/3e288b491b9c0fe5e4dcdd1aeb86ecc8 0 0 0 0 0 1
train_jpeg/3e40696236bdb6dec60938d7f7d8aa2b 0 0 0 0 0 1
train_jpeg/3e6c58b46224d9298a6e14933cbff6a5 0 0 0 0 0 1
train_jpeg/3e7b8f8f648591b569052ea31b66d0e7 0 0 0 0 0 1
train_jpeg/3ebc0b7ef1fc3c66556910e3cf33dd53 0 0 0 0 0 1
train_jpeg/3eeb4cc69cd1ad58977c23d880360fe4 0 0 0 0 0 1
train_jpeg/3ef5d404249d94d8f456021689dc4a18 0 0 0 0 0 1
train_jpeg/3f083f710e5cf1497091bae4b0ae60ba 0 0 0 0 0 1
train_jpeg/3f4c0ff4b6e48838d7d9ddd9573f14b7 0 0 0 0 0 1
train_jpeg/3fc0763ebdef87b4c27cfb2a062b6496 0 0 0 0 0 1
train_jpeg/3fce94c1b748aab8c5a46595fa0213de 0 0 0 0 0 1
train_jpeg/3ffe3bcf96ad33f1d612b24e4a35a38d 0 0 0 0 0 1
train_jpeg/40069a1da8d0e9fc831ce5672b0ec908 0 0 0 0 0 1
train_jpeg/4050d581f516b52e57e00cf3002bff3a 0 0 0 0 0 1
train_jpeg/40c5bb0fb2daacf73f49b8cdfc278a27 0 0 0 0 0 1
train_jpeg/411eb5829495985e8577c8fbdaf01ec9 0 0 0 0 0 1
train_jpeg/41264e8b15541bea4f7fb5a8abfb4bbc 0 0 0 0 0 1
train_jpeg/4136016fd53cb7cd6a3ac0a6f02ad0d1 0 0 0 0 0 1
train_jpeg/414d3ae841a5f9f23e74b1668ee0349c 0 0 0 0 0 1
train_jpeg/41c14d3879236a7c6f4dc5c2edcc8a0b 0 0 0 0 0 1
train_jpeg/41c3934a9d606ac5ab8d0ed35bb4b8c7 0 0 0 0 0 1
train_jpeg/41d75e4a8e06778e2feecc16c5c5fd41 0 0 0 0 0 1
train_jpeg/4212c387ecc2861799e7394603c325a7 0 0 0 0 0 1
train_jpeg/4222442e8764f5246f29f9974292599d 0 0 0 0 0 1
train_jpeg/423aea36851130d0e2e6c7bf80224378 0 0 0 0 0 1
train_jpeg/425c95d8d95b788f765369fac0f21674 0 0 0 0 0 1
train_jpeg/426897029e9276d5279228ecd1c0f814 0 0 0 0 0 1
train_jpeg/4276a13328e1ca901cc4c3810923933d 0 0 0 0 0 1
train_jpeg/4279368bcbf7e98171be56cc9855ef67 0 0 0 0 0 1
train_jpeg/42d11d9d6b6658aec9981872774c219a 0 0 0 0 0 1
train_jpeg/42df852049491e66a01273017bdffa79 0 0 0 0 0 1
train_jpeg/42f2378d29befde9ac467597a332425c 0 0 0 0 0 1
train_jpeg/430d3965420491cd83a28bac825dda61 0 0 0 0 0 1
train_jpeg/43168eb06024ac4634c14f1d386f4136 0 0 0 0 0 1
train_jpeg/4325459899364084f6d63bcbee5c586e 0 0 0 0 0 1
train_jpeg/4345be313f4d62bb6b2a56feefe891e7 0 0 0 0 0 1
train_jpeg/43476eeda3cc6f144c7726c90790bfd6 0 0 0 0 0 1
train_jpeg/43508e14f9e8103548d138b5bb1b07ee 0 0 0 0 0 1
train_jpeg/437f18f1921a5268a16dacfa5d3b2742 0 0 0 0 0 1
train_jpeg/43a3e561b8fb2f24e425d0a6647e284a 0 0 0 0 0 1
train_jpeg/441205382e7856b9ff5d4c3d1fb36a09 0 0 0 0 0 1
train_jpeg/4412b110512b07eb193edc92f2e3d1c7 0 0 0 0 0 1
train_jpeg/445dd6ffe49825ec36647f0d6f465fe8 0 0 0 0 0 1
train_jpeg/4462595f31d1a2c5aac2b3a8a49536d4 0 1 0 0 0 0
train_jpeg/447ffd3522ec98af212bfbea80f54023 0 0 0 0 0 1
train_jpeg/449cb0cf7ab20dc024d288502c7e56e1 0 0 0 0 0 1
train_jpeg/449d8bc9224433abf1a23b78998bac06 0 0 0 0 0 1
train_jpeg/44e0f233a3ade73cab164079b182bf41 0 0 0 0 0 0
train_jpeg/44f9b63f52d77dd9d19d491a36f3cf5a 0 0 0 0 0 1
train_jpeg/452703255619cb09069451f795789b97 0 0 0 0 0 1
train_jpeg/452c5e2036c4068330a7f95ab257fe2d 0 0 0 0 0 1
train_jpeg/45406c4ee98c4d2643f7330f1d73f638 0 0 0 0 0 1
train_jpeg/45914f9faa0cdc6dd6eeba48fd1c6402 0 0 0 0 0 1
train_jpeg/459613fae80e092b4619ccd7fc6549dd 0 0 0 0 0 1
train_jpeg/4598e5a3abf2a9fe6a8c12a233cea6a2 0 0 0 0 0 1
train_jpeg/45df4dae1e6f49f649ebc1aacb8d755b 0 0 0 0 0 1
train_jpeg/45ebeb3af9b9bb5193da7b77150c19fc 0 0 0 0 0 1
train_jpeg/45ec586e0a472504040b222a93587336 0 0 0 0 0 1
train_jpeg/460a6a35d0eb20fb8f7ff0e984bfdc60 0 0 0 0 0 1
train_jpeg/4654d647c5fbf15bcb773a250d085d3d 0 0 0 0 0 1
train_jpeg/46633cbe0ddaef3d0dc44ef5bcd19439 0 0 0 0 0 1
train_jpeg/4679cc98fd5d83db238876050fc3e31f 0 0 0 0 0 1
train_jpeg/46c76222a5a77d4670f091a7952f2b26 0 0 0 0 0 1
train_jpeg/46d87ff1664797fab0eab2daf99550af 0 0 0 0 0 1
train_jpeg/46e5a3a0bbcaeaa1b6e0504d4847e71f 0 0 0 0 0 1
train_jpeg/473e37c62215eca1498bf0584e59b69a 0 0 0 0 0 1
train_jpeg/47442e93ccecce0cdb697009fa54414d 0 0 0 0 0 1
train_jpeg/477d4f6f3dd7d7963718978b471aca4f 0 0 0 0 0 1
train_jpeg/479f688143635e866da68da5dcd88efc 0 0 0 0 0 1
train_jpeg/47a6275032367faf2eb887a974077bde 0 0 0 0 0 1
train_jpeg/47ae412991a2007b884e35d473f4c0d1 0 0 0 0 0 1
train_jpeg/47db2377baf03ae64eb421d6a9613a6f 0 0 0 0 0 1
train_jpeg/482888f84b6b41c2afff7e8fb6341884 0 0 0 0 0 1
train_jpeg/482b87eee32062b04427c763c699ccbf 0 0 0 0 0 1
train_jpeg/484a9835755d5041ab8af0ebdedef31f 0 0 0 0 0 1
train_jpeg/48689c774903b4e601615f4dcf83380e 0 0 0 0 0 1
train_jpeg/487663f299b90d4718c54b6a0ada25e6 0 0 0 0 0 1
train_jpeg/48b4cca3fef302fae60f37abfe5bb461 0 0 0 0 0 1
train_jpeg/48e59d6f94bf9e8a3acf7fef51ac3d77 0 0 0 0 0 1
train_jpeg/492bc09a9ea6dacc2a35e890caf4e937 0 0 0 0 0 1
train_jpeg/4a003fe10a49ccef31c7c3875b534e33 0 0 0 0 0 1
train_jpeg/4a36862143c1cdc398259f9d51858e3e 0 0 0 0 0 1
train_jpeg/4a67efd541f3149e52fc543a33abd332 0 0 0 0 0 1
train_jpeg/4aacc762e618db842250314e94272db8 0 0 0 0 0 1
train_jpeg/4ac56d1d9d015150191e49197b8ed15e 0 0 0 0 0 0
train_jpeg/4accb02a87e27e8f75ff6195eca04b41 0 0 0 0 0 1
train_jpeg/4b514fdcb1c194983b7b34c9fc3e0ad5 0 0 0 0 0 1
train_jpeg/4bc187f73382906f3da22dd5ab8de865 0 0 0 0 0 1
train_jpeg/4bcc35b719babdca7601e8f6af06d537 0 0 0 0 0 1
train_jpeg/4bdf879330449972f73b5af4588ca54d 0 0 0 0 0 1
train_jpeg/4be08f045fa7243f8f03dd027d420c39 0 0 0 0 0 1
train_jpeg/4c27e9e5e1f0eccd8fbda6137e6d29d3 0 0 0 0 0 1
train_jpeg/4c4cf43e7c8529c430c1d1295fee1784 0 0 0 1 0 0
train_jpeg/4c64464eae47d1221ae0ed053b2d6fda 0 0 0 0 0 1
train_jpeg/4ca74d7bb5be01b0d9779c57231bf1c1 0 0 0 0 0 1
train_jpeg/4cbc9c033fe06b8037718e3a4c52be21 0 0 0 0 0 1
train_jpeg/4ccc63ecf9efef91deef0f5849e3ad34 1 0 0 0 0 0
train_jpeg/4cdc062257b3f9570bef2afe986605a8 0 0 0 0 0 1
train_jpeg/4cf987893f920af6130ebf1aacbe812d 0 0 0 0 0 1
train_jpeg/4d08dd43be2d1dbf38fab2f5120cc1f8 0 0 0 0 0 1
train_jpeg/4d4bffa2926bfcb4851b5e968136b047 0 0 0 0 0 1
train_jpeg/4d953ee949a27aeca11ae925b2905872 0 0 0 0 0 1
train_jpeg/4d9ec9438fb6b72cb4fd117809521132 0 0 0 0 0 1
train_jpeg/4da3a2f82642af51d33d218113e3492c 0 0 0 0 0 1
train_jpeg/4dd58e524414390db1636117f1281554 0 0 0 0 0 1
train_jpeg/4de00727970092f702013334de506744 0 0 0 0 0 1
train_jpeg/4e09020c210d7ec3622e594acd77137c 0 0 0 0 0 1
train_jpeg/4e591732049659e63f5ede8d6669bb5d 0 0 0 0 0 1
train_jpeg/4e64dda72e86baae25f848980f976e6c 0 0 0 0 0 1
train_jpeg/4e9b01aa352324896deb732f39276520 0 0 0 0 0 1
train_jpeg/4e9c30200751a81109f2a096edb028d1 0 0 0 0 0 1
train_jpeg/4ea163d759773e5d39d010336d81410c 0 0 0 0 0 1
train_jpeg/4ecccb854e4e2d710c4859b402ab4880 0 0 0 0 0 1
train_jpeg/4f29e68be3ff463ba57cfcf7ebfddfbc 0 0 0 0 0 1
train_jpeg/4f3f0a46e8ad80ae8811dc255e5ae294 0 0 0 0 0 1
train_jpeg/4f4674e95b0a0de0263bc63b457a7c9d 0 0 0 0 0 1
train_jpeg/4f58c1bba4416c27de765e6120ea84e1 0 0 0 0 0 1
train_jpeg/4f5c366af19af7febed4078fd274636d 0 0 0 0 0 1
train_jpeg/4f605c84d85f83a6eec9a804af5b5d00 0 0 0 0 0 1
train_jpeg/4f85a3489a50abf87136c4544ce8b2ba 0 0 0 0 0 1
train_jpeg/4fa6cca94550b80255481defaff69042 0 0 0 0 0 1
train_jpeg/4fbeeb5466485b289c75a393b8e03dd5 0 0 0 0 0 1
train_jpeg/4ff71ca20844206cc9680124fd80c4c5 0 0 0 0 0 1
train_jpeg/502a3c9ce20947359a226af872d52f09 0 0 0 0 0 1
train_jpeg/5032e302ade4e419a056c3d54b29a97c 0 0 0 0 0 1
train_jpeg/50a418190bc3fb1ef1633bf9678929b3 0 0 0 0 0 1
train_jpeg/50accea9be1dcb0c9f54a9c9d5aaeee6 0 0 0 0 0 1
train_jpeg/50d75e28af419f1e77bebe039080698a 0 0 0 0 0 1
train_jpeg/510c564c69ad435168d78c084913d3aa 0 0 0 0 0 1
train_jpeg/510cf94dc828c654636613b2d5839cad 0 0 0 0 0 1
train_jpeg/511a55fa01b995f09cdb64b543b2d241 0 0 0 0 0 1
train_jpeg/513203e29fe43941076e37a945e58c36 0 1 0 0 0 0
train_jpeg/515b5247a057b966fa2d1bd50907fd79 0 0 0 0 0 1
train_jpeg/5163a39c2357330a40c5e06eab034fad 0 0 0 0 0 1
train_jpeg/517b7cfdc1abbe0d6128187846c8f2e7 0 0 0 0 0 1
train_jpeg/518ae8e9f5a79f0a361127a0e6c6ba70 0 0 0 0 0 1
train_jpeg/524f09c24a034a2daae14151142ff9be 0 0 0 0 0 1
train_jpeg/5252046bf8431ea9065c9f4e82d8cef9 0 0 0 0 0 1
train_jpeg/526bcb4b3ac03245c9d77540cac8d644 0 0 0 0 0 1
train_jpeg/52a31de57ce1d76896720fe4e047dac8 0 0 0 0 0 1
train_jpeg/52a8241a351307b812b63dd80912e0dd 0 0 0 0 0 1
train_jpeg/52fdc418ca620cb655fd196bb4d8c05f 0 0 0 0 0 1
train_jpeg/5329392bb4256fc72975c52c6ccebaca 0 0 0 0 0 1
train_jpeg/534e7dc7c241654e8e0c5b1ce519406e 0 0 0 0 0 1
train_jpeg/535758aaf0f8b926b8d6d6b30561e2dc 0 0 0 0 0 1
train_jpeg/53c5f82af2582e61a0d2c47c851cc246 0 0 0 0 0 1
train_jpeg/53d710c64b803f675b1a8097156a2706 0 0 0 0 0 1
train_jpeg/53e38d7f3c422e9c1b62bb337b882735 0 0 0 0 0 1
train_jpeg/53f7a492d7b85d63e84cca2d36d29809 0 0 0 0 0 1
train_jpeg/5405329646ce8e7910bf03a941da4d88 0 0 0 0 0 1
train_jpeg/542662f9fffebc1b9c7f852a3792e3a9 0 0 0 0 0 1
train_jpeg/5430a52487fe104992c7c6addec843cb 0 0 0 0 0 1
train_jpeg/545b8572f049a9d9a9433bf89a543292 0 0 0 0 0 1
train_jpeg/545dfeb98c767fa82f092f977057c9e6 0 0 0 0 0 1
train_jpeg/54646f3243174b65ff1a0cd363cb1a5b 0 0 0 0 0 1
train_jpeg/547023ac98169150d0803f796bba88e0 0 0 0 0 0 1
train_jpeg/5485fe2a8773b0c4cbcaa636586f61ce 0 0 0 0 0 1
train_jpeg/54977dc8364b21ccbf2e43d2fdb09837 0 0 0 0 0 1
train_jpeg/54e0ba972c320dff17869991619db028 0 0 0 0 0 1
train_jpeg/552455480cb87fa37530826ea8612739 0 0 0 0 0 1
train_jpeg/553691e4b26e55d53719a2434ddb5c8d 0 0 0 0 0 1
train_jpeg/55522f91d2da99602696a2c6b0b5f42a 0 0 0 0 0 1
train_jpeg/55794edcf6b27d7b8af0ac89eac453a6 0 0 0 0 0 1
train_jpeg/559079022efa926d72a579f1cc6de548 0 0 0 0 0 1
train_jpeg/55c18a4388ce0880ed2cea002d2c18e8 0 0 0 0 0 1
train_jpeg/55e5dd662042639488ebb9fbd6a02864 0 0 0 0 0 1
train_jpeg/5602ceee33300c3cf4a74782ae08987d 0 0 0 0 0 1
train_jpeg/5613c1062034062f5eda252ecc07bfb0 0 0 0 0 0 1
train_jpeg/5628d3366a1626745f8b0726b9abd863 0 0 0 0 0 1
train_jpeg/5631b7a74c46990fc86daf723f8c4626 0 0 0 0 0 1
train_jpeg/565f54b1b1426c62c262f41a2a6daa88 0 0 0 0 0 1
train_jpeg/569265e9ba8363c44d32599f9851158b 0 0 0 0 0 1
train_jpeg/56a510efae9f88727958a953dee94ef1 0 0 0 0 0 1
train_jpeg/56e004d50c71eb7952e1e961853fa909 0 0 0 0 0 1
train_jpeg/570181ee90c0c7b4b10d55b0eef129ef 0 0 0 0 0 1
train_jpeg/570b01357f936d484c60c80de7c74b86 0 0 0 0 0 1
train_jpeg/570ff043568e88ee3792b8805e145485 0 0 0 0 0 1
train_jpeg/57249e369cd43410e8005dc512375ff0 0 0 0 0 0 1
train_jpeg/5760f2b040ba7c5f12d246f969d5c7a6 0 0 0 0 0 1
train_jpeg/577807f1ee94692b516b0b184b89ab35 0 0 0 0 0 1
train_jpeg/577a21d75105a48cf206ca39a454fe07 0 0 0 0 0 1
train_jpeg/5790f1fb600b859c067e0bd867c69c3e 0 0 0 0 0 1
train_jpeg/584cf5908211770ecb21b8469834236f 0 0 0 0 0 1
train_jpeg/586194531e8c9a0b1f5b4117858ec899 0 0 0 0 0 1
train_jpeg/58693809cd415e1064e4560428f1ab98 0 0 0 0 0 1
train_jpeg/5873d3612a0a9eace6651a79da106faa 0 0 0 0 0 1
train_jpeg/58982ebd6e63659e9ead7d20e26eb34d 0 0 0 0 0 1
train_jpeg/58989b53f38657250fbb9de06952f139 0 0 0 0 0 1
train_jpeg/58c7372d63bc8cd3b814c6f48f9d069f 0 0 0 0 0 1
train_jpeg/58ca9e2510d61a93d9399026ba37f3b6 0 0 0 0 0 1
train_jpeg/58f042774d3d43dea2889d51f2843927 0 0 0 0 0 1
train_jpeg/591d5da8e2fc8d1c18934e0a69cd640f 0 0 0 0 0 1
train_jpeg/59552a12c5613e106f17771314f64712 0 0 0 0 0 1
train_jpeg/595883a29ce9b34f8ae3c2380cbd6239 0 0 0 0 0 1
train_jpeg/59615049fbc2df4b0aaeb3aca6648421 0 0 0 0 0 0
train_jpeg/59adbe1e67fc3940b3b2e62883154b05 0 0 0 0 0 1
train_jpeg/59b3bc3302675fab558eedad8e9831ab 0 0 0 0 0 1
train_jpeg/59d5b55eca496f01f9d795e593f53db3 0 0 0 0 0 1
train_jpeg/59d6e0d02e892e31e540a05c78338f53 0 0 0 0 0 1
train_jpeg/5a12a2bcdb3bf306a5ad96fc85af65ca 0 0 0 0 0 1
train_jpeg/5a379fa35a1b345ff2dd97594874bc0c 0 0 0 0 0 1
train_jpeg/5a7675d92d86f8fc779d44d82205e51f 0 0 0 0 0 1
train_jpeg/5a8231c748478ef6be5055800a2fce17 0 0 0 0 0 0
train_jpeg/5a8832b016f4d0d530f0146cba23985d 0 0 0 0 0 1
train_jpeg/5a8a028d06d49b8daf3c20c8e53ab805 0 0 0 0 0 1
train_jpeg/5ac4a899ddce1ecac8ab3a498e033f36 0 0 0 0 0 1
train_jpeg/5aecc5225e964b374ba204a7188107db 0 0 0 0 0 1
train_jpeg/5af7ba3901d0937dea00f84257c5c8c2 0 0 0 0 0 1
train_jpeg/5afdac86fe6a4934f69ba9a5d113c5eb 0 0 0 0 0 1
train_jpeg/5b0c168a249db4242e705ede172bed4c 0 0 0 0 0 1
train_jpeg/5b233461eab56cd2966544aa963474f8 0 0 0 0 0 1
train_jpeg/5b54d1b745eaa7fedf8bd9268c2be605 0 0 0 0 0 1
train_jpeg/5b68a9c57be2c2b62bc8d89dee5d869f 0 0 0 0 0 1
train_jpeg/5b737f3ebfbfb5c4b517fd0efdb63ae0 0 0 0 0 0 1
train_jpeg/5b866ad26e7baec8b6133d619eedaeca 0 0 0 0 0 1
train_jpeg/5badecb3025575b7f95f1682f729525c 0 0 0 0 0 1
train_jpeg/5bbee8da980e978d65bfa78521a940a6 0 0 0 0 0 1
train_jpeg/5bcc6e26a5dae4bcb41bebf8661bdde2 0 0 0 0 0 1
train_jpeg/5be4da337b8308d279aac1090c980b1b 0 0 0 0 0 1
train_jpeg/5be7550be6243332c20a9ed74ff616e8 0 0 0 0 0 1
train_jpeg/5bec399818c08d3463ffb412735d4c9b 0 0 0 0 0 1
train_jpeg/5c49b9a6f698f40a9f880de5dc22ec2a 0 0 0 0 0 1
train_jpeg/5ce4036ca4980ebdbc2e21b6aaa3da92 0 0 0 0 0 1
train_jpeg/5cf56433d25338e9606fb511c5e23bf3 0 0 0 0 0 1
train_jpeg/5d240a1c22c7fac743fe5fb1683b8656 0 0 0 0 0 1
train_jpeg/5d262e61cd37483a1110e0adfb1b0aa2 0 0 0 0 0 1
train_jpeg/5d3208e4d13fd596282e56cf51352115 0 0 0 0 0 1
train_jpeg/5d911ff93f3820e66d76ffe822300426 0 0 0 0 0 0
train_jpeg/5dba8b9c0ca23a1abed35763c98facf5 0 0 0 0 0 1
train_jpeg/5dbc58bd87b127636276cef3773b7204 0 0 0 0 0 1
train_jpeg/5dcadceca5d9be91e3a484b004989a11 0 0 0 0 0 1
train_jpeg/5dcc50d9eb1c4959a2a0dbdf2845ffc3 0 0 0 0 0 1
train_jpeg/5ddead13c81182b80ac84286d5edfd1d 0 0 0 0 0 1
train_jpeg/5deff64e4cad1fd10eb0d74c23e469d3 0 0 0 0 0 1
train_jpeg/5df459c558910e614a9eb6bd7b454777 0 0 0 0 0 1
train_jpeg/5dfad8fe7137baab5ab34e852b77521d 0 0 0 0 0 1
train_jpeg/5e161b13cf6f70e59af85dadbd6bd25a 0 0 0 0 0 1
train_jpeg/5e20e4cfb5ad865ea9b81a2b1be9f2d5 0 0 0 0 0 1
train_jpeg/5e24ece4ca0e38ffebf6d92a74b944a7 0 0 0 0 0 1
train_jpeg/5e272e3adbdaafb07a7e84a9e62b1a4c 0 0 0 0 0 1
train_jpeg/5e7b3a88943d8c021ad176490a9db454 0 0 0 0 0 1
train_jpeg/5e93222175e26776307933a06ea34091 0 0 0 0 0 1
train_jpeg/5e9c9b1f6be41b2e52b29cb98997aee6 0 0 0 0 0 1
train_jpeg/5ec026b093ebe102c90cc6d46e224cc7 0 0 0 0 0 1
train_jpeg/5ec73b313975b1a2fdb77e792aab5d88 0 0 0 0 0 1
train_jpeg/5f149875df7d2b5e00fb50b67b576d71 0 0 0 0 0 1
train_jpeg/5f671dd1207e96217c572146f08dc3a2 0 0 0 0 0 1
train_jpeg/5f7e9dab96933463abbb0c5bc5964f96 0 0 0 0 0 1
train_jpeg/5f8a5029da0b82f201d6430377234f53 0 0 0 0 0 1
train_jpeg/5f9656fef011ff6876d88f8042a1ec7c 0 0 0 0 0 1
train_jpeg/5f969b2d21c7aaaba017153227f99b9b 0 0 0 0 0 1
train_jpeg/5fac2346be7221dbcef8e207253bfb51 0 0 0 0 0 1
train_jpeg/5fdcb8e2115a3c7b5d989d862f515692 0 0 0 0 0 1
train_jpeg/600b33fe60b1a34e537e9f89a544cb54 0 0 0 0 0 1
train_jpeg/6037626f8f22c760de042de41d1e8020 0 0 0 0 0 1
train_jpeg/60b1862f7cd64d7cfec6d78e572ee932 0 0 0 0 0 1
train_jpeg/61274e0af5522ed848d8c562d3143ad2 0 0 0 0 0 1
train_jpeg/61306376f68f499c2d6e52b56225012b 0 0 0 0 0 0
train_jpeg/617cd0507fe96d6bdc452e33c3839b9d 0 0 0 0 0 1
train_jpeg/61f1b63d57ebeda7057f052360cd7810 0 0 0 0 0 1
train_jpeg/6260a671232c600e16c6d5ab67566449 0 0 0 0 0 1
train_jpeg/627e8a4ec2f7c02da8840a87651a2939 0 0 0 0 0 1
train_jpeg/628617afb4cb12b12043d3d3a3789268 0 0 0 0 0 1
train_jpeg/62895510090bb78cd33470447e1d98df 0 0 0 0 0 1
train_jpeg/629f7adb357049205885894711a12343 0 0 0 0 0 1
train_jpeg/62c14fe41339b118b7fa4a0bb569f3f9 0 0 0 0 0 1
train_jpeg/62cb8ed416eae186969bca828ff184ae 0 0 0 0 0 1
train_jpeg/62cd251361d7cb1d9a713c2508f0b4d7 0 0 0 0 0 1
train_jpeg/62eaa7c251280aa3c31139ea3f81f391 0 0 0 0 0 1
train_jpeg/62ff447df5664ab62f41a4ec7011a62d 0 0 0 0 0 1
train_jpeg/62ff6f2b73fd5c1a71aed31b0b6d5cc1 0 0 0 0 0 1
train_jpeg/63185740907730e76fc0df2c41365407 0 0 0 0 0 1
train_jpeg/633732084de1dcecb1aaa0dfce84b896 0 0 0 0 0 1
train_jpeg/634692d5bae08695f3c842dfbabb902b 0 0 0 0 0 1
train_jpeg/645f1b91f9866a5b1029ace92faca75b 0 0 0 0 0 1
train_jpeg/6477e048ea0bdb984f8339a0b61ad933 0 0 0 0 0 1
train_jpeg/6480b6c219bbe0ffd852a83765aac20f 0 0 0 0 0 1
train_jpeg/64d6687203ebd563296f3bb4b85c813c 0 0 0 0 0 1
train_jpeg/64e17b0f7b34294b7f74017bc01b080d 0 0 0 0 0 1
train_jpeg/64e1916ddd4fa85b9a58ac67d1bc5de4 0 0 0 0 0 1
train_jpeg/64ebff0a73f5c7daf54acb8d71ff0980 0 0 0 0 0 1
train_jpeg/64fd5b24f0ddc753c47c45323f4e1282 0 0 0 0 0 1
train_jpeg/655c037ef7034935898655e0865857e0 0 0 0 0 0 1
train_jpeg/656440165030849b1af05524c8bb5a33 0 0 0 0 0 1
train_jpeg/65933647740d9c8f86be8010ab756ac8 0 0 0 0 0 1
train_jpeg/65ad4fb69f36c807fce87e66a1c6533d 0 1 0 0 0 0
train_jpeg/65e5a2cd5b5b333cce079db1ec116309 0 0 0 0 0 1
train_jpeg/65fcad08b16eaf43f2f14bcabd9e8e7d 0 0 0 0 0 1
train_jpeg/6617dc18304ba45ff2c6c6f1633748a5 0 0 0 0 0 1
train_jpeg/66396f621903b00a1b7e1f54c8e5e8b3 0 0 0 0 1 0
train_jpeg/6640b8464f79197f34bafd9ea74422fd 0 0 0 0 0 1
train_jpeg/66436645ce6cd996b4e492ec3f06219a 0 0 0 0 0 1
train_jpeg/66453069fce340c1f11ae7a194f034f1 0 0 0 0 0 1
train_jpeg/6657521efe526b165a93b270b2e9b513 0 0 0 0 0 1
train_jpeg/66c570971c7df4782e3dfb9e74f0dd1e 1 0 0 0 0 0
train_jpeg/66c96c719b15abc13b5c76f74b6b7ef2 0 0 0 0 0 1
train_jpeg/67057ef0cc2693cd003e2f7240681005 0 0 0 0 0 1
train_jpeg/672a5b32a2ff8ce0531046745c6f076a 0 0 0 0 0 1
train_jpeg/67b1b913840db444f4e11f4d1acd65d0 0 0 0 0 0 1
train_jpeg/67f6b4a6c560951eef3128e2e71419c7 0 0 0 0 0 1
train_jpeg/67fbbda75755440dbea348c3fd5d1e2d 0 0 0 0 0 1
train_jpeg/682651014e9e033303c15905df3769ca 0 0 0 0 0 1
train_jpeg/68315a9697237696e189c3a8be5ba4a1 0 0 0 0 0 1
train_jpeg/688061c46a310e823d2b0a498729f316 0 0 0 0 0 1
train_jpeg/68c1e59d39af3592616bbb2937d61f6a 0 0 0 0 0 1
train_jpeg/68f347bba1a73081fae36215e7bd19d0 0 0 0 0 0 1
train_jpeg/6917489611bdfdf75a56fa22a8c7fbe3 0 0 0 0 0 1
train_jpeg/693e7e9777d7f16f4862ba62dcea1cfc 0 0 0 0 0 1
train_jpeg/6945a8192d248b14b7ee994adc12edda 0 0 0 0 0 1
train_jpeg/694719c20ef91af3f7a7e6b00ba98b64 0 0 0 0 0 1
train_jpeg/6954ee2f30240e9790436f1c0bf81912 0 0 0 0 0 1
train_jpeg/697cac1199f6df788e18b11119f3319e 0 0 0 0 0 1
train_jpeg/699168263676809f088d9c7b9769b283 0 0 0 0 0 1
train_jpeg/69cac543a42fac7f93546f0b614fdaa9 0 0 0 0 0 1
train_jpeg/69ffcaf08cd677eb751735e6bf60bbed 0 0 0 0 0 1
train_jpeg/6a21c27cbd42e68576a134fca3c0266e 0 0 0 0 0 0
train_jpeg/6a2b266eeb78560c08fa96bc81ed0713 0 0 0 0 0 1
train_jpeg/6ab5c431b22ff5d86b7fda584d8251e0 0 0 0 0 0 1
train_jpeg/6ac75953da6e3587b8bf97673ee7049f 0 0 0 0 0 1
train_jpeg/6ae63abe8b57069faacc9d0a7beb8e1d 0 0 0 0 0 1
train_jpeg/6aedf1ea4a43bfd9e6ba864a74421f30 0 0 0 0 0 1
train_jpeg/6b495865e970c5ccd5d4ad4214047918 0 0 0 0 0 1
train_jpeg/6b7f82e8b5ca56e2d20538cb3ad40cba 0 0 0 0 0 1
train_jpeg/6bb053f269fb54485e70eb65424578f3 1 0 0 0 0 0
train_jpeg/6bcaa8ca1344287b61e15b3e8cffcaf2 0 0 0 0 0 1
train_jpeg/6bcca80b1d8a2849eb22c0d015125ffe 0 0 0 0 0 1
train_jpeg/6bd4b51f7f0d016f291b40f40e1bde20 0 0 0 0 0 1
train_jpeg/6bdd54328b0a11fbd13ad9ae633a82d0 0 0 0 0 0 1
train_jpeg/6bdf1817e85e0de9304cb046a925d686 0 0 0 0 0 1
train_jpeg/6c089df92ec61428ff49c20aa4f6ce83 0 0 0 0 0 1
train_jpeg/6c37b31b8d11b68b71034cbe03525ca0 0 0 0 0 0 1
train_jpeg/6c3d8be75c2c2ac1ca496396fae6f61f 0 0 0 0 0 1
train_jpeg/6c401cd356a2c5799064782ed2b19ece 0 0 0 0 0 1
train_jpeg/6c558f18039960a5fe500dd93c2ba6b9 0 0 0 0 0 1
train_jpeg/6c570356c5cdb674231769b436f31d1f 0 0 0 0 0 1
train_jpeg/6c8d15e1aadce8cc5dc0a4b719818a4c 0 0 0 0 0 0
train_jpeg/6cc5b3e159d353a6e9e5c9388c74640e 0 0 0 0 0 1
train_jpeg/6ccd2936901b93611218fe9604cb383c 0 0 0 0 0 1
train_jpeg/6cd2e0058fba5ae66b100f3e3d87c0cd 0 0 0 0 0 1
train_jpeg/6d317a1c0196863c43fdf60862306f48 0 0 0 0 0 1
train_jpeg/6d58e4bb28efa358fbce1c94e6b15efe 0 0 0 0 0 1
train_jpeg/6d77cebbbcaafe74863f18ad5e9549a5 0 0 0 0 0 1
train_jpeg/6da48e8efd5e562f59420387c15eff71 0 0 0 0 0 1
train_jpeg/6e2cfa861b5ba121bdd3a054621ad4a8 0 0 0 0 0 1
train_jpeg/6e32962c855cfc30ffb564152f1c6577 0 0 0 0 0 1
train_jpeg/6e395f737d2b004443f033eb9ad7ba17 0 0 0 0 0 1
train_jpeg/6e4971222f2e01b1d78b0a2e2038c769 0 0 0 0 0 1
train_jpeg/6e5776831430f043f18d70c93239457a 0 0 0 0 0 0
train_jpeg/6e8e8f590881c80097aa19e41e17959f 0 0 0 0 0 1
train_jpeg/6ec4a6b5d3180220d6debf958d147c25 0 0 0 0 0 1
train_jpeg/6ec9f6dfb3ea8a1615fd24b3dc072b20 0 0 0 0 0 1
train_jpeg/6ecd9df12e3542831618ff8dadb17f7b 0 0 0 0 0 1
train_jpeg/6ecf4d9fc47523ed028206ab33244f8c 0 0 0 0 0 1
train_jpeg/6ed00537ef9858ef4cbddbf83d7931c2 0 0 0 0 0 1
train_jpeg/6eef156db7d336d14fb0e34a61718670 0 0 0 0 0 1
train_jpeg/6f06f1e3ba325f73320fd50ff5ffe2c5 0 0 0 0 0 1
train_jpeg/6f71690bf34f0ebf5b14c1ad0ffea243 0 0 0 0 0 1
train_jpeg/6f766386cad8fec2a39bab9fbc3e44cf 0 0 0 0 0 1
train_jpeg/6f896872011de27f3eb081a057656e69 0 0 0 0 0 1
train_jpeg/6f95a9001875b9dd105324cac339e4f0 0 0 0 0 0 1
train_jpeg/6fbeb3ec1ec16b267f98fc12cbab9b6f 0 0 0 0 0 0
train_jpeg/70118a32803d77ba3518b6a02e1041c9 0 0 0 0 0 1
train_jpeg/70328941c11c28b63f934a2a0591c95b 0 0 0 0 0 1
train_jpeg/705cd5032d85ea8054d447cb28ab79e4 0 0 0 0 0 1
train_jpeg/708f9651e9cab82bd82df3fe70b56592 0 0 0 0 0 1
train_jpeg/70974efd12b2fa311bb93cfaf45c8b9d 0 0 0 0 0 1
train_jpeg/70ae292359ad785182a9cd214c26892f 0 0 0 0 0 1
train_jpeg/70bb28b860c2c597900d4a0722cf53a7 0 0 0 0 0 1
train_jpeg/70c57f59ed881d79ba9c1071b605c42f 0 0 0 0 0 1
train_jpeg/7109c0466922f6ce2dda7055c44c7d3a 0 0 0 0 0 1
train_jpeg/723172eb9b2b9922d740149bcdd18720 0 0 0 0 0 1
train_jpeg/7237fe007c5cab239011e89137eee3a7 0 0 0 0 0 0
train_jpeg/72386f53eb84d423476938925624b233 0 0 0 0 0 1
train_jpeg/723dab9b702a26b38d56a985f258ff2b 0 0 0 0 0 1
train_jpeg/724342ef3bd617856cc0a9c843a1f5ce 0 0 0 0 0 1
train_jpeg/72c909d2fb1087e9588136505e9e7020 0 0 0 0 0 1
train_jpeg/72dba276d1673ef009c04d2c8a7e3238 0 0 0 0 0 1
train_jpeg/72f5246729aa97cecb31cb564e524a5b 0 0 0 0 0 1
train_jpeg/7335e164b8c5ac93e9eadde917ba147a 0 0 0 0 0 1
train_jpeg/73461c12a3a579574df0723071c9d3b9 0 0 0 0 0 1
train_jpeg/736a4ee15c57cb2eb94404bfb95ac297 0 0 0 0 0 1
train_jpeg/7381f41079bceda3449f07a94425572f 0 0 0 0 0 1
train_jpeg/7396e60f42136c850120c6918ed0e519 0 0 0 0 0 1
train_jpeg/73a4407a2df891526e94ba4541023f49 0 0 0 0 0 1
train_jpeg/73e60a5aed6cd588c9d28f74739bc902 0 0 0 0 0 1
train_jpeg/74020b6dc972ca270c3ab6887efff81f 0 0 0 0 0 1
train_jpeg/741a9166daa2a340054d0210a0d7879a 0 0 0 0 0 1
train_jpeg/7487afc84cf5bbc3de57737b08f6e87a 0 0 0 0 0 1
train_jpeg/7488b55daad469b5a4df154e88e69cc3 0 0 0 0 0 1
train_jpeg/74944a8dcfbe34a5f24abe292c6cd97f 0 0 0 0 0 1
train_jpeg/749edbd991a6af4ffd0012ed39a316f3 0 0 0 0 0 1
train_jpeg/74cea01b232c6992ed865ef7b1b64afd 0 0 0 0 0 1
train_jpeg/7520d54e60d31f2310d1eb5c77a7507a 0 0 0 0 0 0
train_jpeg/753581089bcd75c2ba28375ac72ed77a 0 0 0 0 0 1
train_jpeg/756728bcb0238aed0175e8b4d26e7e7e 0 0 0 0 0 1
train_jpeg/75c70312985c506280ee77675cc07a1e 0 0 0 0 0 1
train_jpeg/75ec0ee63192335d1ec00e6b9ccab4fd 0 0 0 0 0 1
train_jpeg/75f6585ed7753c64c462ed9c76dd826a 0 0 0 0 0 1
train_jpeg/75fa564a500cd6dbeca84c55c5bf4d2a 0 0 0 0 0 1
train_jpeg/76361414f9d428ca7556a8be3387f4d3 0 0 0 0 0 1
train_jpeg/76c39b1acee002408cc8956065ea105e 0 0 0 0 0 1
train_jpeg/76cc5112ce3a174a349ffeb4dcf7530d 0 0 0 0 0 1
train_jpeg/7710a03c7402003173b2a6b14a7c4a01 0 0 0 0 0 1
train_jpeg/774c1ca3798d3054ac1a413570e665c9 0 0 0 0 0 1
train_jpeg/77aa663e67f30ee7bb6bad7d9ce63627 0 0 0 0 0 1
train_jpeg/78715f56ef29b98a057715eaeed60228 0 0 0 0 0 1
train_jpeg/78aa8415fbf1c792f7d7c53349d44d4f 0 0 0 0 0 1
train_jpeg/78b08d931b23d887b76c295d598e5206 0 0 0 0 0 1
train_jpeg/78b0c9b0b5119e164eca84e3a288452e 0 0 0 0 0 1
train_jpeg/78c1b61cfb348be14a529e557ff63cf1 0 0 0 0 0 1
train_jpeg/78caa1abf8556f8827f5735e02bfc400 0 0 0 0 0 1
train_jpeg/78da90acc43f4955f1c5bd83507b3c76 0 0 0 0 0 1
train_jpeg/793a364da23e0939a38d82c44629f95d 0 0 0 0 0 1
train_jpeg/796b5b8d7662551bc39713015b921deb 0 0 0 0 0 1
train_jpeg/79e7c75ba7fa306f9b3445ccad034fb1 0 0 0 0 0 1
train_jpeg/7a26d1202e7bb46ab2ced24e0adfb043 0 0 0 0 0 1
train_jpeg/7a292f45c54655d0fa19dba160b07c4b 0 0 0 0 0 1
train_jpeg/7a4ce7fce3df81a83c774e5a091e3bf2 0 0 0 0 0 1
train_jpeg/7a6ef980fe9700588a31182eff9c5f01 0 0 0 0 0 1
train_jpeg/7a775d2937b716a76da7b36fc00b0294 0 0 0 0 0 1
train_jpeg/7af1da4ba8580aa54a0bfce36071c8d9 0 0 0 0 0 0
train_jpeg/7b403823ee9765c50c4f663e5126b235 0 0 0 0 0 1
train_jpeg/7b6c00f300b0aa2c2c2bd0b51edea43a 0 0 0 0 0 1
train_jpeg/7bbc978f19862263f0aa190ff6a11d24 0 0 0 0 0 1
train_jpeg/7bda7f5e5c4ae3b9fbdb5d3dbc0990bc 0 0 0 0 0 1
train_jpeg/7bf27ddb13e3074551cd7caccb98cce9 0 0 0 0 0 1
train_jpeg/7bfe0a0d0ef7ce9e90eb3d0946a0fcd5 0 0 0 0 0 1
train_jpeg/7c19737d7107ccce56c1baeedfac2f54 0 0 0 0 0 1
train_jpeg/7c42de6dd248ce53880debab2567b521 0 0 0 0 0 1
train_jpeg/7c5b807ba491941d7a260bd1546b863d 0 0 0 0 0 1
train_jpeg/7c8b631ae1c03caf624db9890ea304f6 0 0 0 0 0 1
train_jpeg/7cbcd4d4d6efaa75e6c23f3b333c092a 0 0 0 0 0 1
train_jpeg/7cc7c4ece7e23f3989ceb5ae26ac4e66 0 0 0 0 0 1
train_jpeg/7cd251ba6fec7880a020f1f53c6ca2f1 0 0 0 0 0 1
train_jpeg/7cfb2e7c9cee1792c6537e00128c286f 0 0 0 0 0 1
train_jpeg/7d16d01782a0fc7e4558ead1a8d029dc 0 0 0 0 0 1
train_jpeg/7d57de3c3c7f81da4daab6094e01e9e8 0 0 0 0 0 1
train_jpeg/7d99044b9f2dc42f674600c8139f0652 0 0 0 0 0 1
train_jpeg/7dab0bd433941ec0895ebaa983a47f5c 0 0 0 0 0 1
train_jpeg/7deef26247fdc651a426c666cc5262d8 0 0 0 0 0 1
train_jpeg/7df6813a6a8a0d1dcbe3a5cd58d9914b 0 0 0 0 0 1
train_jpeg/7e1dfef82f07c334200f6bc1564fdb3a 0 0 0 0 0 1
train_jpeg/7e7413d3318ebe1228440563b5f570b8 0 0 0 0 0 1
train_jpeg/7e8a3b0d2ab003b958a70264fccb2d43 0 0 0 0 0 1
train_jpeg/7ea9c57f097d01834f29fa3d5c2849fa 0 0 0 0 0 1
train_jpeg/7efccd93a8f6bebfd5b3d1443ded4cbc 0 0 0 0 0 1
train_jpeg/7f599800cc62ee666b751303ca096f98 0 0 0 0 0 1
train_jpeg/7f5eab5de5307d4ae8e2a0fa99c0b41a 1 0 0 0 0 0
train_jpeg/7f9ef435cb6fb4d05ba6e67dfb479324 0 0 0 0 0 1
train_jpeg/7fbdbab2f73dd41ff672df92ca224493 0 0 0 0 0 1
train_jpeg/8015e5edbf16541fef78e6f8859764e4 0 0 0 0 0 0
train_jpeg/803331e2555f23a89598d9ed98cdee2a 0 0 0 0 0 1
train_jpeg/80566ec123fa2c9bbb6483c7d9ed9643 0 0 0 0 0 1
train_jpeg/807f44d40491398be00abd695c3c1a36 0 0 0 0 0 1
train_jpeg/80974692ba1a204134e0a5ef2b5dd43c 0 0 0 0 0 1
train_jpeg/80a2826fe7be7bbc0aeecbc3c88996fe 0 0 0 0 0 1
train_jpeg/80ab0d18fb53f014a67b55ccaf83c0e4 0 0 0 0 0 1
train_jpeg/80ae70d50e38a2be0e324371c1e41bad 0 0 0 0 0 1
train_jpeg/80b62b3cd010cffd870e611d99593081 0 0 0 0 0 1
train_jpeg/810470b77c45ea68e800052d56192d79 0 0 0 0 0 1
train_jpeg/812d2563bd6a37a35577e7098ff0ed9d 0 0 0 0 0 1
train_jpeg/812ed04068507604227752b581ea7dbb 0 0 0 0 0 1
train_jpeg/81379203cd3cd758dc3bb8bd754067d9 0 0 0 0 0 1
train_jpeg/81495487f4c6efa87069e70c1aec0486 0 0 0 0 0 1
train_jpeg/819c130c4f0913a8b96b8fd858935c81 0 0 0 0 0 1
train_jpeg/81b84cb547ada6c0a05c8c6dea989b31 0 0 0 0 0 1
train_jpeg/81c71b5013b5e7c0b0f6740e2c62dd20 0 0 0 0 0 1
train_jpeg/81cd411b0c04890206277a524f968a6b 0 0 0 0 0 1
train_jpeg/81d537713a7c5d23c29accaf7133dbd4 0 0 0 0 0 1
train_jpeg/82336f39711a91abff06905932f534d7 0 0 0 0 0 1
train_jpeg/825f962cc7bbbaeb7acb2a9120e6113d 0 0 0 0 0 1
train_jpeg/82cc080c1b41686a81fcf03aedae2442 0 0 0 0 0 1
train_jpeg/83199f1f78d9dbe5d682082ec9a46897 0 0 0 0 0 1
train_jpeg/8329338249c56ea5a210dc50b6804f19 0 0 0 0 0 1
train_jpeg/83314cccb07f429cf425018bbc60688d 0 0 0 0 0 1
train_jpeg/835413c68fe1d065629f748ed4e67205 1 0 0 0 0 0
train_jpeg/83993c8d8053cfbc221fe1a34b7d1a03 0 0 0 0 0 1
train_jpeg/83a17ed23c12f2d4bd03cfa2b34264d4 0 0 0 0 0 1
train_jpeg/83b5a0edd3e244010d8dfcbb4c20d3b8 0 0 0 0 0 1
train_jpeg/841cbb276cf5ac68e377d30d17706501 0 0 0 0 0 1
train_jpeg/8481205d34f45d5f90cd889f2a980b49 0 0 0 0 0 1
train_jpeg/848166a69e2fd9493d9c82d964c4b0fd 0 0 0 0 0 1
train_jpeg/84c87b7beb63b5b3ac76ed9da17c7033 0 0 0 0 1 0
train_jpeg/84eb3e8b282f648bbc43c356f058f24e 0 0 0 0 1 0
train_jpeg/84edb910948a3bf76a5dc6d133140c7f 0 0 0 0 0 1
train_jpeg/84ff96ac0729a419a44000cbbd2891dd 0 0 0 0 0 1
train_jpeg/856b5a98ca275fb0b2e67be08efe1090 0 0 0 0 0 1
train_jpeg/858c55ba335e1eea7985c5dde1a21918 0 0 0 0 0 1
train_jpeg/85cb1be26dd6b329231821292b8d7698 0 0 0 0 0 1
train_jpeg/85cfc59f138f490784170dbaeb0112a7 0 0 0 1 0 0
train_jpeg/85e7e78d383cf98856f1937fcdc20456 0 0 0 0 0 1
train_jpeg/8609affe56a5bec4ab3e7f51d06f2d54 0 0 0 0 0 1
train_jpeg/861898cad64530858ed69396740268c8 0 0 0 0 0 1
train_jpeg/8626cbfd0205ec64b6fb89650aacabf0 0 0 0 0 0 1
train_jpeg/8660a855ed1132d223d928c2279fa4b5 0 0 0 0 0 1
train_jpeg/866a996e613e21783bb4524ca1679ab1 0 0 0 0 0 1
train_jpeg/866dbe49745ba415cdf982849e49ac72 0 0 0 0 0 1
train_jpeg/869d834af0d2864e2a700c1a98a26866 0 0 0 0 0 1
train_jpeg/86ed421be69c3316eb5167e59c4c0d03 0 0 0 0 0 1
train_jpeg/8735dbb94fc3e09cd42b44c3e07c654e 0 0 0 0 0 1
train_jpeg/8757ef60dda6f5ea955f720ee1271b70 0 0 0 0 0 1
train_jpeg/87582e6226d2bfd8eaeb07ba32def9a9 0 0 0 0 0 1
train_jpeg/876a34c6831cb08fdc61e09be7b41a0d 0 0 0 0 0 1
train_jpeg/87b100f01516cfb6df61ef263ac818d1 0 0 0 0 0 1
train_jpeg/87c3cdf9d5dab832b01f2c94321e3130 0 0 0 0 0 1
train_jpeg/87f7997c901c0026e338e6f6d79b385f 0 1 0 0 0 0
train_jpeg/8818a7c544a2ecef61660ee15701b418 0 0 0 0 0 1
train_jpeg/882f88c8897c7e06e65cc59f10ff4c41 0 0 0 0 0 1
train_jpeg/883dd12ac75ea81d5681844898ae689d 0 0 0 0 0 1
train_jpeg/884a48f5d51b49d99b0023db326e0f14 0 0 0 0 0 1
train_jpeg/88586f316521440ba4ba0ece7d8627d7 0 0 0 0 0 1
train_jpeg/887ccf19087abdafbf9153cd809ed996 0 0 0 0 0 1
train_jpeg/88974ca0acec2690c1e0377c4523662e 0 0 0 0 1 0
train_jpeg/88c4acf92ce54c7c0480ee92515e207b 0 0 0 0 0 1
train_jpeg/88c814a309754c7abdb8cab5bc33756c 0 0 0 0 0 1
train_jpeg/89297f7803c6d2d9620f3dfe14a2a358 0 0 0 0 0 1
train_jpeg/894bb7bbd83af84c0a80c31ce1e6abbf 0 0 0 0 0 1
train_jpeg/89fafdbd5c404f12355c3d13f165230f 0 0 0 0 0 1
train_jpeg/8a46b6e8871a06a88b2e538a319729ab 0 0 0 0 0 1
train_jpeg/8a654a0fc53909fa09b27597e3c1d069 0 0 0 0 0 1
train_jpeg/8a72ffa869927722e05660e3c0f79477 0 0 0 0 0 1
train_jpeg/8a8dfb35de1667ab00b27caf1d4b61df 0 0 0 0 0 1
train_jpeg/8a9022c96d4be8a1ed540779945284d3 0 0 0 0 0 1
train_jpeg/8ac80452eb6c8f9f14d653c869ee63d0 0 0 0 0 0 1
train_jpeg/8addd3663bd32b2822cf252f7870dfc4 0 0 0 0 0 1
train_jpeg/8af0e69c0ba5cfc3518eed6af82f5e20 0 0 0 0 0 1
train_jpeg/8af84125f707b873c506f65de72e02e4 1 0 0 0 0 0
train_jpeg/8b37e84c20291aeb26ecf01e48c98c1f 0 0 0 0 0 1
train_jpeg/8b9249d6f418fdaf8879c0ec888d5950 0 0 0 0 0 1
train_jpeg/8bac8f42324ee717084435735988158f 0 0 0 0 0 1
train_jpeg/8be157ed11fc1bb06d77637ae7da43bc 1 0 1 0 0 0
train_jpeg/8c1530d871c3dbc19cfa13f055661411 0 0 0 0 0 1
train_jpeg/8c236e145b88af99532fae385e19dbf8 0 0 0 0 0 1
train_jpeg/8c30534a32debf2b8fa0aca4b04490c6 0 0 0 0 0 1
train_jpeg/8c5084962db8a9329e42da1eaeea654a 0 0 0 0 0 1
train_jpeg/8c80dcd72f15fec04dd63b96972916f1 0 0 0 0 0 1
train_jpeg/8c89c64a8b401ad7bee1fd6e3cfae1ad 0 0 0 0 0 1
train_jpeg/8c8b3e6d0a5fc8f790a7ff33ef15e4cb 0 0 0 0 0 1
train_jpeg/8c9c4b89ed3cc02a57ae9c3386ca11f4 0 0 0 0 0 1
train_jpeg/8cb084ad48ad4a21e15bdb8f4567ed8f 0 0 0 0 0 0
train_jpeg/8ce7f50a6ecc0cba5bc5714f5bb467a2 0 0 0 0 0 1
train_jpeg/8d3515e042b9f3e1384e693e61d0cbd2 0 0 0 0 0 1
train_jpeg/8d483805b3489befc1afdd2c8c2aa352 0 0 0 0 0 1
train_jpeg/8d73e1a7177236b643e797a44fbe56eb 0 0 0 0 0 1
train_jpeg/8d844f87b23e479ce9412c7b0be9ed00 0 0 0 0 0 1
train_jpeg/8ddb086fa3917bb2472c23abdce47905 0 0 0 0 0 1
train_jpeg/8df2c34acd668751aaa1e45cba8fa772 0 0 0 0 0 1
train_jpeg/8df447178660d98a2efcab6323c8f658 0 0 0 0 0 1
train_jpeg/8e0c318f52d7e0d8f80c77b5c540b223 0 0 0 0 0 1
train_jpeg/8e46056120052d18f5823d291d1ce7c8 0 0 0 0 0 1
train_jpeg/8ed4976e3f507617cea65e8b068cbb1e 0 0 0 0 0 1
train_jpeg/8ee81fa4b7356d4dfe8069e8f5a8d785 0 0 0 0 0 1
train_jpeg/8eea2bf7a585f1d3922ecb69f7774ace 0 0 0 0 0 1
train_jpeg/8f4a6323f8001cb8628229ad71fc6988 0 0 0 0 0 1
train_jpeg/8f5b64909f62324ea75a406ce24e9624 0 0 0 0 0 1
train_jpeg/8f61254c4c216a69d02f10b357c9f651 0 0 0 0 0 1
train_jpeg/8f6210d543654e8e521d25797bc4e95e 0 0 0 0 0 1
train_jpeg/8f6bbe996b137b3608df517ba1404f0e 0 0 0 0 0 1
train_jpeg/8f79f74f8135b22982836178f2bc751a 0 0 0 0 0 1
train_jpeg/8f90045aebf8ed0960242cf8441c7413 0 0 0 0 0 1
train_jpeg/8f9d7553d513eef9bee8ed9ddf5db054 0 0 0 0 0 1
train_jpeg/8fb466f9540457e9a568971e8d491fef 0 0 0 0 0 1
train_jpeg/8fca80e7b01704575f553adf60d9c3ed 0 0 0 0 0 1
train_jpeg/904ef1ed19b812d07c74532ce1ea80d9 0 0 0 0 0 1
train_jpeg/906a43ceed5a95c81a94cc7c6ea41027 0 0 0 0 0 0
train_jpeg/909a5b4b43c867a6626856a2851435d1 0 0 0 0 0 1
train_jpeg/90b772304bf722df5a97185e76f296e7 0 0 0 0 0 1
train_jpeg/90dcff38c040287173fa24f87da5270b 0 0 0 0 0 1
train_jpeg/910e6bb0acb1c0b9156b4b7ae0dc752c 0 0 0 0 0 1
train_jpeg/911c04a6e6222a44ef3847876dc1c0b9 0 0 0 0 0 1
train_jpeg/915e7fbda46ac956e163de4485710390 0 0 0 0 0 1
train_jpeg/916917dc9ec6191ac3c32d8b2c6571e2 0 0 0 0 0 1
train_jpeg/91b50dd3d5d98104513ea8d8a12f711f 0 0 0 0 0 1
train_jpeg/91bd34988db056a443f2652abd2c9f81 0 0 0 0 0 1
train_jpeg/91f1c20e4e0753f19022f919014aaa3d 0 0 0 0 0 0
train_jpeg/9235adcf425819a5c596b99f556932c5 0 0 0 0 0 1
train_jpeg/924f9b4d5fe1d28b46d93ff6c9431b35 0 0 0 0 0 1
train_jpeg/92961d9fa6d18f13f788f8ebfea45d63 0 0 0 0 0 1
train_jpeg/92a6f2283b4c2fb5b3e077cef3a94444 0 0 0 0 0 1
train_jpeg/92d03ead0a0cecc730f06deaf38ac44c 0 0 0 0 0 1
train_jpeg/92f0ebeda3513fae175185ecff6ecf0e 0 0 0 0 0 1
train_jpeg/9304e69006023a7d77c1bcc451bcc3c4 0 0 0 0 0 1
train_jpeg/932d244bca353f89e7b19a22d01372a9 0 0 0 0 0 1
train_jpeg/939f505024eade50a8dd7de87dc26146 0 0 0 0 0 1
train_jpeg/93b51b063f282d0b88e5dc9a7eb5c1b0 0 0 0 0 0 1
train_jpeg/93cb971f3c5504f1362de4367f9199d1 0 0 0 0 0 0
train_jpeg/93da74ab74e53d90f7cd3a79c5b2d78d 0 0 0 0 0 1
train_jpeg/94184add19d8fdcbdab4d93f101d4567 0 0 0 0 0 1
train_jpeg/944d77a54c81f6665672728f3cc65c23 0 0 0 0 0 1
train_jpeg/945eb0f9c575a45a148e7e64f7cf402a 0 0 0 0 0 1
train_jpeg/9467830e0f4dc6dc755718f994cc7a3b 0 0 0 0 0 1
train_jpeg/94679d2c30666bb4e0df31c7b2f37b09 0 0 0 0 0 1
train_jpeg/94a727826ddb7c3fe4db682ded5c0541 0 0 0 0 0 1
train_jpeg/94d4d89bf304901bf0cb6bb93b477405 0 0 0 0 0 1
train_jpeg/94e6070d9566edf22f3ac36236604577 0 0 0 0 0 1
train_jpeg/95338565d608fde2d50ba45d97c63bb6 0 0 0 0 0 1
train_jpeg/95625401433eba6be4112e9a6f4fb55a 0 0 0 0 0 1
train_jpeg/95d21bf2d7a687d854e89594f5160cdf 0 0 0 0 0 1
train_jpeg/9607e2f142ad3dbaa2ba8db48dc81daf 0 0 0 0 0 1
train_jpeg/9619fd51cacde00be45411bee20d371d 0 0 0 0 0 1
train_jpeg/962e281ef8be5abc5ba89e8479ebe2a1 0 0 0 0 0 1
train_jpeg/9664ecc31ee223c7b1e5567d4581abfd 0 0 0 0 0 1
train_jpeg/96738de1b65f317a199da8d994dabab3 0 0 0 0 0 1
train_jpeg/96aa1d32c29e15dd9d4c77207cf0a613 0 0 0 0 0 1
train_jpeg/96c7ef3c46e2d5a625dfd742d29e48e0 0 0 0 0 0 1
train_jpeg/9713e99a411c458e17f7f8ad8924c181 0 0 0 0 0 1
train_jpeg/9716055fe6a9b4c87aec4643f18a58c9 0 0 0 0 0 1
train_jpeg/974de0b950075fe57ca6587571ff09c5 0 0 0 0 0 1
train_jpeg/9752c0435c8e462a37fcaedc2a9e3786 0 0 0 0 0 1
train_jpeg/97b6462ef16212a075882c76cbb02c72 0 0 0 0 0 1
train_jpeg/97dd3aff199f6be7eea5acf9e3c9a22d 0 0 0 0 0 1
train_jpeg/97fd11ea81a44af39e0f8bac372acb75 0 0 0 0 0 1
train_jpeg/9833a8301a8aa0832ef6ed89a728d77f 0 0 0 0 0 1
train_jpeg/9843055e2c23d2b8d620979a24d6ac2d 0 0 0 0 0 1
train_jpeg/984eb08cf4ca58a11f5697abca38a1d0 0 0 0 0 0 1
train_jpeg/985be77c13eb905ee8e19a45e46ab785 0 0 0 0 0 0
train_jpeg/9894680ab449c562b30df83ee3faa9de 0 0 0 0 0 1
train_jpeg/989c65929da5fa0297db8da6945cca52 0 0 0 0 0 1
train_jpeg/990100555b4fe76dfdd55171e8fcc8a9 0 0 0 0 0 1
train_jpeg/997018ea56a7f8300ed36818913a6c3e 0 0 0 0 0 1
train_jpeg/9972f2ccec81ae94c51643485a8356c7 0 0 0 0 0 1
train_jpeg/99a6743fa1b152cd6faae6e2966a01bd 0 0 0 0 0 1
train_jpeg/99a6b9e259cff3beff6fe3e4a6947fa2 0 0 0 0 0 1
train_jpeg/99c08d49bf151e21d875027ca000bcc9 0 0 0 0 0 1
train_jpeg/99c9f80ddc48480a4562f47530a6b573 0 0 0 0 0 1
train_jpeg/99cb0ed6b63c75966bf4714c1ff4c7cf 0 0 0 0 0 1
train_jpeg/99e04176b7c2678ccc878cf81c12f9d4 0 0 0 0 0 1
train_jpeg/9a0a228ce804b769d394f82d12d6f37e 0 0 0 0 0 1
train_jpeg/9a1c0f6eefac85c2202f2d79fa23e9b7 0 0 0 0 0 1
train_jpeg/9a515577750417b5e6d096b6ae16880e 0 0 0 0 0 1
train_jpeg/9ac29df6a5cc619b147221fb53181d5f 0 0 0 0 0 1
train_jpeg/9b071f4135a205e917524a712c5cef98 0 0 0 0 0 0
train_jpeg/9b47fffd53e883cc097f22552bf46414 0 0 0 0 0 1
train_jpeg/9b69874234a431a37dba7ab9b7077514 0 0 0 0 0 1
train_jpeg/9b977611e75084a16e5edbcfb4a07efd 0 0 0 0 0 1
train_jpeg/9b9f90f821bd4dabcfd09f88d53b7edd 0 0 0 0 0 1
train_jpeg/9b9fafab95a68b7dd80a22f337245a93 0 0 0 0 0 0
train_jpeg/9ba0cb91053c58194976504994cd1a6c 0 0 0 0 0 1
train_jpeg/9bb56fa80a00fbb3e04564b733f0ea7b 0 0 0 0 0 1
train_jpeg/9bc7f47f5e3d9cb135278aa09a42ff3a 0 0 0 0 0 1
train_jpeg/9c0b694e2e4234c6dc7b6acde3251996 0 0 0 0 0 1
train_jpeg/9c314e403d3e6e3ed09e79a57019f9ad 0 0 0 0 0 0
train_jpeg/9c6749b3ef7e2726c71c7ba5035b3c07 0 0 0 0 0 1
train_jpeg/9c6ef524f6e29ace53a1a9b60f6186e6 0 0 0 0 0 1
train_jpeg/9ca2725b69db57ebc2df26a7da70affb 0 0 0 0 0 0
train_jpeg/9caa401125b89c4cc372cc2169d340f2 0 0 0 0 0 1
train_jpeg/9cacc0c4336366d74bdd322c71c68327 0 0 0 0 0 1
train_jpeg/9cb2caee92dbc3f4567df483ae880a6a 0 0 0 0 0 1
train_jpeg/9ceb798e9c24ff82e3aa0d6160d4f5ca 0 0 0 0 0 1
train_jpeg/9d1df3d25e3245f1d0ff43d81731a868 0 0 0 0 0 1
train_jpeg/9d41d30b9d8cee9a95a63cd6e696a1e4 0 0 0 0 0 1
train_jpeg/9d46209b17ae9d14fcc7039796d05e6f 0 0 0 0 0 1
train_jpeg/9d594e00e5a77a59afde4508efcc2e26 0 0 0 0 0 1
train_jpeg/9d6c0ed3ec9fdef27402935cfe49f91e 0 0 0 0 0 1
train_jpeg/9d7c22898d0b7a9573d83bcaee15e168 0 0 0 0 0 1
train_jpeg/9da7ef57422ca0f006253c7d94075efb 0 0 0 0 0 1
train_jpeg/9de42c5b414d9c998c6bf093a1eed0c3 0 0 0 0 0 1
train_jpeg/9de53ac168516aa1a9cc5a36733a3426 0 0 0 0 0 1
train_jpeg/9dfc43540dcc14c590f69ef03faf1f26 0 0 0 0 0 1
train_jpeg/9e39dc984383c166059841f2bca8cdd7 0 0 0 0 0 1
train_jpeg/9e4f8b07c7cfc2e3be4481e8f3507108 0 0 0 0 0 1
train_jpeg/9e79f1f5fa8e0638ed9770cf90f370ae 0 0 0 0 0 1
train_jpeg/9e9a78a4b5155e45ba2575137d66daff 0 0 0 0 0 1
train_jpeg/9ef2c06481a9e65d71e6743d04217462 1 0 0 0 0 0
train_jpeg/9f4cf94c0c29ccded84379b0792453f3 0 0 0 0 0 1
train_jpeg/9f5ae8786a23d94d39ca8e2d6ee24fc5 0 0 0 0 0 1
train_jpeg/9f79612cb768f8fa50a6cb22e4e38a2a 0 0 0 0 0 0
train_jpeg/9fadd9298bf4c257b98def6d14732238 0 0 0 0 0 1
train_jpeg/9fb8448d2d7ce8d93e129a16906074e3 0 0 0 0 0 1
train_jpeg/9fcac0e95f66d088f699258ebec37c9e 0 0 0 0 0 1
train_jpeg/9fd12d311ea007b2cd5b6f0973dbc6de 0 0 0 0 1 0
train_jpeg/9fd7f8bc66d606ffee290028c4d5d1f3 0 0 0 0 0 0
train_jpeg/9ff7d07078bc454c9261e29ecf89f55a 0 0 0 0 0 1
train_jpeg/a00a8f6910e6e430792d718784ccc65c 0 0 0 0 0 1
train_jpeg/a0321542b6089703f2304ff25ff083ad 0 0 0 0 0 1
train_jpeg/a04461580fbcff37fe7eb38e975ac1fa 0 0 0 0 0 1
train_jpeg/a08bfa3b5a3a7486a5b226df103847d6 0 0 0 0 0 1
train_jpeg/a10cb1cf1e7fb4c18ce291bde0edd97a 0 0 0 0 0 1
train_jpeg/a1134e92282815efb505a93105083393 1 0 0 0 0 0
train_jpeg/a12554c9f517988ff13af601fba22cdb 0 0 0 0 0 1
train_jpeg/a1375f9466915186308ef31e0766db3f 1 0 0 0 1 0
train_jpeg/a152a5614c24d7f009cc6a3f5e1762aa 0 0 0 0 0 1
train_jpeg/a1554d4363bfee858ee0240b0efbb5a5 0 0 0 0 0 1
train_jpeg/a15b588165f0c676cbf491018a1c86ee 0 0 0 0 0 1
train_jpeg/a17702ec12293392073a23a4eec7ddf4 0 0 0 0 0 1
train_jpeg/a18f940675d176544a1a3e9f1a7697d1 0 0 0 0 0 1
train_jpeg/a19ac61eb2f9cbe33b5e1332f17fd3c8 0 0 0 0 0 1
train_jpeg/a1a8535d6f44ee3d72a0f64b2555546d 0 0 0 0 0 1
train_jpeg/a1c087e1351974f297bd948227483dd4 0 0 0 0 0 1
train_jpeg/a1c28c6577b846888f74e51aa2bf60b4 0 0 0 0 0 1
train_jpeg/a1e8167621dbbff8f8bf5714e43fd188 0 1 0 0 0 0
train_jpeg/a224a1650f2a1a32aee8d297545fb941 0 0 0 0 0 1
train_jpeg/a2415b9e3ea7fa21a20c30ba1cb2565b 0 0 0 0 0 1
train_jpeg/a29792eee5ee65480c4537ce1fcfee24 0 0 0 0 0 1
train_jpeg/a29b4315c292de2875aa7d5c4a01bc5d 0 0 0 0 0 1
train_jpeg/a2cb3324f157241988e4061a60c9e136 0 0 0 0 0 1
train_jpeg/a2e5bde098e11d93708b1a8259c0fe01 0 0 0 0 0 1
train_jpeg/a3008ac0538678bc6ea3453fb0880bd2 0 0 0 0 0 1
train_jpeg/a33cd2473556d2cdfd77ba3d2fa78349 0 0 0 0 0 0
train_jpeg/a34030ca164b1392e6e40f6787d8333f 0 0 0 0 0 1
train_jpeg/a38ada10a292b712c0e0dc2ac01668ee 0 0 0 0 0 1
train_jpeg/a3ab9e6b821041434b9a0955bd3f191d 0 0 0 0 0 1
train_jpeg/a3ca60861641146c038d959a92fe3c70 0 0 0 0 0 1
train_jpeg/a3d0584454ba83eb250d992fff249d96 0 0 0 0 0 1
train_jpeg/a3fbcbd433c86cf2e93320884219aa99 0 0 0 0 0 1
train_jpeg/a40005597b3bc65839f2b3fc7bb8d054 0 0 0 0 0 1
train_jpeg/a40bab0e3bf49536441809cc8d03cbce 0 0 0 0 0 1
train_jpeg/a4606afe5fe398c62a18163214f921fe 0 0 0 0 0 1
train_jpeg/a463c0f3cc9f4945ce7f70d7b3f94819 0 0 0 0 0 1
train_jpeg/a4eb3a3daac654b501ab4dffb3d371dd 0 0 0 0 0 1
train_jpeg/a4f40c4718e772c3c4386dcf734dffab 0 0 0 0 0 1
train_jpeg/a5942f0097bbd1fc8a2ca92c88a37319 0 0 0 0 0 1
train_jpeg/a599411ffb1b927f48f15339cf9c26dd 0 0 0 0 0 1
train_jpeg/a5a023470e0183f469d629ff1b79d03d 0 0 0 0 0 1
train_jpeg/a5bc9fa0a8b25993a08b1874156a170a 0 0 0 0 0 1
train_jpeg/a5ce7ccf65c0e89f0a4f31e252d5b071 0 0 0 0 0 1
train_jpeg/a5d73879f5982de6f0d60c9cb3c7bc8f 0 0 0 0 0 1
train_jpeg/a5dd0a76a5253cbd34b9365c78e44110 1 0 0 0 0 0
train_jpeg/a5dedc7c9068f198257a7afdf0d15947 0 0 0 0 0 1
train_jpeg/a5fa78262506164ef6e8e4125aa1be5f 0 0 0 0 0 1
train_jpeg/a604284321e34a6c3a30506f732c00e9 0 0 0 0 0 1
train_jpeg/a6317cca482e4c5e020ab5e4c94fe921 0 0 0 0 0 1
train_jpeg/a64fc5cd6dcfe7e66a5b64f0b313cfa3 0 0 0 0 0 1
train_jpeg/a65386d9ea93776dbb455490a316031a 0 0 0 0 0 1
train_jpeg/a673c55470f775d286249e189896c376 1 0 0 0 0 0
train_jpeg/a6842924ead8dcf7ed990f600c0db137 0 0 0 0 0 1
train_jpeg/a6ab6395a4c8d455ba918df8cc42e09b 0 0 0 0 0 1
train_jpeg/a6b0aa30513d283981609465d2b9fd9a 0 0 0 0 0 1
train_jpeg/a6c0cadaed94c0183782c4e26b47ad1d 0 0 0 0 0 1
train_jpeg/a74467045836dd130c7ee24b84a6121f 0 0 0 0 0 1
train_jpeg/a7baab79a065319669ecaf61adf1062e 0 0 0 0 0 1
train_jpeg/a7c0ab62b8c68897140a919aad35714b 0 0 0 0 0 1
train_jpeg/a7e7dbcc763a3e07babd629dfd16c5e4 0 0 0 0 0 1
train_jpeg/a7f9c65263578dbf6a92a2157b8627c9 0 0 0 0 0 1
train_jpeg/a8367ec0fb2ac950bb697cc1e2b0dd58 0 0 0 0 0 1
train_jpeg/a83affb76f04a1d29fa967e6ef3c4bcd 0 0 0 0 0 1
train_jpeg/a849dd2c7a1826b6404e0018d6a5ca8e 0 0 0 0 0 1
train_jpeg/a85e347c62a7b0f063727d4880e75fbb 0 0 0 0 0 1
train_jpeg/a88723a90690bce470792e308105a063 0 0 0 0 0 1
train_jpeg/a89c3ff3f55569369e8b6e8e9bd898f1 0 0 0 0 0 1
train_jpeg/a8ba44710ed9f78bdf9a52c28da82ace 0 0 0 0 0 1
train_jpeg/a8c660e329167de455edee73f47606d1 0 0 0 0 0 1
train_jpeg/a909809572f3fe8997c50d5eb30e8d97 0 0 0 0 0 1
train_jpeg/a91d9ed2e9fbcafe227935cb5509a801 0 0 0 0 0 1
train_jpeg/a931e0bd35e2994665b8670e5a91cb1f 0 0 0 0 0 1
train_jpeg/a9519035bae20b2267b38445724221a2 0 0 0 0 0 1
train_jpeg/a974043780305d3ab4eb663db352fbad 0 0 0 0 0 1
train_jpeg/a99cfb1b3656aebf65574bb50653273f 0 0 0 0 0 1
train_jpeg/a9cb470818b2e038b74d811f3b9e4bee 0 0 0 0 0 1
train_jpeg/a9ed4b5aaf129325369ebae1cfd5e321 0 0 0 0 0 0
train_jpeg/a9f2816d377349f221a96f46c728d36e 0 0 0 0 0 0
train_jpeg/a9f32aee073a0ee7ea94e959ab63885c 0 0 0 0 0 1
train_jpeg/aa3cac6153b96e3cdbf504543ee2f260 0 0 0 0 0 1
train_jpeg/aa44934f57cbec8cfcbdd1be1828d97a 0 0 0 0 0 1
train_jpeg/aaa6b4c3a26881de53a602686940b4e1 0 0 0 0 0 1
train_jpeg/aacd0a8ec30a8e0a2feccbdb165dc8c9 0 0 0 0 0 1
train_jpeg/ab1b2498d8770cdc4e45374618612fa3 0 0 0 0 0 1
train_jpeg/ab6bf055e889a10969270fb9a0c4a3b2 0 0 0 0 0 1
train_jpeg/ab6ed4b7e99b6cf19c7979cf1cbe3944 0 0 0 0 0 1
train_jpeg/ab99fbfc6bf9833e2a064e8b479af0b3 0 0 0 0 0 1
train_jpeg/aba3749b22a3bb954504aaa5b447bfa8 0 0 0 0 0 1
train_jpeg/abc391a77ac9c66e2c6272331c329764 0 0 0 0 0 1
train_jpeg/abce6fd97fac874bc492b451ad029434 0 0 0 0 0 1
train_jpeg/abdc33338a055571bf9fae0f09eb0bd5 0 0 0 0 0 1
train_jpeg/ac023841616ad1f665c0ce60ba5ed7b5 0 0 0 0 0 1
train_jpeg/ac3ee36ca1334f477f6ac48ec8f3c5d8 0 0 0 0 0 1
train_jpeg/ac53090b0951ef3b13620489bb538162 0 0 0 0 0 1
train_jpeg/ac712d8f66878f5c7b836c0f481237a9 0 0 0 0 0 1
train_jpeg/aca8def6b5ff0f925c8c8f0212f95943 0 0 0 0 0 1
train_jpeg/acc683e2a47d5d1a475ef4f0c1c4fe05 0 0 0 0 0 1
train_jpeg/ace8679282aed8bfb0586dc2ece0a75b 0 0 0 0 0 1
train_jpeg/aceb52fe7e0ecdd14840c61b4625e6ff 0 0 0 0 0 1
train_jpeg/acef18ad4b72908e61fb185c1b26273b 0 0 0 0 0 1
train_jpeg/acfaf30ac9340a1679d1d584b800cdf2 0 0 0 0 0 1
train_jpeg/ad0ca7c65ff59150b9317bac429a1f4e 0 0 0 0 0 1
train_jpeg/ad1e74e6e7d6b63bd8c3109962968721 0 0 0 0 0 1
train_jpeg/ad1f07354a1124d7057bb3a0df68eab3 0 0 0 0 0 1
train_jpeg/ad2367bde2706f692c2e1a1d12c492b9 0 0 0 0 0 1
train_jpeg/ad47b5fc69425a039a8d98cb9798d34a 0 0 0 0 0 1
train_jpeg/adcaaf7fd9127f0d9836ae3d41669f35 0 0 0 0 0 1
train_jpeg/add5a53fc2f41e820147d9abc5e1da16 0 0 0 0 0 1
train_jpeg/adf8a1d8d07bd776d7ec5b21574326b9 0 0 0 0 0 1
train_jpeg/ae067560d404de903c68858d9916b6f7 0 0 0 0 0 1
train_jpeg/ae2abc5907b9184169848b9bf847e68e 0 0 0 0 0 1
train_jpeg/aeef2989a10011e5616699b62afb1524 0 0 0 0 0 1
train_jpeg/aefa0a033f021f7e0755000a83e57acd 0 0 0 0 0 1
train_jpeg/af15833e946fa12ce1815ffbb05a2f51 0 0 0 0 0 1
train_jpeg/af201da8a5f8354c4c3291995d5cbafd 0 0 0 0 1 0
train_jpeg/af3c6180a462e8106dd49aa58432a7d5 0 0 0 0 0 1
train_jpeg/af7975bfcf71faab2f3bff56f2533ac2 0 0 0 0 0 1
train_jpeg/af8266cee672bcc7b93363eb3a1aef94 0 0 0 0 0 1
train_jpeg/af8acc7a1b5d6dcb59b6db810b5119ee 0 0 0 0 0 1
train_jpeg/af8c3c5b00e34b6b5c4471aae6dc5a90 0 0 0 0 0 1
train_jpeg/afcd69673091136cc76bbf0bf6ec1ddc 0 0 0 0 0 1
train_jpeg/b06508a46843af6469b1d15e2dd345f6 0 0 0 0 0 1
train_jpeg/b093dc47d46f13eb652e4438148341da 0 0 0 0 0 1
train_jpeg/b0abb71a22393bbe634074f9eacec6a0 0 0 0 0 0 1
train_jpeg/b0af7aa14c8e085862fbe38153ddd535 0 0 0 0 0 1
train_jpeg/b0bef1b57611726c4b0c636264fe5061 0 0 0 0 0 0
train_jpeg/b0f25a7386d80249b83a27172859ebdd 0 0 0 0 0 1
train_jpeg/b107d65f0d34e374018804bfc7c78065 0 0 0 0 0 1
train_jpeg/b127a6da511c3c1d544b54fc52e9c6b7 0 0 0 0 0 0
train_jpeg/b13595e742ade76799fa99b2355967a2 0 0 0 0 0 1
train_jpeg/b14e41bf98655037ab84678990a51851 0 0 0 0 0 1
train_jpeg/b1767887bb3044b1d146ab8edfe59454 0 0 0 0 0 1
train_jpeg/b19140c03d24dd602afccafbb6485930 0 0 0 0 1 0
train_jpeg/b1b4a439046211eafd12a78ec2b93e69 0 0 0 0 0 1
train_jpeg/b1d91f35ae0878e9ac830ccf817dd478 0 0 0 0 0 1
train_jpeg/b22cfecf48d9add94b1b8756fbd00db8 0 0 0 0 0 1
train_jpeg/b243e259b42195169f852d16c098e2bf 0 0 0 0 0 1
train_jpeg/b2df3c7adbabc1dfe92f13bc9ba744ef 0 0 0 0 0 1
train_jpeg/b2df8e7f5070e86f339c3750a6568887 0 0 0 0 0 1
train_jpeg/b2f137920533727d1f89b6f187b3f5c6 0 0 0 0 0 1
train_jpeg/b2fe8c30a2fa3f246ec9aaebf8c0e96a 0 0 0 0 0 1
train_jpeg/b3088e1910bee181e42e6e4ea97f4371 0 0 0 0 0 1
train_jpeg/b359c14158afff8ef7d00c59d2211ebc 0 0 0 0 0 1
train_jpeg/b35b40fca325eb0e9e5d699e6ef55d4b 0 0 0 0 0 1
train_jpeg/b369bab818248a8f8df4ddf5fce57537 0 0 0 0 0 1
train_jpeg/b37e0529a9b19765e71bde23d82cb3a7 0 0 0 0 0 1
train_jpeg/b39a285d468234c4934c6d5489727fa2 0 0 0 0 0 1
train_jpeg/b3c2272bc118aea4ddac51463090d75e 0 0 0 0 0 1
train_jpeg/b3d24ebdbf200405192006f10fa5a792 0 0 0 0 0 1
train_jpeg/b4134ef790d479eb35d7c87fa74653eb 0 0 0 0 0 1
train_jpeg/b43de31870d5c31db4eb73ff293d2343 0 0 0 0 0 1
train_jpeg/b454db9e812e8760ae3dc1f39f5cb5d2 0 0 0 0 0 1
train_jpeg/b4857bdfdc10e2c02e2efcb08d0a1fef 0 0 0 0 0 1
train_jpeg/b4c6c7de5006623fe96bdb8cabe27021 0 0 0 0 0 1
train_jpeg/b4d7b232aa6ab1651da11bfae84c76e8 0 0 0 0 0 1
train_jpeg/b4eb5760719ce078b1c65c3592b43fd0 0 0 0 0 0 1
train_jpeg/b5098e112de84d36d96fb65d0895740a 0 0 0 0 0 1
train_jpeg/b5351b37d8d3944228ff46e9cc7139a4 0 0 0 0 0 1
train_jpeg/b54b56b472db108351ef8c82ee619806 0 0 0 0 0 1
train_jpeg/b553adeef08d1fae501dab49c84cac9f 0 0 0 0 0 1
train_jpeg/b59629dc8c337b965c0addbd03d08856 0 0 0 0 0 1
train_jpeg/b59cec71b2f090368b6582070814e791 0 0 0 0 0 1
train_jpeg/b5c2646fec9333b8bc96d66e40e18e8f 0 0 0 0 0 1
train_jpeg/b6021046081d799d5f46c5bed34d890b 0 0 0 0 0 1
train_jpeg/b6102ccb7912b42bd52d9cfec3e36506 0 0 0 0 0 1
train_jpeg/b62207f9f70c0463155f5b6bb9c8e67f 0 0 0 0 0 1
train_jpeg/b6a1fb44485f487ebc255f3bfa700ef5 0 0 0 0 0 1
train_jpeg/b6a84cff946920891680fb4ffe266aa9 0 0 0 0 0 1
train_jpeg/b6b5e7a80a8caf01b7721d63ae0551be 0 0 0 0 0 1
train_jpeg/b6bdd9362c76be8fbc3a1d20a8ce9819 0 0 0 0 0 1
train_jpeg/b6f07c3256419d2afece328ae2f7ebc5 0 0 0 0 0 0
train_jpeg/b6f3c6483bb16179cdc3114db70208da 0 0 0 0 0 1
train_jpeg/b761364a3456ec52369c368eb5eebfbb 0 0 0 0 0 1
train_jpeg/b76de5eed16c8ecbb5c3bdc72f334258 0 0 0 0 0 1
train_jpeg/b771401a98e2b9d60f704efe9d265d58 0 0 0 0 0 1
train_jpeg/b7cb4aab02fe2cdcf2de5b7a93f49d73 0 0 1 0 0 0
train_jpeg/b7d001b6aa0043b31684a9c0d65e212b 0 0 0 0 0 1
train_jpeg/b7dab1e641e165ce08786d35a228b6c9 0 0 0 0 0 1
train_jpeg/b7f02e21d1b1212f54a14f4e937c508c 0 0 0 0 0 1
train_jpeg/b8322e1a06179954c5b5f5ed05083c05 0 0 0 0 0 1
train_jpeg/b862ee82075cfa3725a1955f54b614a6 0 0 0 0 0 1
train_jpeg/b86e96470c56333125d835c60cabce5b 0 0 0 0 0 1
train_jpeg/b8a3c4c774a9cb44002e0d33cfdcec1c 0 0 0 0 0 1
train_jpeg/b8c03aa09c3c76362ca705396fb7e055 0 0 0 0 0 1
train_jpeg/b8d56d0b4e05be0d8563b5c848437f07 0 0 0 0 0 1
train_jpeg/b8d8470fb67dc1d98821a706a3c0ae18 0 0 0 0 0 1
train_jpeg/b8dd4f5d47db68c0cc577362828cbc2d 0 0 0 0 0 1
train_jpeg/b910d1cb5197d5fdb25c7477548766a9 0 0 0 0 0 1
train_jpeg/b972510adf2f7a48c87ef3ab845c9401 0 0 0 0 0 1
train_jpeg/b98cbc2d0ae8f887570e75c361373a0c 0 0 0 0 0 1
train_jpeg/b9b2a7a46b88db57379c59db58cc2228 0 0 0 0 0 0
train_jpeg/b9c7edadba4709a6fae8c38d87da3ad3 0 0 0 0 0 1
train_jpeg/ba01c6d8d20afadbe2936c2c18924e19 0 0 0 0 0 1
train_jpeg/ba5f766ef24ebb31c87ec4352df70077 0 0 0 0 0 1
train_jpeg/baa01cd2f8ef7a1c64aa9b9861796cd0 0 0 0 0 0 1
train_jpeg/baee2b2532f77cf56a0961369c712346 0 0 0 0 0 1
train_jpeg/bb315b4bc113c0506a9e24593cb06a6b 0 0 0 0 0 0
train_jpeg/bb3526c4f2c4e54833f93c91de0fae8e 0 0 0 0 0 1
train_jpeg/bb8187ca6bfc5609cfdd4a0ac861e4c4 0 0 0 0 0 1
train_jpeg/bb93a8a5285c48a0797bc5216e99f861 0 0 0 0 0 0
train_jpeg/bb9419b34b87b65f390f6129d46248ea 0 0 0 0 0 1
train_jpeg/bbd7b455bf2a125a7c438382cef11161 0 0 0 0 0 1
train_jpeg/bc0d2cb257b23eb0397b97c09935c371 0 0 0 0 0 1
train_jpeg/bc75c3442c357666f6db26efb97e391d 0 0 0 0 0 1
train_jpeg/bc75f8735c83fc70514d5e322c7446e6 0 0 0 0 0 1
train_jpeg/bcad73b36d8e807373b5cdd184ced763 0 0 0 0 0 1
train_jpeg/bcf3818ef301f9e1744c128536468d7e 0 0 0 0 0 1
train_jpeg/bd59874bcc0d7a297901f541d6dc85c8 0 0 0 0 0 1
train_jpeg/bd61ab799139083058d198b13aaa266a 0 0 0 0 0 1
train_jpeg/bd797642567d40f2ad51baddcaef6838 0 0 0 0 0 1
train_jpeg/bd8c7589043ee4023f4c7df4b4b83249 0 0 0 0 0 1
train_jpeg/bed92eb6f05d1e8a39ad62dee410a1b1 0 0 0 0 0 1
train_jpeg/bf2d58a3c9cfa9f23bd74560e1cfe687 0 0 0 0 0 1
train_jpeg/bf306589c4d55e80e4471bc50ea974de 0 0 0 0 0 1
train_jpeg/bf9497075e540a85c7cd0140974e9dd5 0 0 0 0 0 1
train_jpeg/bf9f2cfe62b9175fab18d4239b767f4b 0 0 0 0 0 1
train_jpeg/bfa07e5945c98102fee78de75399a7c6 0 0 0 0 0 1
train_jpeg/bfdaef7007cc0072d7a4c6e0069fc1ae 0 0 0 0 0 1
train_jpeg/bfed73d0942f8976d1eedab115940b8c 0 0 0 0 0 1
train_jpeg/c002429d774966eacca0e2413295040b 0 0 0 0 0 1
train_jpeg/c00800903f8ad4d52f6f292c83d649ac 0 0 0 0 0 1
train_jpeg/c02439f8d2f87a85e5bab5c5e55a81c5 0 0 0 0 0 1
train_jpeg/c03d5db421ebebd645116dcac6a9fc50 0 0 0 0 0 1
train_jpeg/c0574c7fa0c7f0c728d95df8f1c971c4 0 0 0 0 0 1
train_jpeg/c0909ff791d753ce9d2f926d5af08eab 0 0 0 0 0 1
train_jpeg/c09174bbcffe5fd5f6b2306aeaf27c2c 0 0 0 0 0 1
train_jpeg/c113ff68c59ef8d40cd4c0bd6e021a6e 0 0 0 0 0 1
train_jpeg/c12cf96ecc4c4ea63056b4cafb31502c 0 0 0 0 0 1
train_jpeg/c13e753de1d74be1900ca9d70721472a 0 0 0 0 0 1
train_jpeg/c1488ee019d770c751f6340afdab5a2c 0 0 0 0 0 1
train_jpeg/c14b94a6ebfb3a4b828bd71537f682c7 0 0 0 0 0 0
train_jpeg/c1f010722e3b392c3837450f1b90dffa 0 0 0 0 0 1
train_jpeg/c201c69926e59f0c1dfeeeb8365ff05a 1 0 0 0 0 0
train_jpeg/c24b97ff38cda0fd9d1936a235a9bccb 0 0 0 0 0 1
train_jpeg/c267add7592c985550939b0091d423fa 0 0 0 0 0 1
train_jpeg/c29776abe9bff79b1f724acb92b706d5 0 0 0 0 0 1
train_jpeg/c2f340de4f20bf04c2f5cce2d6a55587 0 0 0 0 0 1
train_jpeg/c305cccb673fd704a2e305fdbfa07f01 0 0 0 0 0 1
train_jpeg/c349be7e4665f40957aed354d8d56d58 0 0 0 0 0 1
train_jpeg/c35244fe01e90e438f5b7b7a6ea89db8 0 0 0 0 0 1
train_jpeg/c37689fe370975c4cc5d45e201ddadf6 0 0 0 0 0 1
train_jpeg/c3a985b2d2fec623f27fa763016ac45d 0 0 0 0 0 1
train_jpeg/c3c471f12603c738471f018545d52b11 0 0 0 0 0 1
train_jpeg/c47d248c49d70684d8638910c126ccae 0 0 0 0 0 1
train_jpeg/c47f990c77a3f3bf4096cd28b557cb0b 0 0 0 0 0 1
train_jpeg/c49a36c11ecc7e24d2b0912e68da95ac 0 0 0 0 0 1
train_jpeg/c4a55aaea43e10f94b1c499d16b63473 0 0 0 0 0 1
train_jpeg/c4f7b110380be6bee542f5c26c78f36d 0 0 0 0 0 0
train_jpeg/c509d668ac177b532a48adde9f582838 0 0 0 0 0 1
train_jpeg/c51bd3f90c04faba5a302c74203cf094 0 0 0 0 0 1
train_jpeg/c55e52dc6e7524f6aa036d523ef3fcbc 0 0 0 0 0 1
train_jpeg/c5a01b193b0a3ee49e5e2c96ee7563bc 0 0 0 0 0 1
train_jpeg/c5aa9d492605510ce5fc2403df57cd6a 0 0 0 0 0 0
train_jpeg/c5b91a5da65cbe88cd0e7c27b49cebde 0 0 0 0 0 1
train_jpeg/c5c9ef1410c0bd298afaa43956761d4e 0 0 0 0 0 1
train_jpeg/c614c95164f4c80a49225286db04cf33 0 0 0 0 0 1
train_jpeg/c62cdee56fb21cc3554bdecb019539a2 0 0 0 0 0 1
train_jpeg/c672a5c07dea43b6f5dc88071cef0839 0 0 0 0 0 1
train_jpeg/c69668bd1d37495012da11980655801d 0 0 0 0 0 1
train_jpeg/c6e0ab2470d98a6a8c701e774df929cc 0 0 0 0 0 1
train_jpeg/c703d14204953de254f131ee437b1b84 0 0 0 0 0 1
train_jpeg/c720af678e1925d7c499f5a127c2c292 0 0 0 0 0 1
train_jpeg/c738b869da1f73f9e5d89832e6b4f5bd 0 0 0 0 0 1
train_jpeg/c7420d0f97c166eb21091233673febb4 0 0 0 0 0 1
train_jpeg/c76d814a3b9401891fd35b7027891f2b 0 0 0 0 0 1
train_jpeg/c77c194e85a19a52e9e8dbf5ad764c04 0 0 0 0 0 1
train_jpeg/c78032fabc0ee79717980ae9dcc387be 0 0 0 0 0 1
train_jpeg/c7893142c2019a079db2ec5d8891cc1f 0 0 0 0 0 1
train_jpeg/c7afdce95181c731e79f72d4ad6d4447 0 1 0 0 0 0
train_jpeg/c7e94fceb2c03e722d399f10e416237e 0 0 0 0 0 1
train_jpeg/c826d2fab3849f87173a1a236d77d0e1 0 0 0 0 0 1
train_jpeg/c830bfa2f244f63cf2ded1ec5bd4dc40 0 0 0 0 0 1
train_jpeg/c83253a4bc999610f2c688c337a9d90c 0 0 0 0 0 1
train_jpeg/c85cc0b1d80f635cb7add57357e296b5 0 0 0 0 0 1
train_jpeg/c865945685e5f2dd91133e6a59a916d0 0 0 0 0 0 1
train_jpeg/c8aa0e18d7a53024d44efc9f45863514 0 0 0 0 0 1
train_jpeg/c8f5a0b9ed2f25e3a220c7b3d97f29f3 0 0 0 0 0 1
train_jpeg/c8f8879d41d18802e1eac91792aab861 0 0 0 0 0 1
train_jpeg/c93d43336ef6d28348794b5ced1886a4 0 0 0 0 0 0
train_jpeg/c94cbb3b5600861cf82b4a406300b4c5 0 0 0 0 0 1
train_jpeg/c95359f0c33d3992b83edd0880e531f3 0 0 0 0 0 1
train_jpeg/ca13b9ec000feeadce49117fd75a6287 0 0 0 0 0 1
train_jpeg/ca2f7614284d6bd9b78b6b9117c24261 0 0 0 0 0 1
train_jpeg/ca7444ec6d87ec81e551cbafa2eeca9b 0 0 0 0 0 1
train_jpeg/ca93731624a1b60fcb2c0bcf1f2d0a8a 0 0 0 0 0 1
train_jpeg/caee7cfd554a73a1371eb1707fba496e 0 0 0 0 0 1
train_jpeg/cb178960a79b79feadaab4d662205dbc 0 0 0 0 0 1
train_jpeg/cb330e3f4ef07ee338e903171fe22bad 0 0 0 0 0 1
train_jpeg/cb4d719f9059353190babf4974e20e7f 0 0 0 0 0 1
train_jpeg/cb6b115f3d9475f82109c6142a0d88e4 0 0 0 0 0 1
train_jpeg/cb9658d61c84a99ba31665f40cb0788d 0 0 0 1 0 0
train_jpeg/cbd3795d8dca2bad59a3dd16dca46695 0 0 0 0 0 1
train_jpeg/cbe8f7bfbd743675fbb4e5c5995ed17d 0 0 0 0 0 1
train_jpeg/cbf423e9c1dabd2749eeacee8d210361 0 0 0 0 0 1
train_jpeg/cc092f33ce095c0f51f35119ce22f75e 0 0 0 0 0 1
train_jpeg/cc1708ee2d3ec540efa5ffa3bf04574f 0 0 0 0 0 1
train_jpeg/cc39200cc766b8c7f493e3a2cca31605 0 0 0 0 0 1
train_jpeg/cc57b8e71bed57a6454b46135882911d 0 0 0 0 0 1
train_jpeg/cc716360f3b793b50cf67ffc50dc1c65 0 0 0 0 0 1
train_jpeg/cc98da13c817495f32b5ccab2b009cd3 0 0 0 0 0 1
train_jpeg/cc9a84f1f3942ceb845c5f174e5b70cd 1 0 0 0 0 0
train_jpeg/ccd7d21b78e61e095e6d506c57b2f4f7 0 0 0 0 0 1
train_jpeg/cceb5f8ad7d827659608f7d5f319a729 0 0 0 0 0 1
train_jpeg/cd1577657b776e892a10bf4ae40238f0 0 0 0 0 0 1
train_jpeg/cd2c1f982c09efe46097707c3fb0a638 0 0 0 0 0 1
train_jpeg/cdd43a73c26640d921250dbd59acac62 0 0 0 0 0 1
train_jpeg/cde51d108787b5b9de168de191c2e763 0 0 0 0 0 1
train_jpeg/cdec18e6b510cd8bce4f881275e0878f 0 0 0 0 0 1
train_jpeg/ce035c37006ea6f736d04b599d96054e 0 0 0 0 0 1
train_jpeg/ce2d0c66228625bb75fac802d13e49da 0 0 0 0 0 1
train_jpeg/ceb5e06ea1a66fedab43e8bdb51890eb 0 0 0 0 0 0
train_jpeg/cee9182867dea695829e246be6723d2b 0 0 0 0 0 1
train_jpeg/cf032b9405406c4b2a8a516e08531333 0 0 0 0 0 1
train_jpeg/cf32a2bc41deeb7436a36bcc4ff324fb 0 0 0 0 0 0
train_jpeg/cf39c28c29e15231c3956e0f83a8bf97 0 0 0 0 0 1
train_jpeg/cf52f309aeabc516b79a22632a856b01 0 0 0 0 0 1
train_jpeg/cf5d241e98fe10f99d5a950236040feb 0 0 0 0 0 1
train_jpeg/cf647252e6947033ed61dd0290da5a9c 0 0 0 0 0 1
train_jpeg/cfbb4effef1cb2fe0311d38e3d35b5ea 0 0 0 0 0 1
train_jpeg/cfc654ccfba7724e8da6d1881ef1aca8 0 0 0 0 0 1
train_jpeg/cff3951a5ec93e7c9d7cffa8de85d429 0 0 0 0 0 1
train_jpeg/d058b141769a9791bb2547c44f08c79e 0 0 0 0 0 0
train_jpeg/d06958788f925d72f3ff75b0e9fced31 0 0 0 0 0 1
train_jpeg/d06ae8bf3c1a859ca62cbcf727d6fb9f 0 0 0 0 0 1
train_jpeg/d07da8a9b93d7c684264ec8be14c0fe7 0 0 0 0 0 1
train_jpeg/d0c26a940c582594036c08b85b75e541 0 0 0 0 0 1
train_jpeg/d0ee1f0d610ba10422616672c0b06b80 0 0 0 0 0 1
train_jpeg/d10737f0d07b3fa4837ddc9dba3ef03c 0 0 0 0 0 1
train_jpeg/d10e71da7a99bfb313c8c2826eb90b9d 0 0 0 0 0 1
train_jpeg/d166f983d8e9178a4604a8b4378828a9 0 0 0 0 0 1
train_jpeg/d1713f5cf5838c1592e5f712b5d4928e 0 0 0 0 0 0
train_jpeg/d176f4a976e51940df1dc6e26d6f4161 0 0 0 0 0 1
train_jpeg/d17fca94154d3b7021d23f56a3aaa883 0 0 0 0 0 1
train_jpeg/d1b8c72886e8cd40c25e2e95e70f1264 0 0 0 0 0 1
train_jpeg/d1bb581de986967b12d4ee6a064d70e8 0 0 0 0 0 0
train_jpeg/d1dfd6ac02ac34ebaf9788ec9b2de1f3 0 0 0 0 0 0
train_jpeg/d1ee146b55af8b9cd84ec605a9aa36bd 0 0 0 0 0 1
train_jpeg/d233017534707d09cf6d9b8c34b3ab10 0 0 0 0 0 1
train_jpeg/d275ff253f1389632007e075c1a73599 0 0 0 0 0 1
train_jpeg/d28066fe44fe04cfc20c727bd3155510 0 0 0 0 0 1
train_jpeg/d2a96a8872fd5f2f9f1f23eedc97839b 0 0 0 0 0 1
train_jpeg/d2bc282e9057cf4d17e2ff126a3e5d90 0 0 0 0 0 1
train_jpeg/d2ce9fd159bca6dafc6170ea200a3ae2 0 0 0 0 0 1
train_jpeg/d2e04092a7f14145a1417d9c6db6329c 0 0 0 0 0 1
train_jpeg/d2e80d6cae14b72a824f1ac625d23472 0 0 0 0 1 0
train_jpeg/d34990159533ceeec96279407f463ede 0 0 0 0 0 1
train_jpeg/d3566246a52be1a6c5eb49a1d30bf4b8 0 0 0 0 0 1
train_jpeg/d3627a59bdf97f89094cbcee823ba057 0 0 0 0 0 1
train_jpeg/d3752008970fc2b77a610bfc65f993d1 0 0 0 0 0 1
train_jpeg/d379e5ec80f59c40f0872ab10679efab 0 0 0 0 0 1
train_jpeg/d38141932d16e6729db676b625c1f1d4 0 0 0 0 0 1
train_jpeg/d392db50e5bf1e9b1580eafa79370c52 0 0 0 0 0 1
train_jpeg/d3bc02cc13302e2f442d937a403b2fbe 0 0 0 0 0 1
train_jpeg/d41c05973e6b7a4a676759923007a01a 0 0 0 0 0 1
train_jpeg/d42c8cdbeea7094d8a3e4899742cdda0 0 0 0 0 0 1
train_jpeg/d42e863faa84f0d9e5a7b38777878b04 0 0 0 0 0 1
train_jpeg/d486452f76b82913f3bbdb5aa289c08d 0 0 0 0 0 1
train_jpeg/d497ad2a6e6acaf87742250ee2a652b9 0 0 0 0 0 1
train_jpeg/d4af89b10179e630276e21f2f12f2631 0 0 0 0 0 1
train_jpeg/d4bced4649a7c72fc1b14e8699b110d1 0 0 0 0 0 1
train_jpeg/d4d03e4b903c2e045c9a0eae26b92c05 0 0 0 0 0 1
train_jpeg/d51149e2a32bb891c514dfb14ad66d4a 0 0 0 0 0 1
train_jpeg/d51f7bac8cf2ddcf00335f65a1fd0782 0 0 0 0 0 1
train_jpeg/d542a2d31e52e44775ed46b028cc0041 0 0 0 0 0 1
train_jpeg/d552f9d13cfb671793ac74e81b7cb20d 0 0 0 0 0 1
train_jpeg/d56f1405100c1247609f9b805fcd801e 0 0 0 0 0 1
train_jpeg/d5869324e1ee4f36139aab8d631a7ec9 0 0 0 0 0 0
train_jpeg/d59e8b41b1b2b15cd6a7ae3ec6882781 0 0 0 0 0 1
train_jpeg/d5b2a2c4177eb355dd3c0bfacbfd39bd 0 0 0 0 1 0
train_jpeg/d5e5f81a3274cd07502c1aa063a7e78c 0 0 0 0 0 1
train_jpeg/d5eb82189dbfea013f844d0c880458d6 0 0 0 0 0 1
train_jpeg/d621da940921cdda3e7f87f36e9a5f5d 0 0 0 0 0 1
train_jpeg/d625c5cde62b9fe8caed92b9a8971579 0 0 0 0 0 1
train_jpeg/d626b76a5190860612ea6810b7a31639 0 0 0 0 0 1
train_jpeg/d630459c8036ef43b0fdb55625289101 0 0 0 0 0 1
train_jpeg/d64128127c6fe0f0a4591133bc8b591a 0 0 0 0 0 1
train_jpeg/d64553b9bcb27c452cb10ac471168602 0 0 0 0 0 1
train_jpeg/d6569366db7f18f343963d9119307f89 0 0 0 0 1 0
train_jpeg/d6796f328c92d66ae9f7299a02f6c9a1 0 0 0 0 0 1
train_jpeg/d688b4db4f86e96344dda69d8ed529f9 0 0 0 0 0 1
train_jpeg/d6b8482421ee5ee48d166c37d54cf7de 0 0 0 0 0 1
train_jpeg/d6f481aca86583398fe54c7bcbd6d836 0 0 0 0 0 1
train_jpeg/d6fb22a067e4c9d6380ad86b5d99383f 0 0 0 0 0 1
train_jpeg/d700b6d551571eafad199d9aa3f82da1 0 0 0 0 0 1
train_jpeg/d707b9edbd1d4522d30a173cbfebebb6 0 0 0 0 0 1
train_jpeg/d75aceb018c2f5bf94d5fdae304cd8b5 0 0 0 0 0 1
train_jpeg/d798ab48080626a93cd22e6c573cc63b 0 0 0 0 0 1
train_jpeg/d7b5ffb03cf95f5d36a5e2ac067169b1 0 0 0 0 0 1
train_jpeg/d7c74a341abc7d3ea523821a6a0fe16d 0 0 0 0 0 1
train_jpeg/d8142aa4862684f47f3c6b9fd34ba74c 0 0 0 0 0 1
train_jpeg/d8220f2e082dae72b6db9b8a86637695 0 0 0 0 0 0
train_jpeg/d8320524c2cce187d2d2bb4ef6afe524 0 0 0 0 0 1
train_jpeg/d88889702d40b5b13d15fe27608816a2 0 0 0 0 0 1
train_jpeg/d888fbee05acda2b655ba4136c1958fa 0 0 0 0 0 1
train_jpeg/d8af05d89a0e8a3a839a645d99c4bf6a 0 0 0 0 0 1
train_jpeg/d8b16ea0320a52d536fef0e076eeddd6 0 0 0 0 0 1
train_jpeg/d8db391df13764be9a9b560f8581bf9b 0 0 0 0 0 1
train_jpeg/d8f7be06b6549916a936bfe51bd1efd3 0 0 0 0 0 1
train_jpeg/d922f26c687373f71735de49dda7c9a5 0 0 0 0 0 1
train_jpeg/d92309c6e0911811e2ba3c122cd31090 0 0 0 0 0 1
train_jpeg/d94241be54c60a6419a590c3fc58745a 0 0 0 0 0 1
train_jpeg/d98ae1498280edeb8046ee2e0f0dc21b 0 0 0 0 0 1
train_jpeg/d9df53d03c643caba9becf1d87e733ab 0 0 0 0 0 1
train_jpeg/d9e4f4f2f47dfa0296178e7fb5c005c3 0 0 0 0 0 1
train_jpeg/da050ed66db50c9d625f5cd8ce0e54b5 0 0 0 0 0 1
train_jpeg/da4cfaa6343960e89066e60b678bbbd7 0 0 0 0 0 0
train_jpeg/da5520c50df66e089dbce9fca305b93a 0 0 0 0 0 1
train_jpeg/da7cf34fd1def779f8e2431ebdbe44ca 0 0 0 0 0 1
train_jpeg/db78dd82a4b44d2d329e624a1c0ccec8 0 0 0 0 0 1
train_jpeg/dba9797678ab462b6971965961d2f72e 0 0 0 0 0 1
train_jpeg/dbbc06558a408f0a0ab5dce639e514b6 0 0 0 0 0 1
train_jpeg/dbbeace91c1753403185db8ea141f2a9 0 0 0 0 0 1
train_jpeg/dbd95448052d2fd61f31da0c52f05845 0 0 0 0 0 1
train_jpeg/dbe77ecde7361d1c82c67b398f07f281 0 0 0 0 0 1
train_jpeg/dbf9daa139b1156c4bacc7f3ec242289 0 0 0 0 0 1
train_jpeg/dc590aaab60a5bd86b11fa40d29bfc82 0 0 0 0 0 1
train_jpeg/dd419454c39f108f8da8a4ecb26686e4 0 0 0 0 0 1
train_jpeg/ddc577f43160157e52fc6c93a5fd2b04 0 0 0 0 0 1
train_jpeg/ddddd043151fa4b6280afed14ab06161 0 0 0 0 0 1
train_jpeg/ddee6f3f4d3dc44f3fdb6b4cf771ba95 0 0 0 0 0 1
train_jpeg/de0b4c9d065467ea456efcb64155e489 0 0 0 0 0 1
train_jpeg/de17ad7d8d8013245fda495962594555 0 0 0 0 0 1
train_jpeg/de1d3dba205bbad553d446ae091da3ba 0 0 0 0 0 1
train_jpeg/de2940b8addeb5078d4e1a65369a6a3f 0 0 0 0 0 1
train_jpeg/de33edae2922a9f1da8b2feb40bf912e 0 0 0 0 0 1
train_jpeg/dea14aee7ebd5d25d36ac440bad3e62d 0 0 0 0 0 1
train_jpeg/deb2c40c1931ab8282f964cd0a93ad9e 0 0 0 0 0 1
train_jpeg/dee0f6c9aa9bd345e9158fbf206851fe 0 0 0 0 0 1
train_jpeg/dee1d690aeff154df7ee9cc5017ae8f7 0 0 0 0 0 1
train_jpeg/def69a571458183a0dd829e605b1eb5f 0 0 0 0 0 1
train_jpeg/df1fd0c37d5f245799db4baf4af5256b 0 0 0 0 0 1
train_jpeg/df5dd80aab0aa6e0a6d8ea17860855fb 0 0 0 0 0 1
train_jpeg/df6f1a659a93666db0c13ee25889d552 0 0 0 0 0 1
train_jpeg/e01b7a9a5d544384f762cd0ee381414e 0 0 0 0 0 1
train_jpeg/e021cb775eec06cefbb7ce1c8909d456 0 0 0 0 0 1
train_jpeg/e03285d2264eb7c2b8881731033ee128 0 0 0 0 0 1
train_jpeg/e03f7ae2393dd3335154562ba6419f74 0 0 0 0 0 1
train_jpeg/e04c58b55093d601257c9017dbba66e0 0 0 0 0 0 0
train_jpeg/e06d0f3704b4baa27380683bc25984e0 0 0 0 0 0 1
train_jpeg/e07b7ec90f64033074d9996d1c8b310a 0 0 0 0 0 1
train_jpeg/e09fa966992325c6e86d7727cfc53ca9 0 0 0 0 0 1
train_jpeg/e0cc5e52a9e5fe9493c13f3451a5b7e0 0 0 0 0 0 1
train_jpeg/e0f950fd8305e0be7090868f30906594 0 0 0 0 0 1
train_jpeg/e11a0cf421fc6e4ca67a6dc1bddc3980 0 0 0 0 0 1
train_jpeg/e13dd07552354a7fd87cd1bbde299d58 0 0 0 0 0 1
train_jpeg/e160b2d6fc7e3322006bb8bb079ef418 0 0 0 0 0 1
train_jpeg/e169b248a5d93da7d32034f654a4ce2d 0 0 0 0 0 1
train_jpeg/e19df85c8020cae432a0b825d45b27eb 0 0 0 0 0 1
train_jpeg/e1d88505ef370baf781a42ba0580286a 0 0 0 0 0 1
train_jpeg/e2370088b9f49af09a0bb24190a5a721 0 0 0 0 0 1
train_jpeg/e24042a4982d2afca836f96cbe41b528 0 0 0 0 0 1
train_jpeg/e26f159ab768f4bce7cec269c4f7d31b 0 0 0 0 0 1
train_jpeg/e27b0c92b056198188b7f73b95f555a9 0 0 0 0 0 1
train_jpeg/e2b2574690d765edd3eff55196b535ba 0 0 0 0 0 1
train_jpeg/e2f815fad3b6225eaed25553552af0f3 0 0 0 0 0 1
train_jpeg/e32bc143564632f4a609aa59fd0e1833 0 0 0 0 0 1
train_jpeg/e3ac18fd134bcb699760db4ef362e14f 0 0 0 0 0 1
train_jpeg/e3c632b4a9603af5c3d4fe0a02c87290 0 0 0 0 0 1
train_jpeg/e3c91051c8f2bcec228fb9ef85ebab24 0 0 0 0 0 1
train_jpeg/e3d7652996e4df2db412c9a5f5635911 0 0 0 0 0 1
train_jpeg/e3d9c8954d9f74fc2746da35019bb7f7 0 0 0 0 0 1
train_jpeg/e3e8b186331c3acb1b9f82b1f2cbe56d 0 0 0 0 0 0
train_jpeg/e3f054384d26f6562798414225bcb1e5 0 0 0 0 0 1
train_jpeg/e42a2c25f8b84164c39ff77328ed5bb2 0 0 0 0 0 1
train_jpeg/e444d07c618bc40a493c83919ef11df8 0 0 0 0 0 1
train_jpeg/e4a528876744e3a37158645935028c57 0 0 0 0 0 0
train_jpeg/e4cb3ec2dabafa7b640c747d31d55377 0 0 0 0 0 1
train_jpeg/e563c35ddd67c5124a6787e474dfa319 0 0 0 0 0 1
train_jpeg/e580dc1bdc22fca94110f5e65a45eac9 0 0 0 0 0 1
train_jpeg/e5bf61c95a0127e95f844d52a8400efe 0 0 0 0 0 1
train_jpeg/e5d2febcf32b0027066fe75e16e65030 0 0 0 0 0 1
train_jpeg/e5e284d5a14dc1b78f15812624b76866 0 0 0 0 0 1
train_jpeg/e5f555e04bd705502f7ca5e36e9e845a 0 0 0 0 0 1
train_jpeg/e60ce67640c934d4fb3bcac5b334983d 0 0 0 0 1 0
train_jpeg/e649013e726da52a687e9f9e7842e3ab 0 0 0 0 0 1
train_jpeg/e689cdec0469ebf2944bf49955671f2b 0 0 0 0 0 1
train_jpeg/e6cfec107fd81f28c7141b580dc1a966 0 0 0 0 0 1
train_jpeg/e6de39c0d54c792c5408544be42be284 0 0 0 0 0 1
train_jpeg/e6e114b28a55ec3e9ecac74c55167fef 0 0 0 0 0 1
train_jpeg/e6e678e7980816f24d50cf4ba20e67bb 0 0 0 0 0 1
train_jpeg/e6fe9b8c55ac87480352537ff03d7d04 0 0 0 0 0 1
train_jpeg/e707f143c902ef21f41f4d1377785673 0 0 0 0 0 1
train_jpeg/e72717b9fa7bb66e711c9a162bb13121 0 0 0 0 0 1
train_jpeg/e76dc83accd6304c0b2ec7cfd9d15f01 0 0 0 0 0 1
train_jpeg/e7818a86758495de750484d160db1451 0 0 0 0 0 1
train_jpeg/e790d69d1a21a354adfb7c7391ccea52 0 0 0 0 0 1
train_jpeg/e79af15e54bfd1fa3e32c5f4e9af50f1 0 0 0 0 0 1
train_jpeg/e7e0d626d22c869ce85749c0551881a4 0 0 0 0 0 1
train_jpeg/e82afb6d5a714b72022b53e0b94b9d6f 0 0 0 0 0 1
train_jpeg/e83cc4621c6f0f5f627326874848887e 0 0 0 0 0 1
train_jpeg/e8899a119282a4b2b67b19ad42bedf6a 0 0 0 0 0 1
train_jpeg/e8d1151eb83dba0687ebf59cb06dce20 0 0 0 0 0 1
train_jpeg/e8f086c656b612cf3195a5fb6fb45c47 0 0 0 0 0 1
train_jpeg/e93cac5fb52b0990262287e6b7af036d 0 0 0 0 0 1
train_jpeg/e9a65bda8bb5f0e934088431ce9e44a5 0 0 0 0 0 1
train_jpeg/e9c11645172d96785fb2dbc578bc6898 0 0 0 0 0 1
train_jpeg/ea5c6bccc392343d3508aae5bb6f536e 0 0 0 0 0 1
train_jpeg/ea933cf515c42a4b3d3508379c30aa6f 0 0 0 0 0 1
train_jpeg/eabdcf4a79311551266984e5c41c1fed 0 0 0 0 0 1
train_jpeg/eadd7d698f3fea7dff19f9964b28e57b 0 0 0 0 0 1
train_jpeg/eafabce713e83112f3951b7ed8f6bed8 0 0 0 0 0 1
train_jpeg/eb7e617f397932fb61064ae312ead3b1 0 0 0 0 0 1
train_jpeg/eb86bc4569e409b905262d207a29e40f 0 0 0 0 0 1
train_jpeg/ebe4693705ca26cdd3ead9f10f92a7bb 0 0 0 0 0 1
train_jpeg/ec7bb483a75b599dcdc56d8d371e21ee 0 0 0 0 0 1
train_jpeg/ec87555191135994a80fa2804228b79a 0 0 0 0 0 1
train_jpeg/ec9ec7b018f0fcb01fdde37e939ab6ed 0 0 0 0 0 1
train_jpeg/ecb439e4fe716d926152ba6501696589 0 0 0 0 0 1
train_jpeg/ecd05dac56544c97ab2cbc4fcf2b5035 0 0 0 0 0 1
train_jpeg/ed06295915b52f5fcc88e158ab0c7100 0 0 0 0 0 1
train_jpeg/ed1152424ddd88ad530d205db785af82 0 0 0 0 0 1
train_jpeg/ed12402a2b76cda47517d5073b35eb9a 0 0 0 0 0 0
train_jpeg/ed1be1f76d4b97a9ab7a78b0b62f0a95 0 0 0 0 0 1
train_jpeg/ed519b65cf5155e5d88bce63ba686c92 0 0 0 0 0 1
train_jpeg/edd5c7d4d08bce0f94b0eb8b76bc450a 0 0 0 0 0 1
train_jpeg/eddb92f17c33dccfc0570afd514bad73 0 0 0 0 0 1
train_jpeg/ede5ee0593a81c523395c96c66983456 0 0 0 0 0 1
train_jpeg/ee0d65c2402ce79f2d7a66502b3ca321 0 0 0 0 0 1
train_jpeg/ee28d5fe8bad0f0e57d563a244ecc2f9 0 0 0 0 0 1
train_jpeg/ee32c41610893e5b93db15b231278650 0 0 0 0 0 1
train_jpeg/ee530c9de44ad59a5467104a429ded64 0 0 0 0 0 0
train_jpeg/ee58d3793efc6bf1c28ddcc58b01e158 0 0 0 0 0 1
train_jpeg/ee5c789882b4ee2061224b9e39195f55 0 0 0 0 0 1
train_jpeg/ee796364982e62149d890edc1d1fc460 0 0 0 0 0 1
train_jpeg/ee915f3c066c9435c5403584e000777f 0 0 0 0 0 1
train_jpeg/eebd21e9562c007fc858858968165a0e 0 0 0 0 0 1
train_jpeg/eec6cd4968fc6a83f634ae757d13f277 0 0 0 0 0 1
train_jpeg/ef0fa2884993202a766f9dffab49d28c 0 0 0 0 0 1
train_jpeg/ef291bbc2a1ff7b660444e4e8da30e9d 0 0 0 0 0 1
train_jpeg/ef51bc9b55922a67a50c5ff303351963 0 0 0 0 0 1
train_jpeg/ef62dda3f041cf6ad772e7885354fbdf 0 0 0 0 0 1
train_jpeg/ef6d2fab876840a16f94ba07acca61d2 0 0 0 0 0 1
train_jpeg/efbc03067e522ed1127276e445913fdf 0 0 0 0 0 1
train_jpeg/eff97b3e26cd8cfd6b8d0142ada11b87 0 0 0 0 0 1
train_jpeg/f00cf9fa30c12cfe9bf93f15754b0da5 0 0 0 0 0 1
train_jpeg/f02b95632470aab569016f570f07fab8 0 0 0 0 0 1
train_jpeg/f03ab985cd68c5cc6e57b3c936e2aeed 0 0 0 0 0 1
train_jpeg/f03eec9cab41e1b1bee26e8d139ffffa 0 0 0 0 0 1
train_jpeg/f0612b759b3b7f38573ff9bc6297b7aa 0 0 0 0 0 1
train_jpeg/f0adf7b51f3c26e565e1977c4b6c235a 0 0 0 0 0 1
train_jpeg/f0dac9f8581ef45abcd6bd909696846c 0 0 0 0 0 1
train_jpeg/f0e34da4bc3b961851dec9f690430e36 0 0 0 0 0 1
train_jpeg/f10fd14a19e8b04f4487d1b1e3e586da 0 0 0 0 0 1
train_jpeg/f16f3e2e2b4edc07e2ce6b7c490fb025 0 0 0 0 0 1
train_jpeg/f184413f1c740b6b40279ecb5b9ace30 0 0 0 0 0 1
train_jpeg/f1d1d044621a14cf86416b00c84139dc 0 0 0 0 0 1
train_jpeg/f1f2e5d1b29b69b45979a8c295c20387 0 0 0 0 0 1
train_jpeg/f1f76abbb54845f5be539cb4f8298a51 0 0 0 0 0 1
train_jpeg/f24fba1daaf6734ff6cb7aca3edea73f 0 0 0 0 0 1
train_jpeg/f2b788aa6c36630eab0bb755f291178f 0 0 0 0 0 1
train_jpeg/f2d9d665881a6ed0205a50154cbfdea6 0 0 0 0 0 1
train_jpeg/f306e010dac1de055d97b9230aecf923 0 0 0 0 0 1
train_jpeg/f328bdf759b330f66fcbe9cc62a183cc 0 0 0 0 0 0
train_jpeg/f335c8362628b5f90c281eed171f9ab8 0 0 0 0 0 1
train_jpeg/f381daac0cd62cd463cd0fefb0025c45 0 0 0 0 0 1
train_jpeg/f38a99ed14e4bfad8ccde72309af48c2 0 0 0 0 0 1
train_jpeg/f38e6047550ecab948fe98c912f3e508 0 0 0 0 0 1
train_jpeg/f3a84940a5a63947852fd915062fed1d 0 0 0 0 0 1
train_jpeg/f3cff97734391a297ae15824e98e234d 0 0 0 0 0 1
train_jpeg/f3e2acc29575948204c9bf9df9289de4 0 0 0 0 0 1
train_jpeg/f3eacf0f4778fcba5d17d0d2ed70f2e4 0 0 0 0 0 1
train_jpeg/f3ec1e1f0778f79e8d45f54c74e4d7cc 0 0 0 0 0 1
train_jpeg/f4367ab1b82dc68d38d81d1320764d73 0 0 0 0 0 1
train_jpeg/f4785c48c9a8c1b99ca378ac2b8d88dd 0 0 0 0 0 1
train_jpeg/f4873f71afeb7c3211236542e1f3b631 0 0 0 0 0 1
train_jpeg/f4976db55ec34ca21f36c218993ea7a2 0 0 0 0 0 1
train_jpeg/f4e16cb73fddfba9a3f054fc3d3fdcef 0 0 0 0 0 1
train_jpeg/f4e19d9d1a1dba4f7491ac88bf894523 0 0 0 0 0 1
train_jpeg/f4f6c2e1ce48c49b19d62c3a12d9d6c0 0 0 0 0 0 1
train_jpeg/f4fb761df33e2babd7d7fdab4dcb78fc 0 0 0 0 0 1
train_jpeg/f508f9892103f1a107a56ac5036af993 0 0 0 0 0 1
train_jpeg/f522dce3b773264ce49c0904a14f5392 0 0 0 0 0 1
train_jpeg/f52ec4da5edc58fc2f93c00316c38fe7 0 0 0 0 0 1
train_jpeg/f5f0081e8dc7596b38083e2b7aa4214a 0 0 0 0 0 1
train_jpeg/f5f417184d7747ce9d6cc2790e01f97d 0 0 0 0 0 1
train_jpeg/f6041a083375b309d68267242fe547a5 0 0 0 0 0 1
train_jpeg/f61449cc6425aaa9a62a422592f31aec 0 0 0 0 0 1
train_jpeg/f62866eeed52ef0f27315d736d3fedb3 0 0 0 0 0 1
train_jpeg/f645082d9f5c2eb7e152f7469864304c 0 0 0 0 0 1
train_jpeg/f6a697a61f3557289d7763c39c031d8a 0 0 0 0 0 1
train_jpeg/f6ee38b0c52f354da0a6cb2bf106533e 0 0 0 0 1 0
train_jpeg/f730c80ec55bf2f6b80001ec0686f245 0 1 0 0 0 0
train_jpeg/f77a11e4afd7871bd5dbec2d11451863 0 0 0 0 0 1
train_jpeg/f78a273e30b5cd8a2d580fa4959c8433 0 0 0 0 0 0
train_jpeg/f78a44efd6e19fe5e6f71247a4d97126 0 0 0 0 0 0
train_jpeg/f7975e0d3f833ad7f395b1c895db6189 0 0 0 0 0 1
train_jpeg/f7dc5e8d07c83f9c078e315b59ea44f3 0 0 0 0 0 1
train_jpeg/f7eb44830c14e8d1a0ae29521c1712b4 0 0 0 0 0 1
train_jpeg/f833631d7c0a269fd403b1dc8e7f2fc3 0 0 0 0 0 1
train_jpeg/f89782358679208bdb1d226ba111e668 0 0 0 0 0 1
train_jpeg/f8a8335e901e40ce51b618de60438370 0 0 0 0 0 1
train_jpeg/f90b90dfd11066369f7f1f938e2f4969 0 0 0 0 0 1
train_jpeg/f922af148dc5c9f586a9a316aa76fda5 0 0 0 0 0 1
train_jpeg/f950cc15d42e3f0d10268f87907d70e0 0 0 0 0 0 1
train_jpeg/f983d2ec824df6c70bb4b1bfdf732c5a 0 0 0 0 0 1
train_jpeg/fa00b3ef7a88c7c35ea4f04212c57310 0 0 0 0 0 1
train_jpeg/fa73a312933b5f86fec7f44bd8cf94a5 0 0 0 0 0 1
train_jpeg/fab2ad94eb5bac3d71e0046a9787579a 0 0 0 0 0 1
train_jpeg/fae699d3040cd12803b71691b279a6b6 0 0 0 0 0 1
train_jpeg/fbd897fc62fa777478c63fb052fe149e 0 0 0 0 0 1
train_jpeg/fbe57bedb58a628d16e2c48b35c8b0f7 0 0 0 0 0 1
train_jpeg/fbf60b1cc54f09f8673325b33ab09e3c 0 0 0 0 0 1
train_jpeg/fbfa7706ae60ef2f3f18211269a8d2ac 0 0 0 0 0 0
train_jpeg/fc1472d9603c99c6e7c41395776428b9 0 0 0 0 0 1
train_jpeg/fc5de25720448b86bba9b96ff6d118fa 0 0 0 0 0 1
train_jpeg/fc5faea91a2577b6ed826512a579e0e4 0 0 0 0 0 1
train_jpeg/fcc781b652368c74e8e59d46fb4a76af 0 0 0 0 0 1
train_jpeg/fd079817727211a09fd6b0415463f23d 0 0 0 0 1 0
train_jpeg/fd0810860fc2b3cf1ea3fea8a27371a2 0 0 0 0 0 1
train_jpeg/fd66c489f1de56737aabeb8838227f15 0 0 0 0 0 1
train_jpeg/fd992e43827acccf60702fe006c48399 0 0 0 0 0 1
train_jpeg/fdc0e4eaee26a9dd7bec404df5428612 0 0 0 0 0 1
train_jpeg/fe53a9e7e76d1e1227519ef252a0a0bc 0 0 0 0 0 1
train_jpeg/fe67a20679c1eed6e19ee55f776d0f6d 0 0 0 0 0 1
train_jpeg/fe6ffeafdba822278096b943236af88c 0 0 0 0 0 1
train_jpeg/fe8a1d8d8c764f03fe6eaa552a390c50 0 0 0 0 0 1
train_jpeg/feb2e0a1b33a4b19ec5d47cdb9fd907e 0 0 0 0 0 1
train_jpeg/ff13acf028a2629a8c4d2bf84c2983cc 0 0 0 0 0 1
train_jpeg/ff74b8c3d8a2799cdcc9880531852a06 0 0 0 0 0 1
train_jpeg/ff82d18c935174fb7c47c94a35af7b99 0 0 0 0 0 1
