train_jpeg/00ef59a43670dc2ae8edc383bcd52d97 0 0 0 0 0 1
train_jpeg/0101ad90f31ddb8fb24e9935a3dac9db 0 0 0 0 0 1
train_jpeg/012969950fbdd28bb50cfa447877cd4e 0 0 0 0 0 1
train_jpeg/0129a93b23aa71e7ea2b8b988d1c5287 0 0 0 0 0 1
train_jpeg/018b348fd699821cdbc5bdc0b329982c 0 0 0 0 0 0
train_jpeg/01abaf7c7b831bba7403d08f56e58a94 0 0 0 0 0 1
train_jpeg/01de1bb192f4e192190408af5cb14c68 0 0 0 0 0 1
train_jpeg/02cb781fd08fe2d7a6a56407daf2872b 0 0 0 0 0 1
train_jpeg/035b53e8aabf8763537a296c291135d1 0 0 0 0 0 0
train_jpeg/036161ca6aa4daa43cc3bc55602e8960 0 0 0 0 0 1
train_jpeg/0424e80c4f0cae6ea9e65efeed75d5d0 0 0 0 0 0 1
train_jpeg/045cf248fcf9ac153e3c9586d1c70229 0 0 0 0 0 1
train_jpeg/04717c6776396c84dd605d8889a635c5 0 0 0 0 0 1
train_jpeg/04ba2dd9ef21bb193b07b7025ffd45e7 0 0 0 0 0 1
train_jpeg/04c193ff7be9b8b895fa10e3a20bb6ad 0 0 0 0 0 1
train_jpeg/04f3e0ba1b46a723e88d7331f5e21419 0 0 0 0 0 1
train_jpeg/05067a8b46cbf6e4cfa6080ee97ac981 0 0 0 0 0 1
train_jpeg/05c9d4438807f4ecbbea5be0c60e6ec6 0 0 0 0 0 1
train_jpeg/07a6d6a7b2a64306ac3544e7dd55c5e6 0 0 0 0 0 1
train_jpeg/07db18d326b0d42688d2cd922a6e02e9 0 0 0 0 0 1
train_jpeg/07dfe44d410caed5497120ebef07b348 0 0 0 0 0 1
train_jpeg/07e5378ad3928091c08dded1f6b5353d 0 0 0 0 0 1
train_jpeg/0924f6ef94d465be6a2ced6579726448 0 0 0 0 0 1
train_jpeg/09db1fa1b7d13702536a3d244e2e086e 0 0 0 0 0 1
train_jpeg/09e0a73c91c615581fe4097ce3ae2e09 0 0 0 0 0 1
train_jpeg/0a8e835f9864b88429863f285c11078d 0 0 0 0 0 1
train_jpeg/0ad98c531de3616cc63a92d6cf871494 0 0 0 0 0 1
train_jpeg/0b78363604f4d81c3e27f90bd3066df6 0 0 0 0 0 1
train_jpeg/0c450f19114239e20978f5eeea14774d 0 0 0 0 0 1
train_jpeg/0c684171749ce2c0c601b9d69b882edb 0 0 0 0 0 0
train_jpeg/0c7a38f293d5f5e4846aa4ca6db4daf1 0 0 1 0 0 0
train_jpeg/0ccbfd4abc669a79da23bcaed50cb7e7 0 0 0 0 0 1
train_jpeg/0cd0c34f2709f45839bb442655883dc4 0 0 0 0 0 1
train_jpeg/0d758802aeeebb56a0632f26285c3d29 0 0 0 0 0 1
train_jpeg/0d7f9adbe098a0b30ead0d6ddb5ddc0d 0 0 0 0 0 1
train_jpeg/0e9fc53cf8fc7bd9822c0cc557703f43 0 0 0 0 0 1
train_jpeg/0f27e4b742995aef46336c6c408f842a 0 0 0 0 0 1
train_jpeg/105810a967e0610034f957f3c3ceceb7 0 0 0 0 0 1
train_jpeg/106f429f6701dbf750e07d6746082995 0 0 0 0 0 1
train_jpeg/107d7671377160a4a5d708849ed5d331 0 0 0 0 0 1
train_jpeg/109a5db6641f01cb8199508aa8fa0a93 0 0 0 0 0 1
train_jpeg/113af773c1c297ec9eed8f073d8b4d26 0 0 0 0 0 1
train_jpeg/1172de6d573beff0890bdd58889464cc 0 0 0 0 0 1
train_jpeg/12893b1cdc9bb44ab28129b0a3ef933f 0 0 0 0 0 1
train_jpeg/12ecba8538922151a3245b9979139a8b 0 0 0 0 0 1
train_jpeg/1364ef33b36720eb7c3909651532bbbf 0 0 0 0 0 1
train_jpeg/14501aa6c40628be7196aa12da5578a6 0 0 0 0 0 1
train_jpeg/146cd3e86d2e362391779dc7830254c0 0 0 0 0 0 1
train_jpeg/14766a5e19611bdec2cbc3d41ef64283 0 0 0 0 0 1
train_jpeg/14cff684e52997d546e0856b5ce82f39 0 0 0 0 0 1
train_jpeg/14e5011acf2672cb549516b981a380c2 0 0 0 0 0 1
train_jpeg/153acc5aa91dd9471cd76450f781afa7 0 0 0 0 0 1
train_jpeg/15703baf49cdef5b522570cff4324808 0 0 0 0 0 1
train_jpeg/15891351447c97274b4efda7d3c3cd5d 0 0 0 0 0 1
train_jpeg/1595e8093b55b28f8aa035af560cc489 0 0 0 0 0 1
train_jpeg/15adb042e5149aca8f045e3fab6cf7f8 0 0 0 0 0 1
train_jpeg/15afc9a5717c46532e73e248da1f1d0d 0 0 0 0 0 1
train_jpeg/161d979ff9937e966d5797c04ae74853 0 0 0 0 0 1
train_jpeg/168cc30b1b173119d9bac94648e55e84 0 0 0 0 0 1
train_jpeg/169e94bdbffa80c0c00be2439c5fe2c7 0 0 0 0 0 1
train_jpeg/16a3eedc3927138bcf713029c9d4bc32 0 0 0 0 0 1
train_jpeg/16e0594f4a14f27ba83533d863ca0149 0 0 0 0 0 1
train_jpeg/170e523b0646b3d3154324b697b4ac25 0 0 0 0 0 1
train_jpeg/17586e43095e0c22be0a68cb1633bc4c 0 0 0 0 0 1
train_jpeg/17afc00f450f8218d4900ca54c391ded 0 0 0 0 0 1
train_jpeg/17e313aa0692721752e196f267f0a387 0 0 0 0 0 1
train_jpeg/181a75c1249752890a7dc4a5f1f8a445 0 0 0 0 0 1
train_jpeg/182380f853d3ae91eae1e5b8b5546b96 0 0 0 0 0 1
train_jpeg/186eff86235a8336abd13b6884fbf8f7 0 0 0 0 0 1
train_jpeg/189e409214f5a4639d821a34064d9140 0 0 0 0 0 1
train_jpeg/1990c7fbf357c2f77321b07c706d7c0d 0 0 0 0 0 1
train_jpeg/19d8506a09f4f2ebd9827498ee04d2cc 0 0 0 0 0 1
train_jpeg/19f915a7d8d00addb6a4846e623b4bfc 0 0 0 0 0 1
train_jpeg/1a414a1cb6b545c2ee4de4abede481c7 0 1 0 1 0 0
train_jpeg/1a690f48bc8212140e1318412c558a6a 0 0 0 0 0 1
train_jpeg/1a74bb751051a7141bd488252882de48 0 0 0 0 0 1
train_jpeg/1a81a478454cc00af5bc46300cd15df7 0 0 0 0 0 1
train_jpeg/1aae727ec5c427a7af7b9d3f9dbfb09c 0 0 0 0 0 1
train_jpeg/1b5bc1e4045bdae07a04b56cc725ac3e 0 0 0 0 0 1
train_jpeg/1bb1a91b8f1b1904e54df4a344caf85e 0 0 0 0 0 1
train_jpeg/1bb7079ab131dd4c4151b2a6838538bd 0 0 0 0 0 1
train_jpeg/1d170ae6d3f174b88d55b7a44e1b8963 0 0 0 0 0 1
train_jpeg/1d914edeb3dc33407c223fc43b6c46f1 0 0 0 0 0 1
train_jpeg/1dda39292f1194186b8af49a6b0eb88a 0 0 0 0 0 1
train_jpeg/1e0186710c1b727da188c139c83a820b 0 0 0 0 0 1
train_jpeg/1e281a85fe646d950327daed66f8bb18 0 0 0 0 0 1
train_jpeg/1e8884f775bd11a87658122f44a3e046 0 0 0 0 0 1
train_jpeg/1f1b451ebe38481d18a61961c9435a64 0 0 0 0 0 1
train_jpeg/1f7df0f8dec0b69b4dbfc7b2526fff20 0 0 0 0 0 1
train_jpeg/1f89ad7a71ca8d38e0a27ff861ce3076 0 0 0 0 0 1
train_jpeg/1f8cfd858bed230665e07d2921eee379 0 0 0 0 0 1
train_jpeg/1fc991b32cc74cd90feb7ed007fef755 0 0 0 0 0 1
train_jpeg/200036706168231979f66a89287ec68b 0 0 0 0 0 1
train_jpeg/20255a87a5b092cc5fd834b177e9c37a 0 0 0 0 0 1
train_jpeg/202cdbe91ad9e9d4e99be4b09611fa84 0 0 0 0 0 1
train_jpeg/205ab4c7971675f49bb2befa32ccce7e 0 0 0 0 0 1
train_jpeg/2072cdb6aab12d25059bb55e7d832290 0 0 0 0 0 1
train_jpeg/209e3a5c73c1195d805dd25d086b3c6d 0 0 0 0 0 1
train_jpeg/211cd7d772ad3e3f49baa8f641f219b8 0 0 0 0 0 1
train_jpeg/212e39d070d362d7edc9b2bb2b3f6944 0 0 0 0 0 1
train_jpeg/2151389c7df805115aefcb7d2a60b444 0 0 0 0 0 1
train_jpeg/2245e73a64f0fee6f0bd3b7836596bee 0 0 0 0 0 1
train_jpeg/22c1a3b7b22b021c0e89da864e18e97c 0 0 0 0 0 1
train_jpeg/22fe47bc014f9b0a7ef10ce297f2819b 0 0 0 0 0 1
train_jpeg/2330c0e643b79d87e8229abfc13ca9aa 0 0 0 0 0 1
train_jpeg/2336497601d718422adc2439f81e0fa4 0 0 0 0 0 1
train_jpeg/23ada7eb0d82a360190e77da2edfcf8f 0 0 0 0 0 1
train_jpeg/24450a93e9dcb25b36e07d68652d4a9c 0 0 0 0 0 1
train_jpeg/254cb64978f5020a1a1f5919ae31f05f 0 0 0 0 0 1
train_jpeg/2575c2c2b42a316dada58c33b80170e1 0 0 0 0 0 1
train_jpeg/261af362ed1f38f6e17801d41b079ae7 0 0 0 0 0 1
train_jpeg/264c01b040113c32f5d50f40b91d4061 0 0 0 0 0 1
train_jpeg/264fdebe57965c3292ce07c7b4be8c39 0 0 0 0 0 1
train_jpeg/26984908efd175c161eec3c2401f7494 0 0 0 0 0 1
train_jpeg/26ecd27b0ec1629d7ebe546fabed175e 0 0 0 0 0 1
train_jpeg/27236b366295e37a46123e885d5c0aed 0 0 0 0 0 1
train_jpeg/275127b4b2ee76e8c3ab0f46267d21db 0 0 0 0 0 1
train_jpeg/277bcfbb546c26189a433230d2509671 0 0 0 0 0 1
train_jpeg/28bd3d433b7bfe05edfdc6b85d0a27bc 0 0 0 0 0 1
train_jpeg/297a3cc416d776c8b602097611ecda0b 0 0 0 0 0 1
train_jpeg/2998cdc708e79055543eb95842261f57 0 0 0 0 1 0
train_jpeg/29ef577fc5d98ec967f9ebc3ac3257a3 0 0 0 0 0 1
train_jpeg/2a07e9b63ebc4f6d67b7752b57474013 0 0 0 0 0 1
train_jpeg/2a7ee9317e4ee95e6a50a175d96fbbd8 0 0 0 0 0 1
train_jpeg/2a96255deafcf2f24bf9f266e1c12633 0 0 0 0 0 0
train_jpeg/2b3f933dae2d8beb2f065fd3a7bded78 0 0 0 0 0 1
train_jpeg/2b4350b0495a67a2381af182f77b8465 0 0 0 0 0 1
train_jpeg/2b4e10f8d855535ef7de8ccf9bcebcde 0 0 0 0 0 1
train_jpeg/2b8d23b406077cd35596765abe6930c8 0 0 0 0 0 0
train_jpeg/2bbb875a04f8379bd7a2aa458e4aa1b6 0 0 0 0 0 1
train_jpeg/2bfc8083486515f4ea07ed1a9d169b9f 0 0 0 0 0 1
train_jpeg/2c2e205feb58eb75845728eacc34ae46 0 0 0 0 0 1
train_jpeg/2c72d8a4d628b8219c45cd6ae145b8ca 0 0 0 0 0 1
train_jpeg/2cc27e3c32eea31bb6c57b7164a3c867 0 0 0 0 0 1
train_jpeg/2ce4ce807da95c9644cc6d530121e3b4 0 0 0 0 0 1
train_jpeg/2d7bcd136c20c5289094d7ac84d19bab 0 0 0 0 0 1
train_jpeg/2d8af921ca1dcb7ce98a79b3c01b0e79 0 0 0 0 0 1
train_jpeg/2df2cd03d68301d17fc1aa4daf8282be 0 0 0 0 0 1
train_jpeg/2e30387515bd11c8378375fd25f935bd 0 0 0 0 0 1
train_jpeg/2e393d79b412fb3f72f8597e96009d2f 0 0 0 0 0 1
train_jpeg/2e40aa0ff77ae6651535f96260dc157d 0 0 0 0 0 1
train_jpeg/2e84160b6410f2abd0fc7a440bff03ca 0 0 0 0 0 1
train_jpeg/2edb98ed956c4224e62a5a1ab31f563d 0 0 0 0 0 1
train_jpeg/2efa9f02587c744ab6f04ac2b29604a3 0 0 0 0 0 1
train_jpeg/2f26aa8a91c030eab136daa53d5027ed 0 0 0 0 0 1
train_jpeg/2f9feeb12755df88831107dc343f93f5 0 0 0 0 0 1
train_jpeg/2fa26bb9068d9086a5a757d01f91a1ff 0 0 0 0 0 1
train_jpeg/30cdc2c88638bc0f0e61892625a19a94 0 0 0 0 0 1
train_jpeg/30dcbddd1fdd443019b377314fa3913a 0 0 0 0 0 1
train_jpeg/30e8408cd4551ad36ce1582125d66800 0 0 0 0 0 1
train_jpeg/30fb1bef7e8c2e1a47f936c41eb36a0a 0 0 0 0 0 1
train_jpeg/318d832dc980d27de9e3d46a0b169b45 0 0 0 0 0 1
train_jpeg/319898ffd1c507946fc42c61e9d13ba7 0 0 0 0 0 1
train_jpeg/32ae29d6b9a241ee8515a6b2da1cdbbc 0 0 0 0 0 1
train_jpeg/3325d98f021657b783303a0264e0c4a7 0 0 0 0 0 1
train_jpeg/3446d2ffc6e58eeedd59567a7946d070 0 0 0 0 0 1
train_jpeg/34df7bfc75ed0a71f5fea716bdb421f8 0 0 0 0 0 1
train_jpeg/351f59c812003f1e9933326ebe4b7c8d 0 0 0 0 0 1
train_jpeg/3580707674a6b88fda9c4f95bdca6115 0 0 0 0 0 1
train_jpeg/35815525d36333e4253234cc83fd666c 0 0 0 0 0 1
train_jpeg/358a1ee480d540f0d02899fa36f5157d 0 0 0 0 0 1
train_jpeg/360c94f96b9beac4211eb22003a0f732 0 0 0 0 0 1
train_jpeg/3624ae2d9b29823f90e1c0bf833e90cd 0 0 0 0 0 1
train_jpeg/366026de955921cce6a1020277c36295 0 0 0 0 0 1
train_jpeg/36bd6eab0e53e5b1c62f8c51fee5b892 0 0 0 0 0 0
train_jpeg/37097f7608e3b19fd015b45cd85104ca 0 0 0 0 0 0
train_jpeg/376db5a51206e038e8d19e294b316139 0 0 0 0 0 1
train_jpeg/377b56ae5dc0492da6c9c79018928041 0 0 0 0 0 1
train_jpeg/37a64f131e20057e6649e0cf60a3efce 0 0 0 1 0 0
train_jpeg/37da73c72e20a4a8e5cf92a000a14dea 0 0 0 0 0 1
train_jpeg/3866d6dd58a1a85ad5a928d09e6aa3de 0 0 0 0 0 1
train_jpeg/3888093277f7a4012b382711afdac96e 0 0 0 0 0 1
train_jpeg/38b97efbca19ea22d60a2dd91a27e257 0 0 0 0 0 1
train_jpeg/38e19bdd95c16c74b26fa1eb1b6af0c2 0 0 0 0 0 1
train_jpeg/3908056ba6fc625b4aff2c08ee62f5f9 0 0 0 0 0 1
train_jpeg/39c6d89c4af8520e1aa048b693fa482d 0 0 0 0 0 1
train_jpeg/3a5d4b0e43f4d7de7a94440f59a7e57c 0 0 0 0 0 1
train_jpeg/3abdd629a7f516b06656587804ef1f0c 0 0 0 0 0 1
train_jpeg/3accdf89b7cb094f5691d73484a13dc4 0 0 0 0 0 1
train_jpeg/3ae4ccc5f9cf5e54dad140b6fa765872 0 0 0 0 0 1
train_jpeg/3b835b8c96ed349f7150820aefde8e1f 0 0 0 0 0 1
train_jpeg/3c03d7c988a256c78ea8f9ac86a0cbdd 0 0 0 0 0 1
train_jpeg/3c0908f1c50c600d8a68f4b4a093b6ce 0 0 0 0 0 1
train_jpeg/3c20666a50f258a311ae1dd05467045a 0 0 0 0 0 1
train_jpeg/3c2ca4fdfa82ef888b4e7a5aed8415f7 0 0 0 0 0 1
train_jpeg/3cc73c9398bff1f052f860c9d5f6ca90 0 0 0 0 0 1
train_jpeg/3ce550440d97864d9ff03a8c35d2c9a8 0 0 0 0 0 1
train_jpeg/3d2719da36bc090cbf84b826ac951609 0 0 0 0 0 1
train_jpeg/3df68fdb57c0fb59c88fbd3da34743e6 0 0 0 0 0 1
train_jpeg/3e6c86b853e771c74fce432aa26afbf9 0 0 0 0 0 1
train_jpeg/3e7cadcc949765b55664dcd34021089f 0 0 0 0 0 1
train_jpeg/3eec1d86865131f5df6d4f240a0d4755 0 0 0 0 0 1
train_jpeg/3f54d54a51426704804379de163b0597 0 0 0 0 0 1
train_jpeg/3f7daa8c216b9501d1d2603a86e6a5f9 0 0 0 0 0 1
train_jpeg/401816c18ea9ddb53b127b60be9881ca 0 0 0 0 0 1
train_jpeg/4063aee894337aabaedeaf677d9fca21 0 0 0 0 0 1
train_jpeg/40e919b188ff9c41cf2e3f9c37a4b808 0 1 0 0 0 0
train_jpeg/410ddd57b229d06f485bc7ea457fec42 0 0 0 0 0 1
train_jpeg/4162cfbc45878012225985ccdcd89720 0 0 0 0 0 1
train_jpeg/41b0630c88a59aba14b1ec69d5f55c55 0 0 0 0 0 1
train_jpeg/41dd3bf4ccbc95c4c4b52e2dace02764 0 0 0 0 0 1
train_jpeg/41fdc5f2d25a364bd7f525ef84fb731c 0 0 0 0 0 1
train_jpeg/4203ea234a2b4f10be4bd90cddc64347 0 0 0 0 0 1
train_jpeg/4276c66e7d8eb27840974e30d6281bcb 0 0 0 0 0 1
train_jpeg/427f538105c4b3e67683731e4cb6eacf 0 0 0 0 0 1
train_jpeg/428de3bd0df77dfd8d747ee481e74b15 0 0 0 0 0 1
train_jpeg/42956606eddac29d5ca75bfae78afd91 0 0 0 0 0 1
train_jpeg/42a8f34246396b5d8da506d4e722f3d4 0 0 0 0 0 1
train_jpeg/42b3ff032de1694bf76da99bc27c7636 0 0 0 0 0 1
train_jpeg/42b9796b7f9ec65822586dbb948a3d82 0 0 0 0 0 1
train_jpeg/4316993a5e64b1c02061b43988acd3f7 0 0 0 0 0 1
train_jpeg/43baf28f027391497e79d33400f25ccb 0 0 0 0 0 1
train_jpeg/441205382e7856b9ff5d4c3d1fb36a09 0 0 0 0 0 1
train_jpeg/44d0a8dbdf6025a00bee91d9af820579 0 0 0 0 0 1
train_jpeg/4533757d9928a73045c578da4065719f 0 0 0 0 0 1
train_jpeg/4547cd5697bce2198806126409b1192a 0 0 0 0 0 1
train_jpeg/469999b0e3acee129f96aceaa99eba0d 0 0 0 0 0 1
train_jpeg/46a92b724080ebd55dfa7ec22975694e 0 0 0 0 0 1
train_jpeg/46b92bf299d677ff131e33dc85a5b8f2 0 0 0 0 0 1
train_jpeg/46c55ae4fdb5c1c97554633e1d8f4501 0 0 0 0 0 1
train_jpeg/46e19e88592e39d44a7fe59b7c3880cd 0 0 0 0 0 1
train_jpeg/46e426cabc8126238818152f3fd25fb1 0 0 0 0 0 1
train_jpeg/46f34e017ef81cdc26de68f11bf7280d 0 0 0 0 0 1
train_jpeg/470e7c1f8564c284406d7adff645ca47 0 0 0 0 0 1
train_jpeg/472f3026622ada341776f965a62e17a0 0 0 0 0 0 1
train_jpeg/473892690a9e03ead0c4b9dcaf5f7895 0 0 0 0 0 1
train_jpeg/473e37c62215eca1498bf0584e59b69a 0 0 0 0 0 1
train_jpeg/47f94c0c75fdc7656a012d710bdc806e 0 0 0 0 0 1
train_jpeg/482888f84b6b41c2afff7e8fb6341884 0 0 0 0 0 1
train_jpeg/4842f7e236529de35cda663625d20e73 0 0 0 0 0 1
train_jpeg/4a89b92ca6acb621d81b30707c95e8b8 0 0 0 0 0 1
train_jpeg/4ac40252bc50e17573029b84a045ca9f 0 0 0 0 0 1
train_jpeg/4bc318a1741797fcc7c1c13b09d6b5a1 0 0 0 0 0 1
train_jpeg/4c2e918d34ade2ddd11772952ec34ec5 0 0 0 0 0 1
train_jpeg/4c5664523b5960de81f087dd33c2c475 0 0 0 0 0 1
train_jpeg/4cbc9c033fe06b8037718e3a4c52be21 0 0 0 0 0 1
train_jpeg/4cbf38a5b1aeed126903357f867c2fc0 0 0 0 0 0 1
train_jpeg/4d1522cfef57d41f11a46ec2b7661398 0 0 0 0 0 1
train_jpeg/4d50404bd9b5f0a330835aecd681067c 0 0 0 0 0 1
train_jpeg/4db9e6b7863b5297c136523617c7eb1c 0 0 0 0 0 1
train_jpeg/4e05e0eb20d51d18764289ce2c240942 0 0 0 0 0 0
train_jpeg/4ef51e31966e91b7946932b46773b6d1 0 0 0 0 0 1
train_jpeg/4f239ee9f362d0189b3b1c2649556d8b 0 0 0 0 0 1
train_jpeg/4f79340be69b544ce3285c3f7ed62be3 0 0 0 0 0 1
train_jpeg/4fbadd9601a2a98892407eff3f194de7 0 0 0 0 0 1
train_jpeg/502b3ce8601815f50ccdba923d84efdd 0 0 0 0 0 1
train_jpeg/50454d9d187709b92281d016553b2a75 0 0 0 0 0 1
train_jpeg/50ef49ff922da321c54cff028a8ec837 0 0 0 0 0 1
train_jpeg/50f162f9ba07dc0df900cc2ae3ce24ef 0 0 0 0 0 1
train_jpeg/51010924009e64d3978e6215ac0e0178 0 0 0 0 0 1
train_jpeg/510bd037beda94d973e885d2c3896d56 0 0 0 0 0 1
train_jpeg/510cf94dc828c654636613b2d5839cad 0 0 0 0 0 1
train_jpeg/512a2d752e167ea768cf32a32193f894 0 0 0 0 0 1
train_jpeg/518aa7c956507e5de5742c14bfd717ed 0 0 0 0 0 1
train_jpeg/51c6734c151658e86413813899a155f2 0 0 0 0 0 1
train_jpeg/522dc90427079ab9ec152eb1f26dd14a 0 0 0 0 0 1
train_jpeg/52f2dedb4ac50f9a81b544a7f1a6937d 0 0 0 0 0 1
train_jpeg/52fdc418ca620cb655fd196bb4d8c05f 0 0 0 0 0 1
train_jpeg/531b6e868f39771ca9e1865a9d9efdfc 0 0 0 0 0 1
train_jpeg/537e3172b71830225b5ed58d84bb8af9 0 0 0 0 0 1
train_jpeg/53edd2240551aa697f06c451803abb66 0 0 0 0 0 1
train_jpeg/5445ae1e0f8f8703e12f3b75b6344863 0 0 0 0 0 1
train_jpeg/554226bc3c0d84ab8feca75f233a2f2e 0 0 0 0 0 1
train_jpeg/55e6279aac033f9a68822a4f84d765fc 0 0 0 0 0 1
train_jpeg/55e8e3db7309febee415515d06418171 0 0 0 0 0 1
train_jpeg/561c75ae692419d4480e0b5f82ee9a18 0 0 0 0 0 1
train_jpeg/5631b7a74c46990fc86daf723f8c4626 0 0 0 0 0 1
train_jpeg/56768f259cb7cf068e23166090f213e8 0 0 0 0 0 1
train_jpeg/56ff603702d5731385e17026e6acd868 0 0 0 0 0 1
train_jpeg/577807f1ee94692b516b0b184b89ab35 0 0 0 0 0 1
train_jpeg/57c9ecc9749eb1860f37a308d0b284ec 0 0 0 0 0 1
train_jpeg/58364d499e25272ea20f4175dcbaa785 0 0 0 0 0 1
train_jpeg/583d8b41ad8fb8bc5322630ff2083739 0 0 0 0 0 1
train_jpeg/5848b8e25a269305feec9f640080659f 0 0 0 0 0 1
train_jpeg/584cf5908211770ecb21b8469834236f 0 0 0 0 0 1
train_jpeg/58693809cd415e1064e4560428f1ab98 0 0 0 0 0 0
train_jpeg/58ca9e2510d61a93d9399026ba37f3b6 0 0 0 0 0 1
train_jpeg/58f8ad665a4f9a26602e2a361b74c4b3 0 0 0 0 0 1
train_jpeg/5a69ba4df6f5a60bb1837c5130572bf7 0 0 0 0 0 1
train_jpeg/5acd23c2d876ccd445b527b588b5fb6c 0 0 0 0 0 1
train_jpeg/5b2299a15112f5699144b37454f52fe2 0 0 0 0 0 1
train_jpeg/5b68a9c57be2c2b62bc8d89dee5d869f 0 0 0 0 0 1
train_jpeg/5bbee8da980e978d65bfa78521a940a6 0 0 0 0 0 1
train_jpeg/5bc8debe9dbceb6ed9510ca4c0af5718 0 0 0 0 0 1
train_jpeg/5be7550be6243332c20a9ed74ff616e8 0 0 0 0 0 1
train_jpeg/5bec399818c08d3463ffb412735d4c9b 0 0 0 0 0 1
train_jpeg/5c49b9a6f698f40a9f880de5dc22ec2a 0 0 0 0 0 1
train_jpeg/5ccbab015e73d74dcc0cb88657f663e8 0 0 0 0 0 1
train_jpeg/5ccee6b4d4eceeda0703162d6f59608f 0 0 0 0 0 1
train_jpeg/5ce53167cb33fa63c59af857d7236416 0 0 0 0 0 1
train_jpeg/5d62c79af0c0dfab5633ac80ef95d1bb 0 0 0 0 0 1
train_jpeg/5d911ff93f3820e66d76ffe822300426 0 0 1 0 0 0
train_jpeg/5da892a8a20bff540f9f42a906532ebd 0 0 0 0 0 1
train_jpeg/5e9c9b1f6be41b2e52b29cb98997aee6 0 0 0 0 0 1
train_jpeg/5f842d19dfff1ffa372c9320e77acf80 0 0 0 0 0 1
train_jpeg/6033bb673b3d8c6fa47e2f10f3092b81 0 0 0 0 0 1
train_jpeg/604c66602c9f9fe478b087c1a40b7bc7 0 0 0 0 0 1
train_jpeg/60a2d1794527aa93f678e8aa64ee7a3e 0 0 0 0 0 1
train_jpeg/615e9d83e0d43d797ba1204866cb61cd 0 0 0 0 0 1
train_jpeg/628227ddfbed6bde9bcec9d08a362cce 0 0 0 0 0 1
train_jpeg/628617afb4cb12b12043d3d3a3789268 0 0 0 0 0 1
train_jpeg/632eba3c9fcf89a1929f1d87a7128218 0 0 0 0 0 1
train_jpeg/633732084de1dcecb1aaa0dfce84b896 0 0 0 0 0 1
train_jpeg/63aa38a879d4ac6b353c5d28da2ba26e 0 0 0 0 0 1
train_jpeg/63f912f3d277cbcc65aca626565d5aab 0 0 0 0 0 1
train_jpeg/63f9a83dda6ed196317c68a725988a24 0 0 0 0 0 1
train_jpeg/6401bab9722a4eebf68bee09fc7d54c2 0 0 0 0 0 1
train_jpeg/6440884f308327154f36e74e1a49bb90 0 0 0 0 0 1
train_jpeg/64745dd6d13744f622c269f3a8e07721 0 0 0 0 0 1
train_jpeg/661e2ad23fb47d53b65381856062be0b 0 0 0 0 0 1
train_jpeg/664141a1e5b55d29de9426a1979aedee 0 0 0 0 0 1
train_jpeg/667ed9795dddfb207a984b3c47cfbd4c 0 0 0 0 0 1
train_jpeg/66802f84d51c00563fb6786fef3e7b3d 0 0 0 0 0 1
train_jpeg/67057ef0cc2693cd003e2f7240681005 0 0 0 0 0 1
train_jpeg/670c2ddd42c86d8502924bd453b969e4 0 0 0 0 0 1
train_jpeg/6778474a9e212d1aef73a32583e78f37 0 0 0 0 0 1
train_jpeg/683ec9af11ca7fe33686ddce989d3768 0 0 0 0 0 0
train_jpeg/68ab5b60e34d374002405dfe7f14b7ff 1 0 0 1 0 0
train_jpeg/68c396ded603aae07cb3027b1d2e8a90 0 0 0 0 0 1
train_jpeg/694719c20ef91af3f7a7e6b00ba98b64 0 0 0 0 0 1
train_jpeg/698a337ef50a1c50adb7f97c4a993ef5 0 0 0 0 0 1
train_jpeg/6a015e935e17740e22b6b246aed892c5 0 0 0 0 0 1
train_jpeg/6aaecddda29b3527b0642365e29904cd 0 0 0 0 0 1
train_jpeg/6aef9295c77bdb3b17320cbd587963ba 0 0 0 0 0 1
train_jpeg/6b35c5737e68581ced72f3a5a8420a94 0 0 0 0 0 1
train_jpeg/6bb0f4c7693b63f01ca906e712abd4e3 0 0 0 0 0 1
train_jpeg/6bd1373894d31a553dda4cb60a41e1d8 0 0 0 0 0 1
train_jpeg/6bdf1817e85e0de9304cb046a925d686 0 0 0 0 0 1
train_jpeg/6bf23c1214cebef3a98ab21dcb5c6a56 0 0 0 0 0 1
train_jpeg/6c4280d4c09d682091a5d92102ef4162 0 0 0 0 0 1
train_jpeg/6cd46a59ee847f2f63b1cc204aa4984f 0 0 0 0 0 1
train_jpeg/6d33e69f8f399100be31330a61c5c01f 0 0 0 0 0 1
train_jpeg/6db49f47f687dc963c905d4e35daf610 0 0 0 0 0 1
train_jpeg/6dd42dae2197848d13600f4a78afd019 0 0 0 0 0 1
train_jpeg/6dd59929c3406f7c01c43db8e22483ba 0 0 0 0 0 1
train_jpeg/6dfb8cee6eb512cf449b31524584fd22 0 0 0 0 0 1
train_jpeg/6ebb557cc46abbb2477d07a49608c681 0 0 0 0 0 1
train_jpeg/6ecd9df12e3542831618ff8dadb17f7b 0 0 0 0 0 1
train_jpeg/6f05c6e90da8aba84581301c27b72ef0 0 0 0 0 0 1
train_jpeg/6f06a42ace26c3f16461616fce3ad67c 0 0 0 0 0 1
train_jpeg/6f0a891adaacf68973fa5b50f866b024 0 0 0 0 0 1
train_jpeg/6f766386cad8fec2a39bab9fbc3e44cf 0 0 0 0 0 1
train_jpeg/6f7f069af49a21103a8d020e77c0af9d 0 0 0 0 0 1
train_jpeg/701365e42b8ea1cfa1699ee31655dcfc 0 0 0 0 0 1
train_jpeg/701e3a04964ed7300eb3f08bbe3c7dfd 0 0 0 0 0 1
train_jpeg/7051a1cd72bd18da27c41d3eb46e7b52 0 0 0 0 0 1
train_jpeg/7079fb8735ede4e6209dd4a108f9349d 0 0 0 0 0 1
train_jpeg/7084059b156cac62b1126ec08e3ecbbd 0 0 0 0 0 1
train_jpeg/7109c0466922f6ce2dda7055c44c7d3a 0 0 0 0 0 1
train_jpeg/71252b7e2b0db1060efa8e2015919978 0 0 0 0 0 1
train_jpeg/718d1b889b934822019fa35c8b669afb 0 0 0 0 0 1
train_jpeg/718d2d2edbe5360a9c202818c7d75b29 0 0 0 0 0 1
train_jpeg/719ef3ece6314f7962ffe89cfd4cdb7f 0 0 0 0 0 0
train_jpeg/71a0c70202aabf788ad3f9906fc36164 0 0 0 0 0 1
train_jpeg/7237fe007c5cab239011e89137eee3a7 0 0 0 0 1 0
train_jpeg/72a61ca0140d994daccd2dc3ad4f3905 0 0 0 0 0 1
train_jpeg/72c151dc4106f5cdb97ea9c55e2c2703 0 0 0 0 0 1
train_jpeg/72cff1cc5cbc178dce3b1627f6d3d299 0 0 0 0 0 1
train_jpeg/739e9a2f8020eb6cee91d4a771f1e24f 0 0 0 0 0 1
train_jpeg/747df8b2c29aaf56f537c56926518815 0 0 0 0 0 1
train_jpeg/752836009ec557fe1f845720bc2914f4 0 0 0 0 0 1
train_jpeg/756b7c079d3e9cbe980b4e1e04da546f 0 0 0 0 0 1
train_jpeg/757508700b40b6498c67a396db7b869c 0 0 0 0 0 1
train_jpeg/75bb589fb887060db918ff9b4e75744d 0 0 0 0 0 1
train_jpeg/75deb2e5ffef549b73f591a03f346bb0 0 0 0 0 0 1
train_jpeg/75ed9329d92e12a8d1eb26cdaa0c5094 0 0 0 0 0 0
train_jpeg/7697870baf98bae71d55f65bd7aa197c 0 0 0 0 0 1
train_jpeg/7731e2602ff496070a711a8c92ed9190 0 0 0 0 0 1
train_jpeg/7798daa14debc3fb915e9a9df721ec59 0 0 0 0 0 1
train_jpeg/77aa663e67f30ee7bb6bad7d9ce63627 0 0 0 0 0 1
train_jpeg/77ab2dd882c4d214f19ddeb9e5ef62b9 0 0 0 0 0 1
train_jpeg/77b13d39f6c20a45830c2a09659eb00a 0 0 0 0 0 1
train_jpeg/77fc5f5e64044d3a4549a5fc025a3339 0 0 0 0 0 1
train_jpeg/78aa8415fbf1c792f7d7c53349d44d4f 0 0 0 0 0 1
train_jpeg/78d29d74150c136dc30a3edaf5815d04 0 0 0 0 0 1
train_jpeg/794b615b8c6c540b4ad2e3c080970e16 0 0 0 0 0 1
train_jpeg/79904e975fcd8ddedfc37acae193dfd4 0 0 0 0 0 1
train_jpeg/79e273f046c123c37601a6e337cf96f6 0 0 0 0 0 1
train_jpeg/7a26d1202e7bb46ab2ced24e0adfb043 0 0 0 0 0 1
train_jpeg/7a902dc1ee8e477baffe657284803495 0 0 0 0 0 1
train_jpeg/7ac1d89421035b48e47b4f1a1c970f4c 0 0 0 0 0 1
train_jpeg/7ac9bd8a00b065eeefed2e888fd9e9f8 0 0 0 0 0 1
train_jpeg/7acec387094705b8b10ec0fe49535e29 0 0 0 0 0 1
train_jpeg/7acf032984e0dde6b0cce4a429c1c8ee 0 0 0 0 0 1
train_jpeg/7b16695af0a7d5554e1929c900678d53 0 0 0 0 0 1
train_jpeg/7caf5c1d325ee863f7bd575a2cd5b5a4 0 0 0 0 0 1
train_jpeg/7cc4b9ed52119e3f25ac96e0e7c7dffd 0 0 0 0 0 1
train_jpeg/7e2bd6a3845b5ead3134174e22c68265 0 0 0 0 0 1
train_jpeg/7f71a9ac115f976a323e6a346fb99bad 0 0 0 0 0 1
train_jpeg/7f85410007ce8f171c6356c8c755effb 0 0 0 0 0 1
train_jpeg/7f965a82e68c0c4fac92c34dd1429d56 0 0 0 0 0 1
train_jpeg/80eec88e4af019372509aa39d1e88241 0 0 0 0 0 1
train_jpeg/811cbe1980f67f2a98f182451cc5da99 0 0 0 0 0 1
train_jpeg/81c81204896454d9efb52970f2fa9e28 0 0 0 0 0 1
train_jpeg/81f85fdddcf92d722fe509354de978d5 0 0 0 0 0 1
train_jpeg/829d6b4c6299fe6ce434d23d2410427f 0 0 0 0 0 1
train_jpeg/82a054b42d1819ce1db9308915d843d1 0 0 0 0 0 1
train_jpeg/83993c8d8053cfbc221fe1a34b7d1a03 0 0 0 0 0 1
train_jpeg/839b2311ffad9bdd9aa98c74aad6e251 0 0 0 0 0 1
train_jpeg/8400a4e7a23aae44892fd1f802f04fc3 0 0 0 0 0 1
train_jpeg/842617f4f69fc13da1b7794555d8356a 0 0 0 0 0 1
train_jpeg/848a8f3f7a4d210c2ee4901b0e07369a 0 0 0 0 0 1
train_jpeg/84e9f232df2236e9dc7f7f472ff26bee 0 0 0 0 0 1
train_jpeg/86078eb65ce76fac6692e0f16e9ccf40 0 0 0 0 0 1
train_jpeg/864162106b4c83be91a86d4d38595977 0 0 0 0 0 1
train_jpeg/86999ecd6a24bdeee4f4abaedc058ae4 0 0 0 0 0 1
train_jpeg/86b589ed2f53402336a29f328a71909f 0 0 0 0 0 1
train_jpeg/86e82c39c30d3440b34fa370c3b60959 0 0 0 0 0 1
train_jpeg/86ed421be69c3316eb5167e59c4c0d03 0 0 0 0 0 1
train_jpeg/873076485c5ab22057238ef35b9401ae 0 0 0 0 0 1
train_jpeg/873c4e8d29d8219524f1c5f5c2fc643d 0 0 0 0 0 1
train_jpeg/8749d0d77fb1a81d7cf69ea0d302ebbb 0 0 0 0 0 1
train_jpeg/8757ef60dda6f5ea955f720ee1271b70 0 0 0 0 0 1
train_jpeg/8788da35459ac8faf9738b8602573038 0 0 0 0 0 1
train_jpeg/87a615f85d01f3cef76633daa665ac69 0 0 0 0 0 1
train_jpeg/87a989904bd66047cb190d9575f4834e 0 0 0 0 0 1
train_jpeg/87cbfff4a2e763d893fd9ebfe4082ac6 0 0 0 0 0 1
train_jpeg/88862186ca31f2a8e94a9c4906d10911 0 0 0 0 0 1
train_jpeg/88c4acf92ce54c7c0480ee92515e207b 0 0 0 0 0 1
train_jpeg/88c814a309754c7abdb8cab5bc33756c 0 0 0 0 0 0
train_jpeg/88e65ae7a565c8e0545b7a4b9604a7b7 0 0 0 0 0 1
train_jpeg/88eb61045117f4d96b8aa319a8198514 0 0 0 0 0 1
train_jpeg/8906ff07b57220b0b42ebbb6c2fef1f3 0 0 0 0 0 1
train_jpeg/8907ce5324b2401c4a07cd8a5e0108c1 0 0 0 0 0 1
train_jpeg/89843cf7cd70440e06c651b20216d845 0 0 0 0 0 1
train_jpeg/89a3df94e4d997627a03048ab96f0b5a 0 0 0 0 0 1
train_jpeg/89c2a2ceb6ecf060afecbd7ed85fd24d 0 0 0 0 0 1
train_jpeg/8b5d3109a9d587e6a27ac3b109343c5f 0 0 0 0 0 1
train_jpeg/8b82e0d3b7006b3336aab010348a0ba8 0 0 0 0 0 1
train_jpeg/8b9c0adc878f893db767270124905eb0 0 0 0 0 0 1
train_jpeg/8bc430856b9859b6151b500882ba58af 0 0 0 0 0 1
train_jpeg/8c148f848e65fcc3c3259e5718b0972a 0 0 0 0 0 1
train_jpeg/8c1530d871c3dbc19cfa13f055661411 0 0 0 0 0 1
train_jpeg/8c372c0f1adb6fb0b1a8d85ffe94fe3e 0 0 0 0 0 1
train_jpeg/8cb084ad48ad4a21e15bdb8f4567ed8f 0 1 0 0 0 0
train_jpeg/8ce28abc5f7b1e4b97eef3cf6f2cb218 0 0 0 0 0 1
train_jpeg/8cec1f0e31fddd81f3d7220b9d8a508c 0 0 0 0 0 1
train_jpeg/8d0e4996d9d4eb04ffe8e7d1401e3528 0 0 0 0 0 1
train_jpeg/8e3006f8c3906fc969d4aa9aeb31f586 0 0 0 0 0 0
train_jpeg/8ea9b4a00369f9a8fab809341e10d1da 0 0 0 0 0 1
train_jpeg/8eadeb25fad29ff8fc32c8ee504fc4e5 0 0 0 0 0 1
train_jpeg/8eae8728cffdae4aafe98606182621de 0 0 0 0 0 1
train_jpeg/8f0256af9634bee76dccf87a76b03c0f 0 0 0 0 0 1
train_jpeg/8f61254c4c216a69d02f10b357c9f651 0 0 0 0 0 1
train_jpeg/8fcf3de000a550c032b0e2b84a7660f4 0 0 0 0 0 1
train_jpeg/8fd97ddca2c487df56953cff53d7c61a 0 0 0 0 0 1
train_jpeg/90253b208f6e77f8b4019b87438f0877 0 0 0 0 0 1
train_jpeg/9026f47a42aaf8c22c7161556f67c5b6 0 0 0 0 0 1
train_jpeg/9073b488b4aa559bdf3197820df2e147 0 0 0 0 0 1
train_jpeg/90ae72b77dc1401c701311e69501d3f3 0 0 0 0 0 1
train_jpeg/91332530b9a18caa74a32c5f57a7b55b 0 0 0 0 0 1
train_jpeg/9197e0e83503f2ce86c9f1f27278c243 0 0 0 0 0 1
train_jpeg/92a6f2283b4c2fb5b3e077cef3a94444 0 0 0 0 0 1
train_jpeg/92b05db1fd21b54ff131ce0632e0f3da 0 0 0 0 0 1
train_jpeg/92b15b49050a939eb59ce2583ad9b716 0 0 0 0 0 1
train_jpeg/92f683aafec90e6fba00d39b6d76016a 0 0 0 0 0 1
train_jpeg/937fa4dd4fcb43ab1d7e0516305a48dc 0 0 0 0 0 1
train_jpeg/938d2fcf6e65f8b9f1489dd8ceab7ca8 0 0 0 0 0 1
train_jpeg/94f18eae60c71594111c72ec5d2b1cfd 0 0 0 0 0 1
train_jpeg/95ec8f08322eb76c65acc94ba599da04 0 0 0 0 0 1
train_jpeg/9637e54d9a4162ab8c4370d45eb3a069 0 0 0 0 0 1
train_jpeg/9639e6b5d6391d119e959a65b6733c24 0 0 0 0 0 1
train_jpeg/964cafc7a5ad06e8af2f1ff34ac9f463 0 0 0 0 0 1
train_jpeg/9666b4ca7912fd3909c3adaaae90fb11 0 0 0 0 0 1
train_jpeg/96aa1d32c29e15dd9d4c77207cf0a613 0 0 0 0 0 1
train_jpeg/97b4c7ed1f29972870f135a4c3584693 0 0 0 0 0 1
train_jpeg/97e7276b10b2caca2a37aa6dba180185 0 0 0 0 0 1
train_jpeg/97fd30dd8242d9f8047fbbbe18e1335a 0 0 0 0 0 1
train_jpeg/989c65929da5fa0297db8da6945cca52 0 0 0 0 0 1
train_jpeg/996cf9196ebda9f2b449e2ec38ac17c4 0 0 0 0 0 0
train_jpeg/9a2c954f3fa466172e9e03a4014800f4 0 0 0 0 0 1
train_jpeg/9a3994e6a7e4c6d815db35eff5203056 0 0 0 0 0 1
train_jpeg/9a4b49eefa01b842151d156f8915e575 0 0 0 0 0 1
train_jpeg/9ad53b2712efef14f1c0af04834e8bc2 0 0 0 0 0 1
train_jpeg/9b85b7ef757927db44393d03083a757c 0 0 0 0 0 1
train_jpeg/9b9f90f821bd4dabcfd09f88d53b7edd 0 0 0 0 0 1
train_jpeg/9bcfc51817a7317c9b652c59beb99993 0 0 0 0 0 1
train_jpeg/9d2e31f03876533aae38396d2ad298e3 0 0 0 0 0 1
train_jpeg/9d594e00e5a77a59afde4508efcc2e26 0 0 0 0 0 1
train_jpeg/9d8bbc8fc1036cfb6bdc2e3fe6d97e3b 0 0 0 0 0 1
train_jpeg/9e5a4aa7369e892b8ab2140b273b4a93 0 0 0 0 0 1
train_jpeg/9e9a78a4b5155e45ba2575137d66daff 0 0 0 0 0 1
train_jpeg/9eda421bef2cf66e06dd8ae2d155ac2a 0 0 0 0 0 1
train_jpeg/9ee55bf8ff67bdabab16632c38f0a964 0 0 0 0 0 1
train_jpeg/9f1098918ff33eda5b10805f54aad269 0 0 0 0 0 1
train_jpeg/9f72e6b6567c966743f4b6536589ae11 0 0 0 0 0 1
train_jpeg/9f94dfffa1461683c80110786c3791a8 0 0 0 0 0 1
train_jpeg/a0348415e6b96ae019627d01bf8e6e8c 0 0 0 0 0 1
train_jpeg/a1097b02707668caffff26bfb3ce4898 0 0 0 0 0 1
train_jpeg/a12c284f80ffbfa559fc73a17851f7e3 0 0 0 0 0 1
train_jpeg/a1e8167621dbbff8f8bf5714e43fd188 0 1 0 0 0 0
train_jpeg/a229d309316f37b8f51cce191f9d4314 0 0 0 0 0 1
train_jpeg/a29b4315c292de2875aa7d5c4a01bc5d 0 0 0 0 0 1
train_jpeg/a443127a3d4eb9dd304ed8a1da095d03 0 0 0 0 0 1
train_jpeg/a4f53850cb70bbfa9f3ea93f0117a9c1 0 0 0 0 0 1
train_jpeg/a51a0cb0da15ea00fd9d1c711b7eb0d6 0 0 0 0 0 1
train_jpeg/a52d6fa5d0fad69daf5cfadd32115bf1 0 0 0 0 0 1
train_jpeg/a567f9e053e55522545a133a59ee59e9 0 0 0 0 0 1
train_jpeg/a5a77ddfdb5fe27206c524134a27ff4f 0 0 0 0 0 1
train_jpeg/a61d9cafa13efad9133684427c5c2171 0 0 0 0 0 1
train_jpeg/a6c730c40225de86de9f09d502ee5932 0 0 0 0 0 1
train_jpeg/a71215df1b1029e81d3f9b856caff97b 0 0 0 0 0 1
train_jpeg/a722dd820cf72cf82b586253fd76e4ab 0 0 0 0 0 1
train_jpeg/a7b45302018421978a752e4d09f3b73d 0 0 0 0 0 1
train_jpeg/a7c81c9385d39793da90bc5d4358b22a 0 0 0 0 0 1
train_jpeg/a7e934cb433dc7724548f996f5cccbce 0 0 0 0 0 1
train_jpeg/a86783be441175fe92dc0c767474514c 0 0 0 0 0 1
train_jpeg/a89c3ff3f55569369e8b6e8e9bd898f1 0 0 0 0 0 1
train_jpeg/a8d74cec7694fd764f994406fd63b4e8 0 0 0 0 0 1
train_jpeg/a95bcdb32aa1e6f33a7e20822a4a0134 0 0 0 0 0 1
train_jpeg/aa48de908e9939352caca99f748748c5 0 0 0 0 0 1
train_jpeg/aa4aed7b6713ff0be42986b000fb90ec 0 0 0 0 0 1
train_jpeg/aa964d3d679f4daa8c230d6b6abf7343 0 0 0 0 0 1
train_jpeg/aaa6a773bd8ba52b360a6f6d0ec33a15 0 0 0 0 0 1
train_jpeg/aaa6b4c3a26881de53a602686940b4e1 0 0 0 0 0 1
train_jpeg/aac515fae9d93ada4abddab6b1118aae 0 0 0 0 0 1
train_jpeg/ab0a1c92c467448a9f775ef87079361d 0 0 0 0 0 1
train_jpeg/ab34c9ad45f384227e25e6fb3e66acbb 0 0 0 0 0 1
train_jpeg/abc052d0674088cf5ed36044f394ee93 0 0 0 0 0 0
train_jpeg/abce6fd97fac874bc492b451ad029434 0 0 0 0 0 1
train_jpeg/abe2678b5867903f95b8ac43d54a37e2 0 0 0 0 0 1
train_jpeg/ac0d5180cbac66eead6195728563d5e2 0 0 0 0 0 1
train_jpeg/ac149746529931242caeed45ddf86aa0 0 0 0 0 0 1
train_jpeg/ac242fe6c4939e491b0649375b611af5 0 0 0 0 0 1
train_jpeg/acc7065e73590820d1fa944488092d59 0 0 0 0 0 0
train_jpeg/ad38cbf4a2b1e6fcbbb9d78fb513788c 0 0 0 0 0 1
train_jpeg/adc3d6375f37f3c240b9140ec928ea80 0 0 0 0 0 1
train_jpeg/adc76e22c385ca482d86fdb4a6bb82a6 0 0 0 0 0 1
train_jpeg/ae67349fc92ab21e9c5b257abc3eb789 0 0 0 0 0 1
train_jpeg/aebe06d9e107c4bc08bf3054347f8e7b 0 0 0 0 0 1
train_jpeg/af16925c379e1cdfb07d11f68d85ec49 0 0 0 0 0 1
train_jpeg/af218542c3b79c55efc30ad23392695b 0 0 0 0 0 1
train_jpeg/af55324212072e192d4bd3a4594d8697 0 0 0 0 0 1
train_jpeg/afaff30239cccb77267d94841bbd4280 0 0 0 0 0 1
train_jpeg/afc6fb73eec576696b80c9deec2d3463 0 0 0 0 0 1
train_jpeg/afe99e8177106afe77243e8ecf51cc87 0 0 0 0 0 1
train_jpeg/afffa24d96ea33877a402f38a0283a71 0 0 0 0 0 1
train_jpeg/b02fc1d5a935aa562d2428352b4ff926 0 0 0 0 0 1
train_jpeg/b1630ab0465eb8e4318b29f5ccb459bc 0 0 0 0 0 1
train_jpeg/b1767887bb3044b1d146ab8edfe59454 0 0 0 0 0 1
train_jpeg/b19140c03d24dd602afccafbb6485930 0 0 0 0 1 0
train_jpeg/b1c50f14b8ed2fe9d3478b115600eee3 0 0 0 0 0 1
train_jpeg/b1e5c3ac98f570d946fa18e66185dce8 0 0 0 0 0 1
train_jpeg/b31653be8e7a18487acbed2f8260c5ef 0 0 0 0 0 1
train_jpeg/b331c0c7898aa0d415b3709f0e2d625c 0 0 0 0 0 1
train_jpeg/b34b31b0663b718ff3e1d67e6c4135e3 0 0 0 0 0 1
train_jpeg/b3cd7935e258b4c609fcd0ee48b5d2ea 0 0 0 0 0 1
train_jpeg/b562b9d70a50e0d5a4402f185527354b 0 0 0 0 0 1
train_jpeg/b59629dc8c337b965c0addbd03d08856 0 0 0 0 0 1
train_jpeg/b6021046081d799d5f46c5bed34d890b 0 0 0 0 0 1
train_jpeg/b6f857244b0ab85f69774dd2b25b85c7 0 0 0 0 0 1
train_jpeg/b70e768f4383a21290d3e841ca47b2a9 0 0 0 0 0 1
train_jpeg/b72e2e8714232b44cab432ed8530fd83 0 0 0 0 0 1
train_jpeg/b7ad093565a9833e2178578b9d4e875d 0 0 0 0 0 1
train_jpeg/b83563194baedb0f4cfd96e3b50e5f9e 0 0 0 0 0 1
train_jpeg/b83e69529e26ac8cfbf2403044b45920 0 0 0 0 0 1
train_jpeg/b89401f08f8552689fc8320608ce6878 0 0 0 0 0 1
train_jpeg/b8b819da3a6529ce7e336f065c3c6cbc 0 0 0 0 0 1
train_jpeg/b90937f3927460f604bf5474b54a0ca5 0 0 0 0 0 1
train_jpeg/b90ffdff145e509470fa3e65b59fd7fc 0 0 0 0 0 1
train_jpeg/b91ea0ab0a8c5f5980249dceeaf341ca 0 0 0 0 0 1
train_jpeg/b972510adf2f7a48c87ef3ab845c9401 0 0 0 0 0 1
train_jpeg/ba21bf09e567083678ffd9fbdc40bbfd 0 0 0 0 0 1
train_jpeg/ba498e9558a04900ce1ecf92cf20c5e7 0 0 0 0 0 1
train_jpeg/ba79c698456068f372c043b1bd57a9ce 0 0 0 0 0 1
train_jpeg/baa01cd2f8ef7a1c64aa9b9861796cd0 0 0 0 0 0 1
train_jpeg/baa18ca2f61cde91c24ed2c9dd305011 0 0 0 0 0 1
train_jpeg/bab58da5c7d82e57bd63dfa1d6e698a4 0 0 0 0 0 1
train_jpeg/bb315b4bc113c0506a9e24593cb06a6b 0 0 0 0 0 0
train_jpeg/bb38ee94260a3ce9b599037f579c6533 0 0 0 0 0 1
train_jpeg/bb3bf70bbcf382a3ea0c003394528cd6 0 0 0 0 0 1
train_jpeg/bb4f6dad1f8b8c421f32574f5113dbe5 0 0 0 0 0 1
train_jpeg/bb93a8a5285c48a0797bc5216e99f861 0 0 0 1 0 0
train_jpeg/bc49f5b0339e0d07afb40e1576e004bd 0 0 0 0 0 1
train_jpeg/bc990779bb48677e96e8fc746cb2d9c4 0 0 0 0 0 1
train_jpeg/bcac275c6e0bb33856f785e31374e30a 0 0 0 0 0 1
train_jpeg/bcef4e084e4659f083caac0d90ef68ff 0 0 0 0 0 1
train_jpeg/bd7dc30492e43b361521ffe3478050fb 0 0 0 0 0 1
train_jpeg/be6b967a2786880d85bc90397379a97f 0 0 0 0 0 1
train_jpeg/be869b141b0483aaa10e62ec407c0010 0 0 0 0 0 1
train_jpeg/be9127737156699c0e090e1157998265 0 0 0 0 0 1
train_jpeg/bed92eb6f05d1e8a39ad62dee410a1b1 0 0 0 0 0 1
train_jpeg/bf4dc933746635ff0b049ced79dd3d1a 0 0 0 0 0 1
train_jpeg/bf4f2f5be13ba81703d12f37593a2352 0 0 0 0 0 1
train_jpeg/bf7fc9b8db86426c9103d9b7775dfa52 0 0 0 0 0 1
train_jpeg/c071739802d9b78298847628bc89f54d 0 0 0 0 0 1
train_jpeg/c08b334ae97ac2ef330464fc964dc7ec 0 0 0 0 0 1
train_jpeg/c08c31fc1e7c2b9f4792473dc5b3040d 0 0 0 0 0 1
train_jpeg/c0d22c12d35bade101a085368bc172b3 0 0 0 0 0 1
train_jpeg/c13e6492c7f43565663b43561a274b92 0 0 0 0 0 1
train_jpeg/c17557231bd8dce7fe3663817c146af7 0 0 0 0 0 1
train_jpeg/c267add7592c985550939b0091d423fa 0 0 0 0 0 1
train_jpeg/c2ba3d182a5386eb0e67259673ad4c96 0 0 0 0 0 1
train_jpeg/c3199d78a4e4151c1ec6c5446988c1dd 0 0 0 0 0 1
train_jpeg/c31df920586bafb55cf284149ec99f5a 0 0 0 0 0 1
train_jpeg/c323203fff69b129f3aadbf66dada2cd 0 0 0 0 0 1
train_jpeg/c37bd2ba1fd0b875a524f0f0d77331d3 0 0 0 0 0 1
train_jpeg/c3801a4bcc2d51f45335ae564c46f90b 0 0 0 0 0 1
train_jpeg/c3887f72f09c88caa48af0ae58e57da5 0 0 0 0 0 1
train_jpeg/c3c8c69618bad083de7e9b0ef8ceacaf 0 0 0 0 0 1
train_jpeg/c4220ae72fdf295cb20a089b71b3294f 0 0 0 0 0 1
train_jpeg/c45439d37dde8ed7a3a029995834a8f7 0 0 0 0 0 1
train_jpeg/c47cb29a8d85f4325e6f4b8eb0248222 0 0 0 0 0 1
train_jpeg/c49cd7902581e2ffde01d556ae688267 0 0 0 0 0 1
train_jpeg/c4b5b6a8a11ef80d6406f0c5b4732d36 0 0 0 0 0 1
train_jpeg/c5657b20d7a98b350f7b4bf11bd2a84f 0 0 0 0 0 1
train_jpeg/c5aa9d492605510ce5fc2403df57cd6a 0 0 1 0 0 0
train_jpeg/c5b761d0fefbe5b1c05822a4df670c09 0 0 0 0 0 1
train_jpeg/c608b156c5ec127695f49d53c60d8606 0 0 0 0 0 1
train_jpeg/c62870874b17f9a7b0447fa417248533 0 0 0 0 0 1
train_jpeg/c62cdee56fb21cc3554bdecb019539a2 0 0 0 0 0 1
train_jpeg/c67018d28d6b26ed3826a1aa8656931f 0 0 0 0 0 1
train_jpeg/c672a5c07dea43b6f5dc88071cef0839 0 0 0 0 0 1
train_jpeg/c6a03f9c292fc0f2fa7da8026457dbd5 0 0 0 0 0 1
train_jpeg/c73079e659486c1aaf40def2cffe1fa3 0 0 0 0 0 1
train_jpeg/c78a429b728a3b35c6e4b4a560dee407 0 0 0 0 0 1
train_jpeg/c7a64e8282500bcb142ffd009ce6ba90 0 0 0 0 0 1
train_jpeg/c87d5f5e300b2c1b30b635750f60bc4b 0 0 0 0 0 1
train_jpeg/c89fdbd26b69a96edbef96f88a4004a5 0 0 0 0 0 1
train_jpeg/ca1ffc6e5a04531c08563d9160ef62bf 0 0 0 0 0 1
train_jpeg/caf695e686f3fd22b1717f02e3628407 0 0 0 0 0 1
train_jpeg/cb72d05e65bd9d1b7abdf2c11cdb2351 0 0 0 0 0 1
train_jpeg/cc974ad66f47de642335f53dbbf98d1b 0 0 0 0 0 1
train_jpeg/ccfd8ce24bf167cc12999fc53efd2dc5 0 0 0 0 0 1
train_jpeg/ccfda43a5267e0aa923d8a199baafbd2 0 0 0 0 0 1
train_jpeg/cd870e76466ce35db5f5f169f5b8c5aa 0 0 0 0 0 1
train_jpeg/cda2cf23ab958545151b26e9faffc049 0 0 0 0 0 1
train_jpeg/cda5f1b6ff5b3f0649786ab621ac303e 0 0 0 0 0 1
train_jpeg/ceb5e06ea1a66fedab43e8bdb51890eb 0 0 0 0 0 0
train_jpeg/cee92cbc41867428da8409c724096ec3 0 0 0 0 0 1
train_jpeg/cf1642c65354293ea697cacc8fbb52a5 0 0 0 0 0 1
train_jpeg/cf51bd106d3022978750e35b4ff0e075 0 0 0 0 0 1
train_jpeg/cf60aecdac2cd4bfb35e7ff1bea5d61b 0 0 0 0 0 1
train_jpeg/cf8880232b3dcf3493a2b19ee2ed5167 0 0 0 0 0 1
train_jpeg/cfc1811dd956ddee6a45bad6f8b1d6ba 0 0 0 0 0 1
train_jpeg/cfd11aa2c564986e136bf86e5faf3af9 0 0 0 0 0 1
train_jpeg/cff4f1d1453d0fbb014277081e8f939c 0 0 0 0 0 1
train_jpeg/d014804684a4ef47757ec455ef14801f 0 0 0 0 0 1
train_jpeg/d07da8a9b93d7c684264ec8be14c0fe7 0 0 0 0 0 1
train_jpeg/d0c65d1a00b2947b55c3fc0adb73a650 0 0 0 0 0 1
train_jpeg/d15abd2427868abfd1c0b5381405ee1d 0 0 0 0 0 1
train_jpeg/d1a883d86b756754777f1e6c5abd5881 0 0 0 0 0 1
train_jpeg/d1bb581de986967b12d4ee6a064d70e8 0 0 0 1 0 0
train_jpeg/d1f77032565d490622bdff144b8c82b5 0 0 0 0 0 1
train_jpeg/d20b5a85afcc3d51263ba89341b3fa17 0 0 0 0 0 1
train_jpeg/d272605382fd19522fe2afefa4db1272 0 0 0 0 0 1
train_jpeg/d281927a65e081c3a2853bca2382a3b8 0 0 0 0 0 1
train_jpeg/d31b5cfd25dbcb8bf6f294c3a257cdea 0 0 0 0 0 1
train_jpeg/d320c01e0eb75da6cda33cd0b7d3cec3 0 0 0 0 0 1
train_jpeg/d33e0494ff0e35fcda857261f57c2547 0 0 0 0 0 1
train_jpeg/d345757c4f67a71f381b0ef5f997c611 0 0 0 0 0 1
train_jpeg/d386c4d79d8cc447e736947e6a7c2f2a 0 0 0 0 0 1
train_jpeg/d439808cf55114c97c3b244c54e5ab34 0 0 0 0 0 1
train_jpeg/d43d13f6cc6b4d8e0b7be0b7cc7259f5 0 0 0 0 0 1
train_jpeg/d513454347dd168afa0b6bb6c328a2ee 0 0 0 0 0 0
train_jpeg/d51ad381e9ca8029f55ff44ea1fd891b 0 0 0 0 0 1
train_jpeg/d542a2d31e52e44775ed46b028cc0041 0 0 0 0 0 0
train_jpeg/d558629d10923b5a498508ac4b65f7d2 0 0 0 0 0 1
train_jpeg/d56f1405100c1247609f9b805fcd801e 0 0 0 0 0 1
train_jpeg/d581c05e21d31a55edf271d435ced1ec 0 0 0 0 0 1
train_jpeg/d6282ea370c8e011739af5349a353f73 0 0 0 0 0 1
train_jpeg/d688b4db4f86e96344dda69d8ed529f9 0 0 0 0 0 1
train_jpeg/d69c970d9c790b8813f5b0d0964e6a55 0 0 0 0 0 1
train_jpeg/d6f481aca86583398fe54c7bcbd6d836 0 0 0 0 0 1
train_jpeg/d73dc480ab936c291ff43612acedc211 0 0 0 0 0 1
train_jpeg/d88748230c0c7978f6b1200e97b77268 0 0 0 0 0 1
train_jpeg/d96b5defb5730959859a089707e033a0 0 0 0 0 0 1
train_jpeg/db27424385c4070805371285c300b59a 0 0 0 0 0 1
train_jpeg/dbe0e2fb2277ecadfb3200e196d7a511 0 0 0 0 0 1
train_jpeg/dbf9daa139b1156c4bacc7f3ec242289 0 0 0 0 0 1
train_jpeg/dbfef57fd633c41115e99541197445b2 0 0 0 0 0 1
train_jpeg/dc0891b0748b90ad95dbd023222ecf27 0 0 0 0 0 1
train_jpeg/dc1ba5fc64b51e3ad1927074ebea474d 0 0 0 0 0 1
train_jpeg/dc58721cb0e95824ca6af36be687b8c4 0 0 0 0 0 1
train_jpeg/dc5aaa675e13f5a08673dd0ad0d80d71 0 0 0 0 0 1
train_jpeg/dc89a200fade257978efe914b0d7fb14 0 0 0 0 0 1
train_jpeg/dc9bdc272849c5232b78990a1c27dd34 0 0 0 0 0 1
train_jpeg/dcadb2dc23b88c30cf7e99b66ec77010 0 0 0 0 0 1
train_jpeg/dd24bdf17806362aab369798b59fc3a9 0 0 0 0 0 1
train_jpeg/dd28f83e65d772d72ad49d0db5e18456 0 0 0 0 0 1
train_jpeg/dd4931d788c434057fd13a062bf04cd9 0 0 0 0 0 1
train_jpeg/dd714d0ebab8a7bdeef52609f3cabe8c 0 0 0 0 0 1
train_jpeg/dd99e9d412337a3c380957def7ff1479 0 0 0 0 0 1
train_jpeg/ddd12b32eca38d67c4a3f99f5878f560 0 0 0 0 0 1
train_jpeg/dde1b28739e943a19ef506d87cf3ce00 0 0 0 0 0 1
train_jpeg/ddfbf7639556d7a6fe99fd20e3e56b46 0 0 0 0 0 1
train_jpeg/de1d3dba205bbad553d446ae091da3ba 0 0 0 0 0 1
train_jpeg/de4fe075c4d4d5ab54b80b574575138c 0 0 0 0 0 1
train_jpeg/deb0fb3ac5b5f3cd636fd04cfcb7edae 0 0 0 0 0 1
train_jpeg/df252e8636e12053f54769fbb2652af5 0 0 0 0 0 1
train_jpeg/df2587e4d211efcb35ebdf121811f35c 0 0 0 0 0 1
train_jpeg/df3196d5c8c62ef82d551c77e2be36be 0 0 0 0 0 1
train_jpeg/e01b7a9a5d544384f762cd0ee381414e 0 0 0 0 0 1
train_jpeg/e0f2fa46c093b9e83772d44f4d949986 0 0 0 0 0 1
train_jpeg/e0f950fd8305e0be7090868f30906594 0 0 0 0 0 1
train_jpeg/e0fef8abb9723fb69de08f3cd3eff2b8 0 0 0 0 0 1
train_jpeg/e13dba4a16338d083011c11d646d3c47 0 0 0 0 0 1
train_jpeg/e1c0b0ced144d120031e7f60048bd3a0 0 0 0 0 0 1
train_jpeg/e257b3d290a5033b6a6e8a4414fb6e68 0 0 0 0 0 1
train_jpeg/e2cd3f536b3edd2f0c1fd15c36cfdfc8 0 0 0 0 0 1
train_jpeg/e34293cea1b85ef0e147f36c8b37fd26 0 0 0 0 0 1
train_jpeg/e349833fb6d952431778d83d555fb50d 0 0 0 0 0 1
train_jpeg/e38f8d2f4519f98e75987b7cf04beacd 0 0 0 0 0 1
train_jpeg/e3c732821ad45a4b86d8946237c84e8d 0 0 0 0 0 1
train_jpeg/e4434973d58ed186a92072371c492b89 0 0 0 0 0 1
train_jpeg/e444d07c618bc40a493c83919ef11df8 0 0 0 0 0 1
train_jpeg/e4739e5ca3533c76c590a7303d5a9e12 0 0 0 0 0 1
train_jpeg/e47967282a430fab54691801b86d65e4 0 0 0 0 0 1
train_jpeg/e4a528876744e3a37158645935028c57 0 0 0 0 0 0
train_jpeg/e5865108d5996040a9d189337a9690c1 0 0 0 0 0 1
train_jpeg/e596e3b89332bde018574ca5e32c1e0d 0 0 0 0 0 1
train_jpeg/e5d08b7bdc2922b20a5bfa6ee36edf5c 0 0 0 0 0 1
train_jpeg/e5f2f5e7a902d6a794e3ab9a8a2841e3 0 0 0 0 0 1
train_jpeg/e6d523c9fa36153b771aff4e9b03ecb4 0 0 0 0 0 1
train_jpeg/e72717b9fa7bb66e711c9a162bb13121 0 0 0 0 0 1
train_jpeg/e7b18432198a02e57268535b75ef5abf 0 0 0 0 0 1
train_jpeg/e7f4d197bd0df1bf6d396f022ed2a9f3 0 0 0 0 0 1
train_jpeg/e81843cbf07a757c375047ae8b1a1976 0 0 0 0 0 1
train_jpeg/e92bd7118f3a35ab5a2f1a905b8d4d9b 0 0 0 0 0 1
train_jpeg/e93bd0d901e4aca5e71c05f0927e0c24 0 0 0 0 0 1
train_jpeg/e9771a988faecbc73b48411a430bacae 0 0 0 0 0 1
train_jpeg/e9a65769f6a7bef9d188119e19c3009e 0 0 0 0 0 1
train_jpeg/eabdcf4a79311551266984e5c41c1fed 0 0 0 0 0 1
train_jpeg/ebd09e28619c48589667fe0b3bde9e3f 0 0 0 0 0 1
train_jpeg/ebfffe9ac55c9d8726669a1017a46512 0 0 0 0 0 1
train_jpeg/ec78eb5c21f737384ad71b03812698b4 0 0 0 0 0 1
train_jpeg/ecd24fe10c9d9f18da495785dda97c00 0 0 0 0 0 1
train_jpeg/ed12402a2b76cda47517d5073b35eb9a 0 0 0 0 0 0
train_jpeg/ed8ad1f4cdd154bafc1e852032b15e65 0 0 0 0 0 1
train_jpeg/edd5c7d4d08bce0f94b0eb8b76bc450a 0 0 0 0 0 1
train_jpeg/ee04fa64f7e9a47abee0be3cfc22f5e7 0 0 0 0 0 1
train_jpeg/ee28d5fe8bad0f0e57d563a244ecc2f9 0 0 0 0 0 1
train_jpeg/ee6e84164cd94c0aff75c9f6a64057e3 0 0 0 0 0 1
train_jpeg/eec6cd4968fc6a83f634ae757d13f277 0 0 0 0 0 1
train_jpeg/efea0c46d7679075d3b7456f7ce0a3df 0 0 0 0 0 1
train_jpeg/eff97684b9090b2cfa07a3037870b0ff 0 0 0 0 0 1
train_jpeg/f054f5fa281a53121eb766b886325655 0 0 0 0 0 1
train_jpeg/f0612b759b3b7f38573ff9bc6297b7aa 0 0 0 0 0 1
train_jpeg/f08282b69e70d6c8eed22059746bb781 0 0 0 0 0 1
train_jpeg/f0cfa6052ecd8c00881f71de6bdd91ae 0 0 0 0 0 1
train_jpeg/f1e06b99689d0e62ee0d9967a2c9d711 0 0 0 0 0 1
train_jpeg/f1f4482fe3a8ede769d6c6c4bca3d0df 0 0 0 0 0 1
train_jpeg/f25c4d2cfdf2eb08c8db6f16d8f71bbe 0 0 0 0 0 1
train_jpeg/f2de5e9b74265022d41e210a97f6bbe5 0 0 0 0 0 1
train_jpeg/f2f11b5cad2a6fb3e2d7a28d9294b4fd 0 0 0 0 0 1
train_jpeg/f2f7a0f3169acfe68c8efa1e7eb1b358 0 0 0 0 0 1
train_jpeg/f36b723fec10353e756c14cf467ca243 0 0 0 0 0 1
train_jpeg/f36c77c7db094a92be78852831c5207b 0 0 0 0 0 1
train_jpeg/f3eacf0f4778fcba5d17d0d2ed70f2e4 0 0 0 0 1 0
train_jpeg/f4f6c2e1ce48c49b19d62c3a12d9d6c0 0 0 0 0 0 1
train_jpeg/f4fb761df33e2babd7d7fdab4dcb78fc 0 0 0 0 0 1
train_jpeg/f561aa1fdb8a675552e5b0c17839023e 0 0 0 0 0 1
train_jpeg/f586cbaa1c54d23a3798639cc1dcee49 0 0 0 0 0 1
train_jpeg/f59be8f9bdb7cedee4c800ceaeccd453 0 0 0 0 0 1
train_jpeg/f5c9c0d846aaaa1dc73a59fa772b96f2 0 0 0 0 0 1
train_jpeg/f5f0081e8dc7596b38083e2b7aa4214a 0 0 0 0 0 1
train_jpeg/f60a22a654a81b883da3709445dffba3 0 0 0 0 0 1
train_jpeg/f63fd3cf8d1e60db19eb8cf8be1eadd6 0 0 0 0 0 1
train_jpeg/f69544d8d9ec0d571302f4f534eb3a10 0 0 0 0 0 1
train_jpeg/f6b575c538dee65217877a75427f6cf7 0 0 0 0 0 1
train_jpeg/f764cd85ea43abfb8e4d638fb0eae057 0 0 0 0 0 1
train_jpeg/f7d165d478c946bfb51542088c42c518 0 0 0 0 0 1
train_jpeg/f87d3fef16e2bb2ef72179864c9f6cef 0 0 0 0 0 1
train_jpeg/f89632e332083923eaf2a5efc84ad5e6 0 0 0 0 0 1
train_jpeg/f8e3ac34e2e71746164cbbc2679c986f 0 0 0 0 0 1
train_jpeg/f91454c7ea3f4c9f6754d8c0807f0861 0 0 0 0 0 1
train_jpeg/f922ffb5dd692c52065db7efe0240403 0 0 0 0 0 1
train_jpeg/fa035c7decfbece103717b4664dcebea 0 0 0 0 0 1
train_jpeg/fa1ffc0e890d0d6fa472f8abb1590b88 0 0 0 0 0 1
train_jpeg/fb929e0efd696fe0f54902da5e7ec57a 1 0 0 0 1 0
train_jpeg/fc63f0bc1c17a196a1985672fe91d660 0 0 0 0 0 1
train_jpeg/fc9716d963eede35cbd4f981b6d25ad9 0 0 0 0 0 1
train_jpeg/fca7f0b5fd4cb23dbfd7a686def01baf 0 0 0 0 0 1
train_jpeg/fcad33814a87eb2e24bc2025a5a02bb0 0 0 0 0 0 1
train_jpeg/fd2b235794fd60c32519a560e4199a4e 0 0 0 0 0 1
train_jpeg/fe48b59fe20a779d3a6a32d7a22e4b8b 0 0 0 0 0 0
