train_jpeg/006e5626f560c1a2a74f953d71f16c11 0 0 0 0 0 1
train_jpeg/0071fbed56e53f6bfe416b7558b31f98 0 0 0 0 0 1
train_jpeg/00948e3e6acc03044af454fb9700ca60 0 0 0 0 0 1
train_jpeg/00958b3a4705cddb0d3d3b1a2c806f26 0 0 0 0 0 1
train_jpeg/009917a5aad749f5237c4cef18f0f235 0 0 0 0 0 1
train_jpeg/009fc6795a7be2faa76c6e1005edc418 0 0 0 0 0 1
train_jpeg/00b05e693202bb65a0c0ca7a0201495d 0 0 0 0 0 1
train_jpeg/00dc70e84d141255f7fc6f8038bdd72e 0 0 0 0 0 1
train_jpeg/00e25f831ccd21bd41b558cfccbf1be7 0 0 0 0 0 1
train_jpeg/01014f8d2c30a1fabc30f28e7de53467 0 0 0 0 0 1
train_jpeg/0114380e3fbe6089b4c15dc35c4b79e6 0 0 0 0 0 1
train_jpeg/01892129d76aaa1f59d4b22df8a14c0b 0 0 0 0 0 1
train_jpeg/0191b567f08216ca642e04ef05537169 0 0 0 0 0 1
train_jpeg/01c2989f508df064445c45397fd120ba 0 0 0 0 0 1
train_jpeg/01c9bb647fc30bb3f2bf508bb2e7749c 0 0 0 0 0 1
train_jpeg/01d02854d3b799cf008ade3e0cd449d4 0 0 0 0 0 1
train_jpeg/01fa6111c3fc03f33b2d2f9cc90a9e2f 0 0 0 0 0 1
train_jpeg/021a5634aba535a625ff8b1a6b51df64 0 0 0 0 0 1
train_jpeg/022c174090b07df8cddc98f0125d2a28 0 0 0 0 0 1
train_jpeg/028abf6b0a4e96bcb62f4aeb126735dd 0 0 0 0 0 1
train_jpeg/02cb781fd08fe2d7a6a56407daf2872b 0 0 0 0 0 1
train_jpeg/02cdc15120fca8e0ee1065c0a3153f06 0 0 0 0 0 1
train_jpeg/0335eb5b09f03f1a943d5335d7fa129d 0 0 0 0 0 1
train_jpeg/0343e7f7e9e4cc1ac974ab130d46eafa 0 0 0 0 0 1
train_jpeg/039d7ffa518b105dabbeca84d7b7753c 0 0 0 0 0 1
train_jpeg/03ac68dac6f0e4db18f2e74b3a2ae751 0 0 0 0 0 1
train_jpeg/03b6cf4974e7aa0a44ab5099afedec7d 0 0 0 0 0 1
train_jpeg/03de7a52c6daf7b17cf84383debc2362 0 0 0 0 0 1
train_jpeg/03f0e6bb0924540875b9ddd96705c184 0 0 0 0 0 1
train_jpeg/041664dfb960a15686d7e9c4c7b4fd73 0 0 0 0 0 1
train_jpeg/0420bfcdd86ebbcd774d0cb7a087923c 0 0 0 0 0 1
train_jpeg/0424e80c4f0cae6ea9e65efeed75d5d0 0 0 0 0 0 1
train_jpeg/045fe806619a89d8c588c0c02c5bd241 0 0 0 0 0 1
train_jpeg/046f839448acd6994ce6bb518656258d 0 0 0 0 0 1
train_jpeg/04f2409cb10dda9e308d37ec4f889eb4 0 0 0 0 0 1
train_jpeg/05067a8b46cbf6e4cfa6080ee97ac981 0 0 0 0 0 1
train_jpeg/0506ee0b2a39c2caf6685ee72ebabb9e 0 0 0 0 0 1
train_jpeg/05654196490c675a03f8a30cdea330fc 0 0 0 0 0 1
train_jpeg/0570ff53716dc31ce7979aaf7e1691c7 0 0 0 0 0 1
train_jpeg/057fb23418bbab7f82689ab76a54cbac 0 0 0 0 0 1
train_jpeg/059bf541e8754826c52b7184a52f3446 0 0 0 0 0 1
train_jpeg/05ca9b3be8bc8240cef9a387a5a06785 0 0 0 0 0 1
train_jpeg/069d41d3e346a6333fe53c5e7ff83cd5 0 0 0 0 0 1
train_jpeg/06b2f3ff0d667703ab66052b1616a302 0 0 0 0 0 1
train_jpeg/06ba60d8ce256b3edecbb31323e37576 0 0 0 0 0 1
train_jpeg/06f864ba601b64bf44c312b2e5cdd894 0 0 0 0 0 1
train_jpeg/07721069d7590cdac4891353316ed6c9 0 0 0 0 0 1
train_jpeg/0786a13cabda003d621aa54c5b875fdf 0 0 0 0 0 1
train_jpeg/07c566b1b7520bbe9d785556872074cc 0 0 0 0 0 1
train_jpeg/07f9314c9eec5959eafb3c511ac97cc8 0 0 0 0 0 1
train_jpeg/083eb3c3a0d02b6c3de4901d69e39b52 0 0 0 0 0 1
train_jpeg/084c1a06136415cf5422e5216186f30f 0 0 0 0 0 1
train_jpeg/0890c2d68d17561848b25c61fb1da200 0 0 0 0 0 1
train_jpeg/089a1c26766c10e2d8c4cdb86ed769dc 0 0 0 0 0 1
train_jpeg/08c182c884fec1fad1b1e4a19d482acf 0 0 0 0 0 1
train_jpeg/08ca5715d79a32bb574d28b34c0ed052 0 0 0 0 0 1
train_jpeg/08d348d8be4861efbf70a92ca86b8465 0 0 0 0 0 1
train_jpeg/092f49f51e7c90f0286baece053295a6 0 0 0 0 0 1
train_jpeg/093b519e943397a88b4067339ebffa5d 0 0 0 0 0 1
train_jpeg/096f214b3f16d0d36d17a3cb128c19a7 0 0 0 0 0 1
train_jpeg/0988741921b6152fb971455a4fd57a7c 0 0 0 0 0 1
train_jpeg/09a7d6ecaa44bfdb43371ad6f203ac93 0 0 0 0 0 1
train_jpeg/09ea9c40b1ee28b4712aec08f108a0c8 0 0 0 0 0 1
train_jpeg/0a3b8d3f979c06dc7b8ff6cf1f9343e4 0 0 0 0 0 1
train_jpeg/0a5da3b480ea895bafe976f54050c9f1 0 0 0 0 0 1
train_jpeg/0a695a94168b32705b91779586c6b2e7 0 0 0 0 0 1
train_jpeg/0a7aec5bd4485a6f5b67e53a8636305c 0 0 0 0 0 1
train_jpeg/0ac15450c8868c52521cd9bb4c3f74a7 0 0 0 0 0 1
train_jpeg/0ae12e31674667003309519e5f98304a 0 0 0 0 0 1
train_jpeg/0b0fa9da5382959b802284f725a2ce30 0 0 0 0 0 1
train_jpeg/0b1ac7f8267aa361183b90592618945f 0 0 0 0 0 1
train_jpeg/0b25caa22ea240d779eec6b3d48fac59 0 0 0 0 0 1
train_jpeg/0b6c10e0cd5868289d11c20da87410b8 0 0 0 0 0 1
train_jpeg/0b805259394307f01adc87b57b704602 0 0 0 0 0 1
train_jpeg/0c285f4a92ac064b0fc85f3aa01e48f7 0 0 0 0 0 1
train_jpeg/0cf6af447e4e8502ae9d0370c7edf918 0 0 0 0 0 1
train_jpeg/0cf9a5a8732ff379cff0ac1a1a54634b 0 0 0 0 0 1
train_jpeg/0cfa8fc7ad1a0f76901c761c7c108e22 0 0 0 0 0 1
train_jpeg/0d2e947bb475050c9039828b754ff6fa 0 0 0 0 0 1
train_jpeg/0d4c15118dc3c0c0f9fb402d15286089 0 0 0 0 0 1
train_jpeg/0d758802aeeebb56a0632f26285c3d29 0 0 0 0 0 1
train_jpeg/0d7f9adbe098a0b30ead0d6ddb5ddc0d 0 0 0 0 0 1
train_jpeg/0e40d75b6a0f50c6855b6f3203f421a2 0 0 0 0 0 1
train_jpeg/0e49606d0861fc8c8d797efb580c32d0 0 0 0 0 0 1
train_jpeg/0e6a918cc2a038ef1e8d3b0d9554f05e 0 0 0 0 0 1
train_jpeg/0e8ced5dabd650baa9bbd937a1211785 0 0 0 0 0 1
train_jpeg/0e9452a04ca26497519875dde9fc333c 0 0 0 0 0 1
train_jpeg/0eb12f12b3c3314540731003bd1a887c 0 0 0 0 0 1
train_jpeg/0f08bc7ac92a1678c2c3307c181580e7 0 0 0 0 0 1
train_jpeg/0f48cb3124f7e8c3a849f120c36dcda5 0 0 0 0 0 1
train_jpeg/0f4f55a6f4ee73564de09ab3ecfe77a3 0 0 0 0 0 1
train_jpeg/0f91c90caeb1104e32750f538f729331 0 0 0 0 0 1
train_jpeg/0fa549b115a4c943bd8bac3974f5e2ad 0 0 0 0 0 1
train_jpeg/0fb6d9a425117670ba7c249b35523434 0 0 0 0 0 1
train_jpeg/10058b093368fbcf159b0ff8eff23692 0 0 0 0 0 1
train_jpeg/10137d91f76a4457acf44e15fa3ddc71 0 0 0 0 0 1
train_jpeg/101462261ea1428181e14ed048dcf5e9 0 0 0 0 0 1
train_jpeg/1032d2676b0d91406a3b7ec5438f77e7 0 0 0 0 0 1
train_jpeg/1038d42bccd9b51c786f23fa24aec9e0 0 0 0 0 0 1
train_jpeg/104d4e165637f627df4040652d2b40e8 0 0 0 0 0 1
train_jpeg/105a734d1de02e6681c11743d5da094f 0 0 0 0 0 1
train_jpeg/10c3f0fd6aa8692d67b5796f78a6b827 0 0 0 0 0 1
train_jpeg/10d100f6b480361b2b5c9e1ce4f4f9f2 0 0 0 0 0 1
train_jpeg/10f8f81191e4116a4b9715bce27f4638 0 0 0 0 0 1
train_jpeg/119c830643a83d9d7d6c624e4e34cacd 0 0 0 0 0 1
train_jpeg/12090ce5aac57bf0012d16b6d100d84b 0 0 0 0 0 1
train_jpeg/12177d397427232ae8dce96f91b3cd78 0 0 0 0 0 1
train_jpeg/1246d654bb8a0b1e713e6d48a485456a 0 0 0 0 0 1
train_jpeg/12735a3e6ae44fe59babe2a618dbc450 0 0 0 0 0 1
train_jpeg/128f71b941bb2354e1536afa37a4fda2 0 0 0 0 0 1
train_jpeg/12bbf5e4c310be2e3d375867da5d42c6 0 0 0 0 0 1
train_jpeg/137bd68875a086c43c2f2693e423ba19 0 0 0 0 0 1
train_jpeg/138a772eb7df90fb619f598f958d3c09 0 0 0 0 0 1
train_jpeg/13f37b0b917c01631aff02f624e64d6a 0 0 0 0 0 1
train_jpeg/1440142c3466827fe553b42416ab615b 0 0 0 0 0 1
train_jpeg/144868aa3abc5c32412b9dd804c8e9eb 0 0 0 0 0 1
train_jpeg/146cd3e86d2e362391779dc7830254c0 0 0 0 0 0 1
train_jpeg/14783d2f57f9c689d827892bbe112cb8 0 0 0 0 0 1
train_jpeg/14b2a9fa4cd9dcf0aafb89459fb207cb 0 0 0 0 0 1
train_jpeg/14e5011acf2672cb549516b981a380c2 0 0 0 0 0 1
train_jpeg/14eb61e207776d8dbd7d8159d3c9c362 0 0 0 0 0 1
train_jpeg/14f2cc0ad531303b0cf8d60bfad32bc7 0 0 0 0 0 1
train_jpeg/1502125d4a1361d461c8c4024c9b5723 0 0 0 0 0 1
train_jpeg/1505c78837ead7b0646ff1153b91eeee 0 0 0 0 0 1
train_jpeg/1589e6e4c853cfbea7520260ea458a83 0 0 0 0 0 1
train_jpeg/15b0e4f28f04c455b90949d649987742 0 0 0 0 0 1
train_jpeg/15be011ec328fb18affff8f2f3f3c4ea 0 0 0 0 0 1
train_jpeg/15f672ba0447f0aa6152a73886061e78 0 0 0 0 0 1
train_jpeg/162713b8cd6c652cf8091cf0d584899d 0 0 0 0 0 1
train_jpeg/1627d29da4760776632c69d73237b6e2 0 0 0 0 0 1
train_jpeg/16531c511f60bb26a0f3e36acf16b73a 0 0 0 0 0 1
train_jpeg/165fa26804b9ef1fbcb9472b9bd66eff 0 0 0 0 0 1
train_jpeg/166c7f4f9050fea91eced49d4ff5933c 0 0 0 0 0 1
train_jpeg/1725098bb451c350b0e24243744f699e 0 0 0 0 0 1
train_jpeg/172b46eea4615a72b09f23a4949678e9 0 0 0 0 0 1
train_jpeg/178ecfdb6d5647f186aad87613e35c9d 0 0 0 0 0 1
train_jpeg/17bf6589a34c41b8ae38e4942e70f92d 0 0 0 0 0 1
train_jpeg/17c018da44f9b9ee649a6ba3c22e3b29 0 0 0 0 0 1
train_jpeg/17c2cd33dd23c4ae46c9738e3c346531 0 0 0 0 0 1
train_jpeg/17c980696d1aa513ab00665f1eff7bd6 0 0 0 0 0 1
train_jpeg/17eea018beec6ef78ec675919080e6a1 0 0 0 0 0 1
train_jpeg/1809586171b812f61efdb34ec7078a3b 0 0 0 0 0 1
train_jpeg/182380f853d3ae91eae1e5b8b5546b96 0 0 0 0 0 1
train_jpeg/18295ee21f34ffd95d339778527a8129 0 0 0 0 0 1
train_jpeg/18324de51e401d9415af46576424d140 0 0 0 0 0 1
train_jpeg/1836f2c6f69b5aee550ec388c92ea771 0 0 0 0 0 1
train_jpeg/184f47b33de23c41cfe05b5631dc03db 0 0 0 0 0 1
train_jpeg/18a5e70aaab459fdce1141088eb23f16 0 0 0 0 0 1
train_jpeg/18ab1248c29601086e724c18891d2bee 0 0 0 0 0 1
train_jpeg/18ae6fcb91d1341e477ee3dc84dd5071 0 0 0 0 0 1
train_jpeg/18fa4169487d5d3339a2f7ddd037237f 0 0 0 0 0 1
train_jpeg/19514c760278af2a9c30c1a066ca5a34 0 0 0 0 0 1
train_jpeg/196ed4874930e64f2fceb453533d4d47 0 0 0 0 0 1
train_jpeg/1982ea7ffdcfbc87ae9f244723cba14c 0 0 0 0 0 1
train_jpeg/19854b6b53b8cb03ea0c0d760028f4f9 0 0 0 0 0 1
train_jpeg/19a41a18fb5212373a5f449fdf997075 0 0 0 0 0 1
train_jpeg/19a70899726d73494cdd551ba38882cf 0 0 0 0 0 1
train_jpeg/19fce123283ddbb5888b463bc9956709 0 0 0 0 0 1
train_jpeg/1a3e31be4931b71f5840e74d1431b84a 0 0 0 0 0 1
train_jpeg/1a4875ed8557ee69777c2e47378871ab 0 0 0 0 0 1
train_jpeg/1a690f48bc8212140e1318412c558a6a 0 0 0 0 0 1
train_jpeg/1a74bb751051a7141bd488252882de48 0 0 0 0 0 1
train_jpeg/1a9c6bd1a0b592c94e4d254d7e1b68bb 0 0 0 0 0 1
train_jpeg/1ab9f45bb3e61f3125758d02fb1a845a 0 0 0 0 0 1
train_jpeg/1abc135df0aababb6583f4ffa5486d8a 0 0 0 0 0 1
train_jpeg/1abece8d675a66e0de79d513e46f85b2 0 0 0 0 0 1
train_jpeg/1acb28fd7ff75d39cf095674d00e14be 0 0 0 0 0 1
train_jpeg/1adbf78bb498ae9a0d2f774103d63e3f 0 0 0 0 0 1
train_jpeg/1b5e805a3ddb27279d3a0a698eedc144 0 0 0 0 0 1
train_jpeg/1c2c36b8d7a3f5940d8927f8c016cc12 0 0 0 0 0 1
train_jpeg/1c3d8a2aafef57d6aa48d11152d18da1 0 0 0 0 0 1
train_jpeg/1cd418aae48e474cb11dd1ce373fb5e3 0 0 0 0 0 1
train_jpeg/1cebab049689f364d2ba4206bbaf9cd6 0 0 0 0 0 1
train_jpeg/1d0d4bd5c8bb079b7d8921dfe63eacf6 0 0 0 0 0 1
train_jpeg/1df1184c21fb2bc9b911e354fcd59cc9 0 0 0 0 0 1
train_jpeg/1df3aeacf7d82652fd03b4e54fde89c4 0 0 0 0 0 1
train_jpeg/1e281a85fe646d950327daed66f8bb18 0 0 0 0 0 1
train_jpeg/1e94c85856e4bf6d065a2e94ab90694c 0 0 0 0 0 1
train_jpeg/1ebd89362f08102898bed0392867a75c 0 0 0 0 0 1
train_jpeg/1ecc10ca44af4ff9638ab9723ba974cb 0 0 0 0 0 1
train_jpeg/1f13fb95804f83251401097b2bb4aacf 0 0 0 0 0 1
train_jpeg/1f184f86ab6c64017ae4f989df78558c 0 0 0 0 0 1
train_jpeg/1f1cb91f0f44ecb45aec9994caf2938a 0 0 0 0 0 1
train_jpeg/1f4b11018ae7a80969cea875fa22abd1 0 0 0 0 0 1
train_jpeg/1f51fbda3b0b698e7670d3d9e77176db 0 0 0 0 0 1
train_jpeg/1f95f1c9c22a27fc9ca7ec2e6ad4abea 0 0 0 0 0 1
train_jpeg/1f9d093a5760dd389a6a22e41f89263e 0 0 0 0 0 1
train_jpeg/1fb52c6de89983f8e92e0d3512da68a0 0 0 0 0 0 1
train_jpeg/1ff360baaff7e3f923ec84b5d1913c35 0 0 0 0 0 1
train_jpeg/2001e8b4b03f5a0bfb19501fed8e4fad 0 0 0 0 0 1
train_jpeg/2024502be6b68ef571732398b632b004 0 0 0 0 0 1
train_jpeg/20374abc6a6d82a106212cddd740a99c 0 0 0 0 0 1
train_jpeg/204184f1fb8dcc77dc393e9628b76345 0 0 0 0 0 1
train_jpeg/20470c88e1f450f2611eb8086561fc8e 0 0 0 0 0 1
train_jpeg/2047ebfae1b23a9fd4fffaa5411bf566 0 0 0 0 0 1
train_jpeg/20484b6740adb2473c80a64a06375f70 0 0 0 0 0 1
train_jpeg/205ab4c7971675f49bb2befa32ccce7e 0 0 0 0 0 1
train_jpeg/2077dfb717706d5ce9a373f1672e869c 0 0 0 0 0 1
train_jpeg/20bad63c072d182a5fc00d596ca810df 0 0 0 0 0 1
train_jpeg/20d962ccef456bf181f80843b2bc462e 0 0 0 0 0 1
train_jpeg/211ef732c6baa973b00909c60ccf63e1 0 0 0 0 0 1
train_jpeg/2123faaa64f9f9d7361efc6e63acf835 0 0 0 0 0 1
train_jpeg/2139901070c5471f0e289e216bc90198 0 0 0 0 0 1
train_jpeg/215115970e51098f4e636b47f9dcc0a0 0 0 0 0 0 1
train_jpeg/21bae649fec6b45507d40df2c1125776 0 0 0 0 0 1
train_jpeg/21d38f0ccb1fc3d3aa78b3d082d298c7 0 0 0 0 0 1
train_jpeg/21e705b10515b420d9b17a5183ee4830 0 0 0 0 0 1
train_jpeg/22bf441ee789749327db34ef3bab59bf 0 0 0 0 0 1
train_jpeg/230089e37547436f78d31e27470000f8 0 0 0 0 0 1
train_jpeg/237ce92f123e9d628f2e466906201256 0 0 0 0 0 1
train_jpeg/238fe4bc6b480743d8d46aa68a240be8 0 0 0 0 0 1
train_jpeg/23e60c849578686b339e57c00a3eebc9 0 0 0 0 0 1
train_jpeg/23ff34554d9558e5acde83dc634b005c 0 0 0 0 0 1
train_jpeg/245427964ba756aa267619d1a9a8587a 0 0 0 0 0 1
train_jpeg/24a4823b25e4eabd9e9032f855f639de 0 0 0 0 0 1
train_jpeg/24bfefea72970330a9a8013298cf5f51 0 0 0 0 0 1
train_jpeg/24c9723acd53177da3c6fd40b0d80d6d 0 0 0 0 0 1
train_jpeg/24f69d2bed536ccea3b54bf28131f062 0 0 0 0 0 1
train_jpeg/2512bea06be1434f54a2c2b946e864ce 0 0 0 0 0 1
train_jpeg/252208e9202f16824a9c738e564eea5b 0 0 0 0 0 1
train_jpeg/2550db13e3e4174fb2980fbc965c4856 0 0 0 0 0 1
train_jpeg/256529b049a97ea1a2f2d76e32b1ad29 0 0 0 0 0 1
train_jpeg/25a8640bc7b02ec4dc8a4e26ab5ae837 0 0 0 0 0 1
train_jpeg/25f92688523969df7deae77a1fe98044 0 0 0 0 0 1
train_jpeg/25ffa0f11c7bdf9a9d6e48a92379b049 0 0 0 0 0 1
train_jpeg/2618c4774068c89d6eb6627692a2c6da 0 0 0 0 0 1
train_jpeg/2629bdbb567e4cf793c0b42b0c3d92cb 0 0 0 0 0 1
train_jpeg/267232cc663d4cd96dc3a6a920aabf08 0 0 0 0 0 1
train_jpeg/26892c0317a9d478211fae77c464f62d 0 0 0 0 0 1
train_jpeg/26984908efd175c161eec3c2401f7494 0 0 0 0 0 1
train_jpeg/26a01386eb1f1402efe6056e2f41de62 0 0 0 0 0 1
train_jpeg/26ecd27b0ec1629d7ebe546fabed175e 0 0 0 0 0 1
train_jpeg/27236b366295e37a46123e885d5c0aed 0 0 0 0 0 1
train_jpeg/272afe1d2fb115b3486368e7ea07f98e 0 0 0 0 0 1
train_jpeg/2767502d5b33cf62b97fd2f04ee88c62 0 0 0 0 0 1
train_jpeg/2799abaa9eff7954d1a550110de8ea44 0 0 0 0 0 1
train_jpeg/279c7b9c6fedf2cf3316cab1c24e66c4 0 0 0 0 0 1
train_jpeg/27d376021700fdc9efccbcc2c93a8d15 0 0 0 0 0 1
train_jpeg/27e6e4b244731bc028e40b85e188c533 0 0 0 0 0 1
train_jpeg/27fffe0d97f2808e5744ca084ef602d9 0 0 0 0 0 1
train_jpeg/28050539aedc73d0255fe5760e7f1565 0 0 0 0 0 1
train_jpeg/280a144f5960ef83c58dd70abba38ea4 0 0 0 0 0 1
train_jpeg/282393b621e1c9913b5e1761cad94a0a 0 0 0 0 0 1
train_jpeg/28b59f3955343ef5aa5e70e6e26a865a 0 0 0 0 0 1
train_jpeg/2942c5727fddc96e13975fd1aca13dd0 0 0 0 0 0 1
train_jpeg/29fd8b1afa5295eac5f3f9604fb79e7c 0 0 0 0 0 1
train_jpeg/2a725a4efd1b626781a9e661afe4efeb 0 0 0 0 0 1
train_jpeg/2aa6a8709e1af91e4c18002fc76c128a 0 0 0 0 0 1
train_jpeg/2b20a32f26c4f4a85188f7c44b55023e 0 0 0 0 0 1
train_jpeg/2b54a107cfa7753b2f625a4fd122df3a 0 0 0 0 0 1
train_jpeg/2b729047edae55396dd5a9940b858137 0 0 0 0 0 1
train_jpeg/2b82db51c5129aabadccfe4738b596b2 0 0 0 0 0 1
train_jpeg/2b8482d68df168b134e2ddf79465f6b0 0 0 0 0 0 1
train_jpeg/2c0111c3ab3bc747cf60b4af7c9d38cf 0 0 0 0 0 1
train_jpeg/2c2fd436da6ef27e51b626fa13b37fa5 0 0 0 0 0 1
train_jpeg/2c455514c8e4a448d0a3f3f193fe97a4 0 0 0 0 0 1
train_jpeg/2c71d64c36258deed0de846014db0813 0 0 0 0 0 1
train_jpeg/2c72d8a4d628b8219c45cd6ae145b8ca 0 0 0 0 0 1
train_jpeg/2c811692ee5993b6611391db3c96a981 0 0 0 0 0 1
train_jpeg/2c986de4d8d886b70cb30f11875641cf 0 0 0 0 0 1
train_jpeg/2cc3814230a2b9a7c532d77dc962870c 0 0 0 0 0 1
train_jpeg/2cd401882bee86895574ac831da3556a 0 0 0 0 0 1
train_jpeg/2cdac7f84a55bcc34e4fea5561a982ee 0 0 0 0 0 1
train_jpeg/2ce292377fa815713f392a7c3ae55d27 0 0 0 0 0 1
train_jpeg/2cf2872492c768aaca3759e740bc6026 0 0 0 0 0 1
train_jpeg/2d123b7231e4ec109e058816afdaf924 0 0 0 0 0 1
train_jpeg/2d482e5e1ad068673e4f6cb8a36a6077 0 0 0 0 0 1
train_jpeg/2d524b03db10432b9e13cd6f98fdaafa 0 0 0 0 0 1
train_jpeg/2d6d1b01427ec2acbdbc2149559585fa 0 0 0 0 0 1
train_jpeg/2d8a1464e95c23639c7e9cd396b50a91 0 0 0 0 0 1
train_jpeg/2d8daf336410cbd18744f0e5cbdfa1d1 0 0 0 0 0 1
train_jpeg/2da15b8fd2790ca092771940ce03071d 0 0 0 0 0 1
train_jpeg/2db69589d40ff1229b611038b013c76c 0 0 0 0 0 1
train_jpeg/2dd5338d21da724c3ecaed478ab810e9 0 0 0 0 0 1
train_jpeg/2de3dbdd66d65a73c79cc1cfbc345e29 0 0 0 0 0 1
train_jpeg/2e07a4aeb9e87902e6f88abe5a865e1d 0 0 0 0 0 1
train_jpeg/2e30387515bd11c8378375fd25f935bd 0 0 0 0 0 1
train_jpeg/2e8657294175308f0f9bf25291e90fb8 0 0 0 0 0 1
train_jpeg/2e9caf35e4c86be7006e6588b6e56985 0 0 0 0 0 1
train_jpeg/2ea39599aeefff928759cb241558a69e 0 0 0 0 0 1
train_jpeg/2ea80a706ffc413d3c8d8c666e869c43 0 0 0 0 0 1
train_jpeg/2ec02b88b8678801b23f7dce1ab2369e 0 0 0 0 0 1
train_jpeg/2ec44cf9af0b6f6bd0bfffa0bbca6e83 0 0 0 0 0 1
train_jpeg/2ec69886f334dc5f8ac92c9f7269d1c8 0 0 0 0 0 1
train_jpeg/2f0f6fef7e8edba2051a94dd9e0abeb6 0 0 0 0 0 1
train_jpeg/2f5a53aead893fd99947027a083f649d 0 0 0 0 0 1
train_jpeg/2f760e182476304e8bf212aca132ddf0 0 0 0 0 0 1
train_jpeg/2f946076d627720a955b0e7af33dac7a 0 0 0 0 0 1
train_jpeg/2ff57314516b944e4e9a83f9f3020b6e 0 0 0 0 0 1
train_jpeg/3008f89eb33513741c8242826fc67f2b 0 0 0 0 0 1
train_jpeg/308f48494437d6e5a03366869dfad5a9 0 0 0 0 0 1
train_jpeg/3091912bc947841085f33e214d077348 0 0 0 0 0 1
train_jpeg/3095cc822fe5a15e277499c62b74d58e 0 0 0 0 0 1
train_jpeg/30d1bfc51f3587dff2045b637507768b 0 0 0 0 0 1
train_jpeg/31086c8db6231fd63072f8f0e985f4a0 0 0 0 0 0 1
train_jpeg/3115064745fa270337875871df8ff0d3 0 0 0 0 0 1
train_jpeg/31b25fa0519adf33768177c116092d83 0 0 0 0 0 1
train_jpeg/31cb99774ea64ad19a91468b5a299ef2 0 0 0 0 0 1
train_jpeg/31f21db3de490677e8b2d846703c25b6 0 0 0 0 0 1
train_jpeg/3221209048765cdd84b0210c1e35e45a 0 0 0 0 0 1
train_jpeg/3245cf02595ea859a8f9e40444563694 0 0 0 0 0 1
train_jpeg/3271043bd7d7dcca640a3f1909f7eae4 0 0 0 0 0 1
train_jpeg/32a4670f04633405e71718973b36c99e 0 0 0 0 0 1
train_jpeg/32b175e9476e591939960365a484e36b 0 0 0 0 0 1
train_jpeg/32bb66e6cb8800c62203a1db2f58834d 0 0 0 0 0 1
train_jpeg/32c02d3bf7bb9e6d2f6721ebdaacfd69 0 0 0 0 0 1
train_jpeg/3314dbe03bd0baa18ae5a801f1633cc6 0 0 0 0 0 1
train_jpeg/33bfefddbcc3ffb6ccfac10b9fd63afc 0 0 0 0 0 1
train_jpeg/33d38c8c30786d2f48abb5a13f784b98 0 0 0 0 0 1
train_jpeg/33e5b39e10a9320f227e10abf1c74ab1 0 0 0 0 0 1
train_jpeg/3416d627eb0cff0117bccf1f47bb1a2a 0 0 0 0 0 1
train_jpeg/34533f58509d06a7f3e4fdc82d1cec47 0 0 0 0 0 1
train_jpeg/34621088325983505745f058223e081c 0 0 0 0 0 1
train_jpeg/347a4524fffba60839580297558df8a4 0 0 0 0 0 1
train_jpeg/34894d765cc656f95463da8b0ca5e3f3 0 0 0 0 0 1
train_jpeg/34923076c417ba259406746b6942835e 0 0 0 0 0 1
train_jpeg/34945d17482fbf6edfba63fe1303815e 0 0 0 0 0 1
train_jpeg/34da410e04ac8dca4ad6c954fdf10f9a 0 0 0 0 0 1
train_jpeg/34e4159d3c32e17bd1e43c42c8537f2b 0 0 0 0 0 1
train_jpeg/34f7e9cdd5cbc349b3d378b6fe8eba8e 0 0 0 0 0 1
train_jpeg/3536be68101ca2383292187ee7ed2927 0 0 0 0 0 1
train_jpeg/358c848a3bed6a290313a6c47abcca69 0 0 0 0 0 1
train_jpeg/35ba7a0a84f9ba4615609a731fa10c25 0 0 0 0 0 1
train_jpeg/3624ff9a96af87e75c22dbdb2744296c 0 0 0 0 0 1
train_jpeg/3656cb562e5a76cbafe238930f14d75f 0 0 0 0 0 1
train_jpeg/36602a28d0aaf0a0fb4fab57b07d818f 0 0 0 0 0 1
train_jpeg/36932735c9b84df4760656ab8dc088a7 0 0 0 0 0 1
train_jpeg/3695e9b858bf3ef80689b571e42fbebe 0 0 0 0 0 1
train_jpeg/36bbd459a965a8e317338dcc9d9e4185 0 0 0 0 0 1
train_jpeg/36ce2f8a18e417f01c12aae3b8fc9144 0 0 0 0 0 1
train_jpeg/36d2e5e9bae8dfe964f905328a4ab11f 0 0 0 0 0 1
train_jpeg/36d8dcf1283b800e49fe1f81c87b5947 0 0 0 0 0 1
train_jpeg/3735db2a61a73227dd6afc65c2d8bf23 0 0 0 0 0 1
train_jpeg/376c1525347b5937f24ab28990b42424 0 0 0 0 0 1
train_jpeg/377c692288c6911c0a7ce9e473ddddef 0 0 0 0 0 1
train_jpeg/378c7f385c547e5e7dc632510939a551 0 0 0 0 0 1
train_jpeg/37a4e42bac088a588aa3acc4a4cf42be 0 0 0 0 0 1
train_jpeg/37b4dedf25dbb8d31ef0b0d6f20b1cde 0 0 0 0 0 1
train_jpeg/3819a956d27d2125322e675f730c4cf0 0 0 0 0 0 1
train_jpeg/382d560643c78d7c443fe7c755b68676 0 0 0 0 0 1
train_jpeg/384088f50cb9ae1ba51334e3e38d33ce 0 0 0 0 0 1
train_jpeg/38645bf922214e1a900fd36e243f741c 0 0 0 0 0 1
train_jpeg/388e7b4cb81983b0053547dc5b7e3bb7 0 0 0 0 0 1
train_jpeg/388f466e82d76282997f1552eb1f5e02 0 0 0 0 0 1
train_jpeg/38943fc135fad40c99b20bb2ebca922d 0 0 0 0 0 1
train_jpeg/3916487c5067479fdb63fdea7dae8435 0 0 0 0 0 1
train_jpeg/3928719f9491f45fa9205d9efc2603bd 0 0 0 0 0 1
train_jpeg/392f2e98f9fa49ab193600815c304120 0 0 0 0 0 1
train_jpeg/3951bee26f75813c40d3b5dc4fd661d6 0 0 0 0 0 1
train_jpeg/397f840f6dce7a9c82940572c3662021 0 0 0 0 0 1
train_jpeg/39b089e6b4b6c7ed3a6dc4c176e82ffb 0 0 0 0 0 1
train_jpeg/39b3e751f3256e7b2da318acd07303d3 0 0 0 0 0 1
train_jpeg/39e047a9242d6887072b5f03c87942b2 0 0 0 0 0 1
train_jpeg/39f4a6340e828c92acc219f9dad010ef 0 0 0 0 0 1
train_jpeg/39f57c83a1026f43f87ec02311874dc3 0 0 0 0 0 1
train_jpeg/3a15dabad355333b43c65c016ae555d7 0 0 0 0 0 1
train_jpeg/3a16e3ddea4a2e8c5d2acd76981304f5 0 0 0 0 0 1
train_jpeg/3acf425a6bdaac2e5fa779acf53041cc 0 0 0 0 0 1
train_jpeg/3b0daa93bd5fce03d9ad97e01a3847f3 0 0 0 0 0 1
train_jpeg/3b100a95644ac8ab01f261f2edd6f5e2 0 0 0 0 0 1
train_jpeg/3b3a5593272c4440893c3acca186d897 0 0 0 0 0 1
train_jpeg/3b3cb568ba0f782d58efd0e97c241316 0 0 0 0 0 1
train_jpeg/3b54e846cede03b8d6ac6c5bc14af082 0 0 0 0 0 1
train_jpeg/3b6e09c81553fb9d454b550ae1e8a91e 0 0 0 0 0 1
train_jpeg/3ba022bb3299d55f925a50dd6c746f3e 0 0 0 0 0 1
train_jpeg/3be3d4ebbac208cbb4cedf479eab3cda 0 0 0 0 0 1
train_jpeg/3cbfb9619c87d46cc88567ea709a2e20 0 0 0 0 0 1
train_jpeg/3cc514941cb66809afd5bc0cc15c22d5 0 0 0 0 0 1
train_jpeg/3ccfd295989e91336c207424e2311808 0 0 0 0 0 1
train_jpeg/3d37d6d27b4c5a55c99fef87cc92af1c 0 0 0 0 0 1
train_jpeg/3d47298ef4793855468338ce3ee20912 0 0 0 0 0 1
train_jpeg/3d699e6ab5caa15d3ad7b6cdeee5f85b 0 0 0 0 0 1
train_jpeg/3d6cf58cefc8217b102d47280f927a9f 0 0 0 0 0 1
train_jpeg/3d96fc00b9f124888f8073ef5e08b566 0 0 0 0 0 1
train_jpeg/3dada1f2165d5a58e7d79d77da9b195c 0 0 0 0 0 1
train_jpeg/3db23998c63be6f49d63bab28750a207 0 0 0 0 0 1
train_jpeg/3dcd69d586c76d7ccee18e292742ff85 0 0 0 0 0 1
train_jpeg/3e0e43fa2de366a0ac10e036f92a888d 0 0 0 0 0 1
train_jpeg/3e36fcbd1b769a30a2c54eb1c0116ace 0 0 0 0 0 1
train_jpeg/3e6c86b853e771c74fce432aa26afbf9 0 0 0 0 0 1
train_jpeg/3e815f30830eeeb1eb65b4902e126cc5 0 0 0 0 0 1
train_jpeg/3e896a31eaa31a95d9819bb81fcf4054 0 0 0 0 0 1
train_jpeg/3ee9f520c0a31c20b9851fb79dccec09 0 0 0 0 0 1
train_jpeg/3f3c7b6dc7ee8b40e647f27bc3f3388c 0 0 0 0 0 1
train_jpeg/3f3dd7bdb88119b115e7f53c6016f728 0 0 0 0 0 1
train_jpeg/3f65e3179b6b77dd55473aa92cde44db 0 0 0 0 0 1
train_jpeg/3fb2fa3cceb68338ecf497cb3a2a318d 0 0 0 0 0 1
train_jpeg/3fbd129251fc5b0ef8ba82bb88da3e5a 0 0 0 0 0 1
train_jpeg/400c4a56fafceb23d378e2a0c531bf1d 0 0 0 0 0 1
train_jpeg/4025df6cfe224cd145c2ffac3d67fdba 0 0 0 0 0 1
train_jpeg/40308ea22a52eebb40f8e5c3eacf613b 0 0 0 0 0 1
train_jpeg/406d4e20d70bfce59fdbbd242d6e2989 0 0 0 0 0 1
train_jpeg/40db43057f32f22dacd78f2415b142c2 0 0 0 0 0 1
train_jpeg/40e8a0f30610634447cf7f44db3f8136 0 0 0 0 0 1
train_jpeg/410a46c87d447502899ab348a49adf79 0 0 0 0 0 1
train_jpeg/412fc134e3193cefce521a751c3b254f 0 0 0 0 0 1
train_jpeg/4182b74406f4e64e82cef78368be9231 0 0 0 0 0 1
train_jpeg/4185bd6cbe3a03ead0d7063da4e270e0 0 0 0 0 0 1
train_jpeg/41d6159222d3c8aa480f2ca9acd915d3 0 0 0 0 0 1
train_jpeg/41e5bc861c69b00689a8252212c61385 0 0 0 0 0 1
train_jpeg/41f696d62bd8210f7b21729845cc1eff 0 0 0 0 0 1
train_jpeg/422a469c9b13b37c702ab2047e157899 0 0 0 0 0 1
train_jpeg/423aea36851130d0e2e6c7bf80224378 0 0 0 0 0 1
train_jpeg/426c45a69a6b718e2e5fc92c21ae8df3 0 0 0 0 0 1
train_jpeg/427cc67360ebdee0eefee7e0ae63f2b8 0 0 0 0 0 1
train_jpeg/42956606eddac29d5ca75bfae78afd91 0 0 0 0 0 1
train_jpeg/4319296b1f1156bdf8f45f7599b168aa 0 0 0 0 0 1
train_jpeg/437f18f1921a5268a16dacfa5d3b2742 0 0 0 0 0 1
train_jpeg/43d334915f96e4cd350534dd47173791 0 0 0 0 0 1
train_jpeg/43e001cc48051b74208b4ef3d62ac829 0 0 0 0 0 1
train_jpeg/44340a3332c1364864dd4d9ae6fea977 0 0 0 0 0 1
train_jpeg/44d5e686a3810e37a60a2057bee050be 0 0 0 0 0 1
train_jpeg/44e4e9701b5fe7d9451b07638980b959 0 0 0 0 0 1
train_jpeg/4518dd081dec46cc7a40db0e2d877512 0 0 0 0 0 1
train_jpeg/451dc73713a903ea09bb57cd6ba5639a 0 0 0 0 0 1
train_jpeg/452703255619cb09069451f795789b97 0 0 0 0 0 1
train_jpeg/457d4519f58660a260c72a5b435e0b9c 0 0 0 0 0 1
train_jpeg/45e35199ac5ae1af6d66f6a5193cd6e7 0 0 0 0 0 1
train_jpeg/45ebf99f69cf677b34b0b58726469b93 0 0 0 0 0 1
train_jpeg/46149bf87a508338b6813c56b2840d1c 0 0 0 0 0 1
train_jpeg/461918c2343be661e38f3d9ac106d37d 0 0 0 0 0 1
train_jpeg/461f7084746581db5b357db019fb987b 0 0 0 0 0 1
train_jpeg/463d469271e3702e7b2d772958dbfe72 0 0 0 0 0 1
train_jpeg/465c3a62a3c28af4a253eb0fa6040118 0 0 0 0 0 1
train_jpeg/4678c2827328c6f8c8d3d654cd6b6d7c 0 0 0 0 0 1
train_jpeg/46908712215fedf5a4bfc5fa96964cda 0 0 0 0 0 1
train_jpeg/469f62e3e53dd6327aa266bea169f198 0 0 0 0 0 1
train_jpeg/46b68ee414b81b8920c646debda1317f 0 0 0 0 0 1
train_jpeg/46d721eeb4251bb82e32f44e9176f21f 0 0 0 0 0 1
train_jpeg/46f3e01784f7de9a0ff240cbe85b55c5 0 0 0 0 0 1
train_jpeg/473892690a9e03ead0c4b9dcaf5f7895 0 0 0 0 0 1
train_jpeg/477177a132f537ffc141429c64d1078e 0 0 0 0 0 1
train_jpeg/477ba2943cee7b7fa799c3118effeae3 0 0 0 0 0 1
train_jpeg/4799728ee6272af4c6828b721176cc92 0 0 0 0 0 1
train_jpeg/47bad01ec872934c0857978c8f4ba11b 0 0 0 0 0 1
train_jpeg/47dac5cee95f45895aa752a0317b94f8 0 0 0 0 0 1
train_jpeg/47ef9b0009481d207e15dc4b31ab9c2f 0 0 0 0 0 1
train_jpeg/4809a725c777cda97ab45c255bc35a2e 0 0 0 0 0 1
train_jpeg/48423141e6b9cde980a76a3ddb0b99c6 0 0 0 0 0 1
train_jpeg/487f6660f0a4996c55758c4a305b839d 0 0 0 0 0 1
train_jpeg/489f6ddc9f121ccadf798c6b14d0d74f 0 0 0 0 0 1
train_jpeg/48fc490af33999cfb8eed6a8d51c9f45 0 0 0 0 0 1
train_jpeg/49448f6958c234a27ea72e62d8e78d72 0 0 0 0 0 1
train_jpeg/497b6b6d79d765833efdaa2a36076382 0 0 0 0 0 1
train_jpeg/4a01b1f6c3863833bf9de0aac14ca27b 0 0 0 0 0 1
train_jpeg/4a3b43b71d108cc024f63ed3cb58aa7f 0 0 0 0 0 1
train_jpeg/4a4b4c829cb8ca8ae24318d9163ec734 0 0 0 0 0 1
train_jpeg/4a5df63f7bcec3f87581511567d36ab0 0 0 0 0 0 1
train_jpeg/4a85256607360f9c4c48fa9030f9d123 0 0 0 0 0 1
train_jpeg/4aaec6ad1732f8814fc6f37918bac314 0 0 0 0 0 1
train_jpeg/4ab38854ac379d52db168d091b3734ad 0 0 0 0 0 1
train_jpeg/4ad46eb0e6e47dd1b4ca3c493d755341 0 0 0 0 0 1
train_jpeg/4b02649bf322cc8f57be8468b50e85f8 0 0 0 0 0 1
train_jpeg/4c127b111ebdba8c59de22a06ca00a7f 0 0 0 0 0 1
train_jpeg/4c8e953ed2793e4988c7a28c6b8ef06c 0 0 0 0 0 1
train_jpeg/4cfc490f49c25569f4f2590ad88ae115 0 0 0 0 0 1
train_jpeg/4d0664ac3d522bb232afecc65ebb40ca 0 0 0 0 0 1
train_jpeg/4d0948aafddbf11a1d3ded0e8a28907e 0 0 0 0 0 1
train_jpeg/4d1fd8165d04d255231c3c966184cc39 0 0 0 0 0 1
train_jpeg/4d2db6608c0951464852295a4132b5e5 0 0 0 0 0 1
train_jpeg/4d50404bd9b5f0a330835aecd681067c 0 0 0 0 0 1
train_jpeg/4d74dcaf2f76dd250ef660648ef8acc5 0 0 0 0 0 1
train_jpeg/4d86666aef656a96dbc6cca83eafb36e 0 0 0 0 0 1
train_jpeg/4d8983a113dedb3f85645266ec269a11 0 0 0 0 0 1
train_jpeg/4da081a671054f2cbb3da9ad9ed7dd91 0 0 0 0 0 1
train_jpeg/4da3a2f82642af51d33d218113e3492c 0 0 0 0 0 1
train_jpeg/4e4b1190d8f1840caf19c17875cf5696 0 0 0 0 0 1
train_jpeg/4e64dda72e86baae25f848980f976e6c 0 0 0 0 0 1
train_jpeg/4eb6a773c0437191d406e4c7592b298c 0 0 0 0 0 1
train_jpeg/4ebc90122aeef6bd125cb3dcf110f0ea 0 0 0 0 0 1
train_jpeg/4f5576451eef7cb6cfc23195ce071f70 0 0 0 0 0 1
train_jpeg/4f6f8f8a8240daecc68f2751d16ad92b 0 0 0 0 0 1
train_jpeg/4f85a3489a50abf87136c4544ce8b2ba 0 0 0 0 0 1
train_jpeg/4f9a2032d0ace1ed3e85acffa6272a8a 0 0 0 0 0 1
train_jpeg/4faaf4ab2faad7f1b97e9acc4e3aa446 0 0 0 0 0 1
train_jpeg/4fd3ff1e2ed1ed58a76a42baef59daa1 0 0 0 0 0 1
train_jpeg/4fdff4b47a432825283401995af2a237 0 0 0 0 0 1
train_jpeg/4fe8fedee3a990958113337559dcfbfb 0 0 0 0 0 1
train_jpeg/503c11e610d2043d0934e616e72453e8 0 0 0 0 0 1
train_jpeg/50742e2516c5af7abede56edbd3bb6bb 0 0 0 0 0 1
train_jpeg/50cd12275b316ae30f069a21daf2d097 0 0 0 0 0 1
train_jpeg/50fa8bc151bba3639fe91add42b8a106 0 0 0 0 0 1
train_jpeg/5117b7fcc46929b526163f2851357ab0 0 0 0 0 0 1
train_jpeg/5195e8441de8c3c3651527e293a6bbfc 0 0 0 0 0 1
train_jpeg/51a37077b49d7b787bcbc48f1a141862 0 0 0 0 0 1
train_jpeg/521506c4d696ed3b55fe3235ea322c71 0 0 0 0 0 1
train_jpeg/525931a90ab60b843f96ba79db234039 0 0 0 0 0 1
train_jpeg/52798bf6b05abfd0558cc0c72687cf56 0 0 0 0 0 1
train_jpeg/5289b3ec6fff54b7aabf2875c3df048d 0 0 0 0 0 1
train_jpeg/529d6b2429935ebae0864c1a927afcd7 0 0 0 0 0 1
train_jpeg/52a8241a351307b812b63dd80912e0dd 0 0 0 0 0 1
train_jpeg/52ed2f5f58b7b0547c37a78e735b4e4f 0 0 0 0 0 1
train_jpeg/52f8ccffec591b51c73bf964ee316a49 0 0 0 0 0 1
train_jpeg/5329392bb4256fc72975c52c6ccebaca 0 0 0 0 0 1
train_jpeg/533153b97c1c0a352251ff6407252c1b 0 0 0 0 0 1
train_jpeg/537e3172b71830225b5ed58d84bb8af9 0 0 0 0 0 1
train_jpeg/53a2fc1caf29e6a72864b49df733e9e8 0 0 0 0 0 1
train_jpeg/53aff192d260d5ddc4d8c5c244871dd6 0 0 0 0 0 1
train_jpeg/53fd81f25545667511f292625f390087 0 0 0 0 0 1
train_jpeg/545b8572f049a9d9a9433bf89a543292 0 0 0 0 0 1
train_jpeg/54794d0cf25eaa7eaa1d37422245d1c3 0 0 0 0 0 1
train_jpeg/54899ab2697603e703ee876a647f7be2 0 0 0 0 0 1
train_jpeg/54c9360c74659a1e35ac10e4a4852243 0 0 0 0 0 1
train_jpeg/54d5f37064c9be0861089b29f1389b73 0 0 0 0 0 1
train_jpeg/54e9f8deb096dd86e83938332fb366da 0 0 0 0 0 1
train_jpeg/553691e4b26e55d53719a2434ddb5c8d 0 0 0 0 0 1
train_jpeg/555271abb64a5beb8d76edf6ac87f318 0 0 0 0 0 1
train_jpeg/558327eba06325fc6058b8fccf18b41d 0 0 0 0 0 1
train_jpeg/55bbe369be5354ba6af1807fc4234b91 0 0 0 0 0 1
train_jpeg/5628d3366a1626745f8b0726b9abd863 0 0 0 0 0 1
train_jpeg/5642182ab84445f84b0ff7add906018d 0 0 0 0 0 1
train_jpeg/5653cda0f7d2a24874e8161275596361 0 0 0 0 0 1
train_jpeg/56768f259cb7cf068e23166090f213e8 0 0 0 0 0 1
train_jpeg/56a0fef52403bf8a7bfb6ce0500e8da4 0 0 0 0 0 1
train_jpeg/56d1fd3be3db90b601c4e0b6926f7214 0 0 0 0 0 1
train_jpeg/5741835e56e967525f6959abb7694b1a 0 0 0 0 0 1
train_jpeg/57597c614e3f9c4d6d71f4f5341ebc09 0 0 0 0 0 1
train_jpeg/576f4f2f08b01d21440f4a3103101c5b 0 0 0 0 0 1
train_jpeg/57d275e696c91f74b75a1ef00c586538 0 0 0 0 0 1
train_jpeg/57fa9ffb1b0cbc20f3129abd2f441113 0 0 0 0 0 1
train_jpeg/587aeb5d042ed67233d6422640ae618c 0 0 0 0 0 1
train_jpeg/587f3132d4daeb685d6d480e3a72090e 0 0 0 0 0 1
train_jpeg/587f503bd90e2207e12164e04e9b41c9 0 0 0 0 0 1
train_jpeg/58bffd7fa0e03897ca5345b4aff8f473 0 0 0 0 0 1
train_jpeg/59116b15b64b0cf197a016d4876b8ccd 0 0 0 0 0 1
train_jpeg/593ac731961b7ea81417c497864b561a 0 0 0 0 0 1
train_jpeg/595883a29ce9b34f8ae3c2380cbd6239 0 0 0 0 0 1
train_jpeg/59a581f307a1831fc953338edde1de60 0 0 0 0 0 1
train_jpeg/59ab79bb1fce73184425a6572169999e 0 0 0 0 0 1
train_jpeg/59cef32ac6fc9c9afd3fa5bd1780f870 0 0 0 0 0 1
train_jpeg/5a3fda3d2b991124feb8f5e63a2f2b74 0 0 0 0 0 1
train_jpeg/5ac5435c720d458c118c8fe6aa71b2b6 0 0 0 0 0 1
train_jpeg/5ae3a513bfde7fb9528b6830548aab36 0 0 0 0 0 1
train_jpeg/5afdc4e7edfdefd26c0c8381ac79b358 0 0 0 0 0 1
train_jpeg/5b1dc838b4aa03455d6895553ea3834b 0 0 0 0 0 1
train_jpeg/5b3fe545c2e636ede177d7ab5f1bb15e 0 0 0 0 0 1
train_jpeg/5b65be064e0cee0795a5c98148360b63 0 0 0 0 0 1
train_jpeg/5b78d8b5d489489343ab31222df7a14d 0 0 0 0 0 1
train_jpeg/5c89b0eae0958efe38993c60dacb9c66 0 0 0 0 0 1
train_jpeg/5c9c0490f1629ab3659c7785ae22224d 0 0 0 0 0 1
train_jpeg/5cb63eac940ad10206e97cc7c0477e9f 0 0 0 0 0 1
train_jpeg/5ce53167cb33fa63c59af857d7236416 0 0 0 0 0 1
train_jpeg/5d092d091cf41b9291d00ff1286589cd 0 0 0 0 0 1
train_jpeg/5d8946c39ae55c10fd688bca352fb5c9 0 0 0 0 0 1
train_jpeg/5dbd07d98fe5a1ad7d8b0ae0ad893de4 0 0 0 0 0 1
train_jpeg/5defd4142147d0760d083cf87eb97e4c 0 0 0 0 0 1
train_jpeg/5df44d0d1770fba1a6ae611172cc1b4c 0 0 0 0 0 1
train_jpeg/5e1039f00f64d53d316c66fccb16ddd0 0 0 0 0 0 1
train_jpeg/5e4b467b5955aff40df0f551a3842383 0 0 0 0 0 1
train_jpeg/5ef943ba97b621c93e5c488763855401 0 0 0 0 0 1
train_jpeg/5f009092caee3729873a324a96749949 0 0 0 0 0 1
train_jpeg/5f1655023ef93623665397701ca5d74e 0 0 0 0 0 1
train_jpeg/5f3bc37da88e5a5fbbc03680c3d7302f 0 0 0 0 0 1
train_jpeg/5f789a4e9535b1508a10d86379bd45f9 0 0 0 0 0 1
train_jpeg/5f85b5e9e56f415879dd96808b606d02 0 0 0 0 0 1
train_jpeg/5fa3f0e7ed7fe549f69312f31db705b5 0 0 0 0 0 1
train_jpeg/5fbd9ec40c94b836b9be919e2688264a 0 0 0 0 0 1
train_jpeg/5fbe6cf85ca10f3d7f7d3641178ec31d 0 0 0 0 0 1
train_jpeg/5fbf0debb714847a6c44da31fe148b10 0 0 0 0 0 1
train_jpeg/5fc5a030819e3c2582ba712db239dd60 0 0 0 0 0 1
train_jpeg/608d79c9f334e63bb244629c70e19b91 0 0 0 0 0 1
train_jpeg/612418de926c8286c8eb5ea317cfe138 0 0 0 0 0 1
train_jpeg/61274e0af5522ed848d8c562d3143ad2 0 0 0 0 0 1
train_jpeg/617b94f4ddb64d1b30772177c4567f40 0 0 0 0 0 1
train_jpeg/617cd0507fe96d6bdc452e33c3839b9d 0 0 0 0 0 1
train_jpeg/618132e055081856c6b4918a11f4eabd 0 0 0 0 0 1
train_jpeg/61833001d7788af329f8bafee65a64af 0 0 0 0 0 1
train_jpeg/61969207fd4d75195e9d3bbcdb4ce8e2 0 0 0 0 0 1
train_jpeg/61fc4adaac35a3cff59573caa20039c4 0 0 0 0 0 1
train_jpeg/62368de0561a865919f192e2d1909a34 0 0 0 0 0 1
train_jpeg/6239478bf2803a285a55051f24fc1c5d 0 0 0 0 0 1
train_jpeg/623e33982a8f6421b5126b39db5b8109 0 0 0 0 0 1
train_jpeg/624618eaefe8a24b3a4064c2c7a4a895 0 0 0 0 0 1
train_jpeg/624784fc066458cc552d474c020de291 0 0 0 0 0 1
train_jpeg/6259b76067c170bcd10739b177006ca2 0 0 0 0 0 1
train_jpeg/627aaafb114b4b944f960c3b1524a88b 0 0 0 0 0 1
train_jpeg/62ba124e1b481c08b8988ceca83dcc77 0 0 0 0 0 1
train_jpeg/62c3e25845cd6097c6337faa28eab97e 0 0 0 0 0 1
train_jpeg/62cd251361d7cb1d9a713c2508f0b4d7 0 0 0 0 0 1
train_jpeg/63028db2b174cb438f0eb8664350f828 0 0 0 0 0 1
train_jpeg/630a0f2f00ad7b543d2e4f55f1f90324 0 0 0 0 0 1
train_jpeg/6322e86828b3483dc433ec2a48557ff5 0 0 0 0 0 1
train_jpeg/63246dd75fb16f49acec60fb00c247da 0 0 0 0 0 1
train_jpeg/639204be22db7a0e9c9502a44a1c9fe8 0 0 0 0 0 1
train_jpeg/63b59554a7d474f95dc9499ccead7f1d 0 0 0 0 0 1
train_jpeg/63d5b6f568f005932b9246bcb40eee68 0 0 0 0 0 1
train_jpeg/6427115ce48b05c57243f29d6943d208 0 0 0 0 0 1
train_jpeg/64395316b507236056e6cf7bde367792 0 0 0 0 0 1
train_jpeg/6440884f308327154f36e74e1a49bb90 0 0 0 0 0 1
train_jpeg/6454d66882ada8edffcca06d09f05ff9 0 0 0 0 0 1
train_jpeg/6471a01a77bb083ac0f8722c7a028b96 0 0 0 0 0 1
train_jpeg/648f133ac0f1120858a5ec22d9931a7d 0 0 0 0 0 1
train_jpeg/6496f25a409ae303ee6f158b8727db87 0 0 0 0 0 1
train_jpeg/64bca10d3d3408f0842501ffed22429e 0 0 0 0 0 1
train_jpeg/64d6687203ebd563296f3bb4b85c813c 0 0 0 0 0 1
train_jpeg/64fd5b24f0ddc753c47c45323f4e1282 0 0 0 0 0 1
train_jpeg/653242e4127decde04e22d3b29848d36 0 0 0 0 0 1
train_jpeg/6547fa2c30b6b51cbfa4c2a5c9972ff0 0 0 0 0 0 1
train_jpeg/655c037ef7034935898655e0865857e0 0 0 0 0 0 1
train_jpeg/656747d5f4e900f1811358f9c97b3d0f 0 0 0 0 0 1
train_jpeg/65b03bfabde9fb910eacbbcb9d75c900 0 0 0 0 0 1
train_jpeg/65bf9b6e18eb51eee8efa638a2958a69 0 0 0 0 0 1
train_jpeg/65d0e2c20be9bdcfe84cc43f4c4f9d3b 0 0 0 0 0 1
train_jpeg/66788537d9ccbd575dcc30db63d21db2 0 0 0 0 0 1
train_jpeg/66c6b9608a953a705058e207efce2976 0 0 0 0 0 1
train_jpeg/670b0154323b07d62b9a047be3c12d1d 0 0 0 0 0 1
train_jpeg/670c2ddd42c86d8502924bd453b969e4 0 0 0 0 0 1
train_jpeg/675e5601303ca20ac0ba119ec95c3ce7 0 0 0 0 0 1
train_jpeg/67a1938f92e475027309d5bb83c913c7 0 0 0 0 0 1
train_jpeg/67d9c7b038acb7d128552e08d9b94558 0 0 0 0 0 1
train_jpeg/67fbc13add44ab3cafafb5be3ce3cafc 0 0 0 0 0 1
train_jpeg/68171fb7046c6bf3321e70ff5af92de0 0 0 0 0 0 1
train_jpeg/6841a2a1958e9d99a4ec620de11bcea2 0 0 0 0 0 1
train_jpeg/68629d3436ba1c0cab673fbc08a5ee12 0 0 0 0 0 1
train_jpeg/687ca0b62889d06335ba7a3d147baf76 0 0 0 0 0 1
train_jpeg/6890c2ea0354b1cf96f2ad3c5cbe0d46 0 0 0 0 0 1
train_jpeg/6899d63a9d60ee219291ba61f964dbcc 0 0 0 0 0 1
train_jpeg/68b67c41111e332309d05761748aa6bf 0 0 0 0 0 1
train_jpeg/690b4f93daa39e9eb7e1b27e85e88432 0 0 0 0 0 1
train_jpeg/6917489611bdfdf75a56fa22a8c7fbe3 0 0 0 0 0 1
train_jpeg/692b771442fb9516593e584a18567bfc 0 0 0 0 0 1
train_jpeg/6965410674f276cf6224606184551221 0 0 0 0 0 1
train_jpeg/696c8f0c827772481b1f896016ce4472 0 0 0 0 0 1
train_jpeg/698ac060f0caaa4166156df14295f4fa 0 0 0 0 0 1
train_jpeg/698f2c03335010d2ff0a30798f8c2e08 0 0 0 0 0 1
train_jpeg/69b3738d1a9f0dde5ec8b01df42b035b 0 0 0 0 0 1
train_jpeg/69c18a2fb8ebe1cde62f260a812777bd 0 0 0 0 0 1
train_jpeg/69d87f580f14b87c4fbbd69f1457e650 0 0 0 0 0 1
train_jpeg/6a068b7cdf1b78d1c4d2aef21a142cff 0 0 0 0 0 1
train_jpeg/6a189a482cee7b86116ba07b6c5a3579 0 0 0 0 0 1
train_jpeg/6a7e2b68c0cb8bdaac6323d35fb495f7 0 0 0 0 0 1
train_jpeg/6aaecddda29b3527b0642365e29904cd 0 0 0 0 0 1
train_jpeg/6ab3e34c4ca6b734884a56d43fec64dc 0 0 0 0 0 1
train_jpeg/6ace0b0b0edfbd5303c4c1d314e23102 0 0 0 0 0 1
train_jpeg/6b2adaa77cf6ef3d3cea8b8b54f88df2 0 0 0 0 0 1
train_jpeg/6b33644865832cf3e25c5d00049c0380 0 0 0 0 0 1
train_jpeg/6b75fcf73e3630eca7c4f1df3c7b4fa8 0 0 0 0 0 1
train_jpeg/6b7f82e8b5ca56e2d20538cb3ad40cba 0 0 0 0 0 1
train_jpeg/6bb0f4c7693b63f01ca906e712abd4e3 0 0 0 0 0 1
train_jpeg/6bc1897634bbb80696b33e3ad978d381 0 0 0 0 0 1
train_jpeg/6bcca80b1d8a2849eb22c0d015125ffe 0 0 0 0 0 1
train_jpeg/6bd52343cfed0e05957523773708492b 0 0 0 0 0 1
train_jpeg/6beb817d8d625d0889937d9af45c5da5 0 0 0 0 0 1
train_jpeg/6bee1f1b08ad0a3cde41773ab475faff 0 0 0 0 0 1
train_jpeg/6c2e955de0010853a3fe23c1d140fb54 0 0 0 0 0 1
train_jpeg/6c401cd356a2c5799064782ed2b19ece 0 0 0 0 0 1
train_jpeg/6c6f10b281e53f76fd175f82023313d7 0 0 0 0 0 1
train_jpeg/6c76007d5cbd818dbc179bedde11d593 0 0 0 0 0 1
train_jpeg/6ca6bd22cfa20b11f14517f4f73717f1 0 0 0 0 0 1
train_jpeg/6cb240d269bf2e5f8acc33733a81c16b 0 0 0 0 0 1
train_jpeg/6cd61a95d4fbaf35fb141be2bb4c199b 0 0 0 0 0 1
train_jpeg/6ce5bd11a68f6646835418b9df612ff1 0 0 0 0 0 1
train_jpeg/6d1b437d5d0c8679c5332a7ee81a209f 0 0 0 0 0 1
train_jpeg/6d1dfc99d244e3cb3309a5d2814e5422 0 0 0 0 0 1
train_jpeg/6d1f0d2f915c3a6dd63c49acbca5b02d 0 0 0 0 0 1
train_jpeg/6d22a8f9bcd1d5a2805ca474415e8403 0 0 0 0 0 1
train_jpeg/6d35682ff27ed4e72d5c66128562bf42 0 0 0 0 0 1
train_jpeg/6d5c4d0ce4504164a6d3035aa060dcae 0 0 0 0 0 1
train_jpeg/6db32897e4b479fcf553e489b4cd255f 0 0 0 0 0 1
train_jpeg/6dd42dae2197848d13600f4a78afd019 0 0 0 0 0 1
train_jpeg/6de28cfb3e7c100fac1e01dba0bf999a 0 0 0 0 0 1
train_jpeg/6e1aa5719a8db21ee8e22c245c162e29 0 0 0 0 0 1
train_jpeg/6e26e1092a0297a1cbf0a867e3b90326 0 0 0 0 0 1
train_jpeg/6e80c23f0693fdd374a2f7ac41e23efa 0 0 0 0 0 1
train_jpeg/6e8e8f590881c80097aa19e41e17959f 0 0 0 0 0 1
train_jpeg/6ede739b7c358e914aaa260095586168 0 0 0 0 0 1
train_jpeg/6eded50356520b1bbbf9a3c40a87ce4a 0 0 0 0 0 1
train_jpeg/6f0231d5ec13130df2de4cf1a4541a15 0 0 0 0 0 1
train_jpeg/6f05c6e90da8aba84581301c27b72ef0 0 0 0 0 0 1
train_jpeg/6f29fa15d91d566620d80703947672f2 0 0 0 0 0 1
train_jpeg/6f2c92641ff0b7a70a0c10d60cbc6137 0 0 0 0 0 1
train_jpeg/6f693ffb135213d759427b3e0d26904e 0 0 0 0 0 1
train_jpeg/6f772618681e1eb89694966fe89f6a31 0 0 0 0 0 1
train_jpeg/6f873f0a401ca124ae1e125f081b591e 0 0 0 0 0 1
train_jpeg/6fb6cdd0b7b2436125f47899771093a2 0 0 0 0 0 1
train_jpeg/6fcc5e62569530a999718c9a47bbfcdc 0 0 0 0 0 1
train_jpeg/6ffe65340f826e792152fead8ba577d4 0 0 0 0 0 1
train_jpeg/7047446a0e3dd49931fc5c8105c5a488 0 0 0 0 0 1
train_jpeg/70c92d1b2c5fb544f7e43cfa291cb847 0 0 0 0 0 1
train_jpeg/7115757536c23160b8aed5f2f41c9f50 0 0 0 0 0 1
train_jpeg/714711a122d476520a5cf1853d145092 0 0 0 0 0 1
train_jpeg/7198ebf613425edb812d08cad27f7f10 0 0 0 0 0 1
train_jpeg/71a0c70202aabf788ad3f9906fc36164 0 0 0 0 0 1
train_jpeg/7200aa6dfa306e93b4ef9609f9a66d10 0 0 0 0 0 1
train_jpeg/72281af53222290aa87b534383d3bba0 0 0 0 0 0 1
train_jpeg/724de6b6f5e38283fcd5da68c67df145 0 0 0 0 0 1
train_jpeg/727a6fa6f34e675b621f4a57cfdf0c21 0 0 0 0 0 1
train_jpeg/72c151dc4106f5cdb97ea9c55e2c2703 0 0 0 0 0 1
train_jpeg/72ff64b0ef1232b9e57d51a2cadf8173 0 0 0 0 0 1
train_jpeg/73376ac533cb588d64d79dbe5ecb3415 0 0 0 0 0 1
train_jpeg/733f83c5b7f8f64a2de77404f64fe682 0 0 0 0 0 1
train_jpeg/7366d59e58387db1fa9d1bd9880ced13 0 0 0 0 0 1
train_jpeg/736a4ee15c57cb2eb94404bfb95ac297 0 0 0 0 0 1
train_jpeg/7389cf605a4839265f77d118588869ff 0 0 0 0 0 1
train_jpeg/73b9a39ebb5e44d41227b570a19efd2f 0 0 0 0 0 1
train_jpeg/73eabfe42f6208430a65c9a9b1f00d0d 0 0 0 0 0 1
train_jpeg/747ce4b7d59d56bee197ddcbcc18f0d5 0 0 0 0 0 1
train_jpeg/756ba9ff8a13473ef8c7c40ad5ded511 0 0 0 0 0 1
train_jpeg/7593231d642b5869a4974ffbc46adcab 0 0 0 0 0 1
train_jpeg/75b23d1c0eac9ac8f390ec7a77c1ea89 0 0 0 0 0 1
train_jpeg/75be37d48999ddb3d534c634fd87deb4 0 0 0 0 0 1
train_jpeg/75bfa455b272abe5205fa73695322558 0 0 0 0 0 1
train_jpeg/75d5b31a2cb644f55fff250df27d130e 0 0 0 0 0 1
train_jpeg/75f07790506738b26f09b3a4cafda424 0 0 0 0 0 1
train_jpeg/76068245ca2ba3362f734ab8272340e7 0 0 0 0 0 1
train_jpeg/760af980f4ad1ef40a517cf7e005ea1b 0 0 0 0 0 1
train_jpeg/76361414f9d428ca7556a8be3387f4d3 0 0 0 0 0 1
train_jpeg/76450ba6a16dedd0408b69bc02c61663 0 0 0 0 0 1
train_jpeg/7686dfb913f7e7bfdcd9cf85e7946d28 0 0 0 0 0 1
train_jpeg/768a7d452af7e32e52a9b183a7987319 0 0 0 0 0 1
train_jpeg/76bd6d60f495982df348eaf871cf2025 0 0 0 0 0 1
train_jpeg/76f31fc612e65b8eb12f222dc655e254 0 0 0 0 0 1
train_jpeg/76f60361e862c32200eb9c6fa5686124 0 0 0 0 0 1
train_jpeg/7724a195f7c9e13ad2e08a4dde1d2a7a 0 0 0 0 0 1
train_jpeg/772c1c2dab862ee7a033a6263e3156d9 0 0 0 0 0 1
train_jpeg/775496129b043e3d68c9c38bb54ead62 0 0 0 0 0 1
train_jpeg/776125f3d2c9af97ee3197c93ece70cc 0 0 0 0 0 1
train_jpeg/77a01f5a6710d451996cc9075fe22eb7 0 0 0 0 0 1
train_jpeg/77b358bbc115d86b69b1dd78358775fe 0 0 0 0 0 1
train_jpeg/77c56551375e4c0823a042fdf3d226a1 0 0 0 0 0 1
train_jpeg/77c758ab280d0320271498ffd0670f13 0 0 0 0 0 1
train_jpeg/782695d44959640000d4afedab82a63f 0 0 0 0 0 1
train_jpeg/785987505cf26c0b13b070603eece05f 0 0 0 0 0 1
train_jpeg/78caa1abf8556f8827f5735e02bfc400 0 0 0 0 0 1
train_jpeg/78dc6be929546ace08d685d570a7dc99 0 0 0 0 0 1
train_jpeg/78e42664425e6d7daf3bb21060580abf 0 0 0 0 0 1
train_jpeg/78e74c1de02fd646c20b2f46d22a4ae5 0 0 0 0 0 1
train_jpeg/793ba06574de2325cdfcbe7a8c2efebf 0 0 0 0 0 1
train_jpeg/7960b5c77707fc5969a74c387b071276 0 0 0 0 0 1
train_jpeg/798092282e85a62211d854529e2f121f 0 0 0 0 0 1
train_jpeg/79c0ab426e0b9c53966c821677994225 0 0 0 0 0 1
train_jpeg/79e5f9e6c2fdfa583f8fa7356a3118b3 0 0 0 0 0 1
train_jpeg/7a5d92db0778a2ab3e887fe962f298f1 0 0 0 0 0 1
train_jpeg/7ac9bd8a00b065eeefed2e888fd9e9f8 0 0 0 0 0 1
train_jpeg/7af97a01d24c91deb8fe5355014be936 0 0 0 0 0 1
train_jpeg/7b453829a8abc97cc04e86899c71f357 0 0 0 0 0 1
train_jpeg/7b49c7eb3eff83290826dc9b4eb8ea2f 0 0 0 0 0 1
train_jpeg/7b97c7c1b71def8c2be665f551f33da3 0 0 0 0 0 1
train_jpeg/7bc9ecd56967b9546f0af6e2e9537494 0 0 0 0 0 1
train_jpeg/7bca9e4aa6b3a8786fcb6443bd5d7d0e 0 0 0 0 0 1
train_jpeg/7bd33c1ffde27089500d1a6b63e8395b 0 0 0 0 0 1
train_jpeg/7c42de6dd248ce53880debab2567b521 0 0 0 0 0 1
train_jpeg/7cd562c08d3ae93e012bfe9d2e4e33d5 0 0 0 0 0 1
train_jpeg/7cd744553edddae9915bc1d28fe5831a 0 0 0 0 0 1
train_jpeg/7d0090c158c1835dce5e0adc9819847b 0 0 0 0 0 1
train_jpeg/7d0a857d45047948828c5f62a8573267 0 0 0 0 0 1
train_jpeg/7d73640c06cf3a247cf7157f3f7bcaac 0 0 0 0 0 1
train_jpeg/7d7ebec69dcf4ec6e88f58b8eaf4e4df 0 0 0 0 0 1
train_jpeg/7d98d74f9696dc52a9bc45f40a4d0fef 0 0 0 0 0 1
train_jpeg/7da08a037628a0ab39bfbfeb4acae31b 0 0 0 0 0 1
train_jpeg/7da758a6be4d9129a20237e60dfa9d20 0 0 0 0 0 1
train_jpeg/7e17f45a367eb8c0e3e1ac74ca1ffe53 0 0 0 0 0 1
train_jpeg/7e2d24cf341f0969d7cc98455c2ffd3f 0 0 0 0 0 1
train_jpeg/7e7413d3318ebe1228440563b5f570b8 0 0 0 0 0 1
train_jpeg/7e771799f53cb06ea951e7909d3c6522 0 0 0 0 0 1
train_jpeg/7e86413ea7e9b826ab1c058a417f3a60 0 0 0 0 0 1
train_jpeg/7ecba339007839b32c89c2e3832ab61f 0 0 0 0 0 1
train_jpeg/7ece84e40353ac77a296eb5f03dbf25a 0 0 0 0 0 1
train_jpeg/7eea22704ba4b3eedcef70f5e119fb8c 0 0 0 0 0 1
train_jpeg/7efaadf8edae89fab65a9c71be3dd198 0 0 0 0 0 1
train_jpeg/7f0e7fd092953466e865203fac8ad201 0 0 0 0 0 1
train_jpeg/7f31911ca3b16daa52e08a7c1a45c015 0 0 0 0 0 1
train_jpeg/7f3bc37df76505eeb37bec4a0bc3b945 0 0 0 0 0 1
train_jpeg/7f3e0ac2d75bcf28ff324385da5ff3f9 0 0 0 0 0 1
train_jpeg/7f5c4dbb6749c3f053e0b7c3bf326891 0 0 0 0 0 1
train_jpeg/7f8ca51aa5f8d0d80888d05a6b80475e 0 0 0 0 0 1
train_jpeg/7f8e7583dc56d91be3977f5ff49a1c61 0 0 0 0 0 1
train_jpeg/7f965a82e68c0c4fac92c34dd1429d56 0 0 0 0 0 1
train_jpeg/7f9b5f993fe4c07680eeba3f4b1b7c58 0 0 0 0 0 1
train_jpeg/7fb71df345cda325b0e0c453fe5e3517 0 0 0 0 0 1
train_jpeg/7fb9d1da7ab59dba05ff2ad479b2d7e2 0 0 0 0 0 1
train_jpeg/7fbdbab2f73dd41ff672df92ca224493 0 0 0 0 0 1
train_jpeg/7ff325eacac9130136777f4e98a769a2 0 0 0 0 0 1
train_jpeg/7ffafd2382a0c549bc1f32b9041bcbc1 0 0 0 0 0 1
train_jpeg/803331e2555f23a89598d9ed98cdee2a 0 0 0 0 0 1
train_jpeg/803d21fc5fa799645ca429e655d19d59 0 0 0 0 0 1
train_jpeg/8056906397ecb008b90079dd52617a76 0 0 0 0 0 1
train_jpeg/80825dba437faa3185cf44702a3c5a2e 0 0 0 0 0 1
train_jpeg/81112bccc04f78b6e7d42d5a68610221 0 0 0 0 0 1
train_jpeg/811a7c624738f91d630e4a95212cf44d 0 0 0 0 0 1
train_jpeg/81545a6a71bbc9cb3d50ef6ba9ccaeaf 0 0 0 0 0 1
train_jpeg/815f7e3d1d0a2a46aac6f847ca913787 0 0 0 0 0 1
train_jpeg/816bae717f3ac3cee5f3c9d3fe84f49e 0 0 0 0 0 1
train_jpeg/817d6851a8922386cee7904de94f2bf5 0 0 0 0 0 1
train_jpeg/81926e991b8cfac176b5d10953675440 0 0 0 0 0 1
train_jpeg/81aa3a15f06591d717beeb045e372192 0 0 0 0 0 1
train_jpeg/81d5078514208a60ffd8835b032872f7 0 0 0 0 0 1
train_jpeg/822b5a0a348966e97a57c28336abb82c 0 0 0 0 0 1
train_jpeg/8246b0ddbccbd1062b6e585b5600dc7c 0 0 0 0 0 1
train_jpeg/82606373432942cb204dd1a42a6f591a 0 0 0 0 0 1
train_jpeg/8283bb622dac7655a4887fef90d0bfc5 0 0 0 0 0 1
train_jpeg/82a4c0bdccef102a1504accb1df36b82 0 0 0 0 0 1
train_jpeg/82c698a75d34ce3565c446a5270d136e 0 0 0 0 0 1
train_jpeg/82f9cc0e4e10aab95d3bcf30e881e47b 0 0 0 0 0 1
train_jpeg/8301f74fa3357355bf5c98c88945f470 0 0 0 0 0 1
train_jpeg/83024f38e311815a4e3007a7c16c5434 0 0 0 0 0 1
train_jpeg/837cb5b62829e6ebe3e52af512f2e4d3 0 0 0 0 0 1
train_jpeg/837fe1f76696ae0a60ffccdbd44df9b0 0 0 0 0 0 1
train_jpeg/83a4cc2a92fc9da14488d0ab1a7e5321 0 0 0 0 0 1
train_jpeg/83eed2ff0568c28ec2ffb5c6d690349e 0 0 0 0 0 1
train_jpeg/84135f855700efff9cca0f8c3dbb6856 0 0 0 0 0 1
train_jpeg/842c800f04ee16fa5984f22c151f2645 0 0 0 0 0 1
train_jpeg/8457199190f54291c09cbfd98dc2a662 0 0 0 0 0 1
train_jpeg/8467de56fc7781d90c71ad74ffaa2ed1 0 0 0 0 0 1
train_jpeg/84688a6536fcaf82f65841ad717e9329 0 0 0 0 0 1
train_jpeg/84bf377f6955ebd1fb6f38b7387a186e 0 0 0 0 0 1
train_jpeg/84e0c37241fccde665cb4717168445cd 0 0 0 0 0 1
train_jpeg/84fe236b6e242fd16ee90fbd9fbf0c26 0 0 0 0 0 1
train_jpeg/850ef50fc6c7b3e33e34fc5f283086c3 0 0 0 0 0 1
train_jpeg/8511253db9ba388a06789ed23c783696 0 0 0 0 0 1
train_jpeg/853bf3ecc3b0edfb21575723d148d68e 0 0 0 0 0 1
train_jpeg/8548173ae67c183f929eb7a5d0e5fc06 0 0 0 0 0 1
train_jpeg/8565824b9fcef8da112174a0f064f1e3 0 0 0 0 0 1
train_jpeg/85881064c18934f9f13c48bca2482876 0 0 0 0 0 1
train_jpeg/8595a907989ae0f679d12b6a00d90707 0 0 0 0 0 1
train_jpeg/85e7e78d383cf98856f1937fcdc20456 0 0 0 0 0 1
train_jpeg/8679a8e2fabb8bcf471ec8bca8a0b880 0 0 0 0 0 1
train_jpeg/869f39afbdd8783b531530942eda8bad 0 0 0 0 0 1
train_jpeg/86c66bedc9db04314839c1478311224f 0 0 0 0 0 1
train_jpeg/86c73ca25d60bc133aeb717d3962243f 0 0 0 0 0 1
train_jpeg/86c7d82f307176899c3b25cc82f8d69f 0 0 0 0 0 1
train_jpeg/86f9f938addac3eab4d16685bfe393e3 0 0 0 0 0 1
train_jpeg/870dd6c4f5ce36cd38983795253a020a 0 0 0 0 0 1
train_jpeg/87570b3c82a465a8da9836e5a1e8c7a5 0 0 0 0 0 1
train_jpeg/8792fbc9ae43a6042ce8e012c2ab517f 0 0 0 0 0 1
train_jpeg/8797894e5da16fef29ff643e27d0a0d1 0 0 0 0 0 1
train_jpeg/879b67422e230216509d2bbd6c0cb470 0 0 0 0 0 1
train_jpeg/87a615f85d01f3cef76633daa665ac69 0 0 0 0 0 1
train_jpeg/87b373cd66e008bb0f99800b7e209dda 0 0 0 0 0 1
train_jpeg/87cbfff4a2e763d893fd9ebfe4082ac6 0 0 0 0 0 1
train_jpeg/8832f86e6472f9110c0c0f3ba2a1a331 0 0 0 0 0 1
train_jpeg/8843bf18d7fc51c9389e414c28237333 0 0 0 0 0 1
train_jpeg/886c42267bc0f994ef7185daa2ffeaa4 0 0 0 0 0 1
train_jpeg/887361080ccbd381147d15c8da41eca4 0 0 0 0 0 1
train_jpeg/887ccf19087abdafbf9153cd809ed996 0 0 0 0 0 1
train_jpeg/88829eddce755befd2486b504edad7fd 0 0 0 0 0 1
train_jpeg/88d218de86341304f817a7fb7a6e2fc1 0 0 0 0 0 1
train_jpeg/88db561b3da6bcaec634d5fc94808d01 0 0 0 0 0 1
train_jpeg/88ddf35371237909c6910163445bff97 0 0 0 0 0 1
train_jpeg/88de72b27bd84ac9efcd9f7c813a7ed4 0 0 0 0 0 1
train_jpeg/88de7c70919681b1131860313fbb1208 0 0 0 0 0 1
train_jpeg/88faadc8af18f6929020897608c2ebed 0 0 0 0 0 1
train_jpeg/88fc7d51600e39fc2183addc13439c39 0 0 0 0 0 1
train_jpeg/8906ff07b57220b0b42ebbb6c2fef1f3 0 0 0 0 0 1
train_jpeg/8914053ee5af383125e6375e56067cc3 0 0 0 0 0 1
train_jpeg/8930287e5b8e10afd7e6342625c232e6 0 0 0 0 0 1
train_jpeg/8965639210be111a2ca52fa441ebc55e 0 0 0 0 0 1
train_jpeg/897d47605edbf09a2df16a94b11fe51b 0 0 0 0 0 1
train_jpeg/8993cb2d443dff1bd40a80022d8395c9 0 0 0 0 0 1
train_jpeg/8994d90180f312fc4242b316fb3da607 0 0 0 0 0 1
train_jpeg/89a938068845b572a4a4aae8a1fc99d9 0 0 0 0 0 1
train_jpeg/89bc071fbcf2be21ac659b213ee0f40d 0 0 0 0 0 1
train_jpeg/8a1441c6be67663d6009299225e43570 0 0 0 0 0 1
train_jpeg/8a352d81c1b4c05e404eb34be4082022 0 0 0 0 0 1
train_jpeg/8ad47a88ab880f982a7ca140b355f66e 0 0 0 0 0 1
train_jpeg/8b254a2bcf8e8dcfb77ff47e61055161 0 0 0 0 0 1
train_jpeg/8b2f17204ac0f4050004397e9bb76557 0 0 0 0 0 1
train_jpeg/8b4855b07f69b10959e371180f322908 0 0 0 0 0 1
train_jpeg/8b9c0adc878f893db767270124905eb0 0 0 0 0 0 1
train_jpeg/8bb0d797ad620ae886bd7c6d9a0ce487 0 0 0 0 0 1
train_jpeg/8bc39f906a38931070b45fe1ea57b244 0 0 0 0 0 1
train_jpeg/8bcd602b07d94382261af4af2e807988 0 0 0 0 0 1
train_jpeg/8c0904edd2b134d889304587f29463cd 0 0 0 0 0 1
train_jpeg/8c89c64a8b401ad7bee1fd6e3cfae1ad 0 0 0 0 0 1
train_jpeg/8c93071f4d3c65844fe16c44a12a7213 0 0 0 0 0 1
train_jpeg/8c94145439c09911792a55a0094361a8 0 0 0 0 0 1
train_jpeg/8cb1f68176e3a0a9bbca1c155a24f369 0 0 0 0 0 1
train_jpeg/8ce28abc5f7b1e4b97eef3cf6f2cb218 0 0 0 0 0 1
train_jpeg/8d2b6e9f00bc492227893e226bcee86f 0 0 0 0 0 1
train_jpeg/8d6484b46b15bc346ccd29c4b4ca374e 0 0 0 0 0 1
train_jpeg/8d892915383cfb35dfda2e9d97dc0e64 0 0 0 0 0 1
train_jpeg/8dc560b60321213566bdb9fa221a2749 0 0 0 0 0 1
train_jpeg/8ddb086fa3917bb2472c23abdce47905 0 0 0 0 0 1
train_jpeg/8e55009e96001a66461d8b326ba83a38 0 0 0 0 0 1
train_jpeg/8e676bd1a69ae3586ba6363533d76a14 0 0 0 0 0 1
train_jpeg/8eadeb25fad29ff8fc32c8ee504fc4e5 0 0 0 0 0 1
train_jpeg/8f344cd0796c4bce32fdd1e32d33e61b 0 0 0 0 0 1
train_jpeg/8f828151dee8b12935726c711c024149 0 0 0 0 0 1
train_jpeg/8f945a424a99d144a2959d45b6e996f0 0 0 0 0 0 1
train_jpeg/8fb4566125cd72a102b6971c6c35ac67 0 0 0 0 0 1
train_jpeg/8fcf3de000a550c032b0e2b84a7660f4 0 0 0 0 0 1
train_jpeg/8fe4c4730af28a5d5b332ae007325ead 0 0 0 0 0 1
train_jpeg/8ff2d121779f820d8c9c0e73193cf46b 0 0 0 0 0 1
train_jpeg/904e7343ef4dbd016fcf9c679690ce8b 0 0 0 0 0 1
train_jpeg/905d6346bebc810030ee08c1baf5af91 0 0 0 0 0 1
train_jpeg/9073b488b4aa559bdf3197820df2e147 0 0 0 0 0 1
train_jpeg/9087f814c3270de94a9bd7cd0ed258c0 0 0 0 0 0 1
train_jpeg/90a22a4fa6ce468d0ca8537aae8b7cd5 0 0 0 0 0 1
train_jpeg/914ed8e72c817257d39a616c5b2c2a42 0 0 0 0 0 1
train_jpeg/9150f45dc96c615a1a26387f42ad7bea 0 0 0 0 0 1
train_jpeg/91575a3ed777320bf7e964e5d5146d10 0 0 0 0 0 0
train_jpeg/9197e0e83503f2ce86c9f1f27278c243 0 0 0 0 0 1
train_jpeg/91bb24bb201df1ba3dad62dca0fd683f 0 0 0 0 0 1
train_jpeg/91e543800b9556e90ddae5aea114780d 0 0 0 0 0 1
train_jpeg/920186e3fe051fc15d41b80a48d351bc 0 0 0 0 0 1
train_jpeg/9254bdb75c1c1dfe7822a734b055b6ff 0 0 0 0 0 1
train_jpeg/928730d4fe3e0de0801bfd540dd839ca 0 0 0 0 0 1
train_jpeg/92b5ba0eccd95a3401e033704f52dbdf 0 0 0 0 0 1
train_jpeg/92f435e055fc1f2243ef0bee7646c518 0 0 0 0 0 1
train_jpeg/9337b44988059f056da6c8f481132c4f 0 0 0 0 0 1
train_jpeg/936d84a530ee59deccf50fb433937b3c 0 0 0 0 0 1
train_jpeg/936fd5cff1c058d39817a08f58b72cae 0 0 0 0 0 1
train_jpeg/938ddf240a2723a10c58e4a94e8b5e9a 0 0 0 0 0 1
train_jpeg/939e6e329ad00ffe784932321822a524 0 0 0 0 0 1
train_jpeg/93f02f17536af0ee36d448146d4b7519 0 0 0 0 0 1
train_jpeg/94219113f84fc484f643867c6a11c742 0 0 0 0 0 1
train_jpeg/945b35c1ec9bc26e688c5c1e6250a796 0 0 0 0 0 1
train_jpeg/94b51f579a51cf701f6406ef68ce379f 0 0 0 0 0 1
train_jpeg/94c681d8fed39d275b4a0db2a914fb6d 0 0 0 0 0 1
train_jpeg/94d4d89bf304901bf0cb6bb93b477405 0 0 0 0 0 1
train_jpeg/94f18eae60c71594111c72ec5d2b1cfd 0 0 0 0 0 1
train_jpeg/9545ea18a65503344be5e3ecf86341f6 0 0 0 0 0 1
train_jpeg/95625401433eba6be4112e9a6f4fb55a 0 0 0 0 0 1
train_jpeg/95b1441a7db0a7fa07549ab95ddb4ef9 0 0 0 0 0 1
train_jpeg/9619fd51cacde00be45411bee20d371d 0 0 0 0 0 1
train_jpeg/96331146d9845ecb8a6ae3d15e3bf7bf 0 0 0 0 0 1
train_jpeg/963872d05be710e5a6ad570cb216a3fb 0 0 0 0 0 1
train_jpeg/965c990cfe56fb23955d04d7176c3e9c 0 0 0 0 0 1
train_jpeg/9699c27f3c10c27d6eb0d25fcbefdd9c 0 0 0 0 0 1
train_jpeg/969f92dade803e5bd9896ef191754f3a 0 0 0 0 0 1
train_jpeg/96dc63e37dfc76edc1a9a5183d855499 0 0 0 0 0 1
train_jpeg/96e2d91441c19d52ddd29624988935f1 0 0 0 0 0 1
train_jpeg/96e5aa6409c3f223eb607e831553d18a 0 0 0 0 0 1
train_jpeg/97034c0b3a0a8f1978cbd99438705a25 0 0 0 0 0 1
train_jpeg/974a9954001223aa95ce223e014f6f1f 0 0 0 0 0 1
train_jpeg/98295719db1e16c7422f7b6f767902b3 0 0 0 0 0 1
train_jpeg/98797dadf409a8be691f64f5c3a1a06e 0 0 0 0 0 1
train_jpeg/988a477355123d676ed1ac052558fb98 0 0 0 0 0 1
train_jpeg/99110ff62d133cbe587372864727458a 0 0 0 0 0 1
train_jpeg/993bb0b53e2fe93840311de160a4ce30 0 0 0 0 0 1
train_jpeg/9953486a2c0ecb9c88cc9d7dc3ee553c 0 0 0 0 0 1
train_jpeg/995c671dc373b8d7347ce89d52e1f243 0 0 0 0 0 1
train_jpeg/996589592a0f854d6aeefa817f76ffde 0 0 0 0 0 1
train_jpeg/9972f2ccec81ae94c51643485a8356c7 0 0 0 0 0 1
train_jpeg/99ae200de540115796ecc98958931522 0 0 0 0 0 1
train_jpeg/99b2e229a6be091a83ecb4b483e87a6a 0 0 0 0 0 1
train_jpeg/9a1d81b3ae854541700296ecf54489ef 0 0 0 0 0 1
train_jpeg/9a4ed54cefaea64fc59bf8debdc79ec9 0 0 0 0 0 1
train_jpeg/9a5a33a4bbeaa3e7ac58dd6b88c202e9 0 0 0 0 0 1
train_jpeg/9a64aebe1d7ec9c77b3d45d5ae58ffd4 0 0 0 0 0 1
train_jpeg/9a84e58abf8915c1e3459ae7f2da1e62 0 0 0 0 0 1
train_jpeg/9aaad679f0d7423c46f59dcca7972ccc 0 0 0 0 0 1
train_jpeg/9af4aed4c46bc912ca61a98833359db3 0 0 0 0 0 1
train_jpeg/9b1a8453f115678339ce47032b395ddd 0 0 0 0 0 1
train_jpeg/9b28fda49336cf7ba76cda9ce9ffef1e 0 0 0 0 0 1
train_jpeg/9b47fffd53e883cc097f22552bf46414 0 0 0 0 0 1
train_jpeg/9b66da3fb6499e387ba9501578493926 0 0 0 0 0 1
train_jpeg/9b85b7ef757927db44393d03083a757c 0 0 0 0 0 1
train_jpeg/9c0b694e2e4234c6dc7b6acde3251996 0 0 0 0 0 1
train_jpeg/9c6e03289a56bb7399443d9a37b2723e 0 0 0 0 0 1
train_jpeg/9d42c5942895afd3391a8fb93a3991a8 0 0 0 0 0 1
train_jpeg/9d6c0ed3ec9fdef27402935cfe49f91e 0 0 0 0 0 1
train_jpeg/9dbaaaea9e26211148ed32db2a1c25d1 0 0 0 0 0 1
train_jpeg/9defa90f813a8b0deb7b040075a2147d 0 0 0 0 0 1
train_jpeg/9dfb9f7cb365c2c8693d55d3a0682bd6 0 0 0 0 0 1
train_jpeg/9dfc43540dcc14c590f69ef03faf1f26 0 0 0 0 0 1
train_jpeg/9e421e4c286fda05db53d19fba80f6af 0 0 0 0 0 1
train_jpeg/9e4494bb24faf76970a1116cda4da0fc 0 0 0 0 0 1
train_jpeg/9e6c6630141c65ffe6d86211dafa2f21 0 0 0 0 0 1
train_jpeg/9ec5a91797fac442a7da731091b9303c 0 0 0 0 0 1
train_jpeg/9ed791871255da9b06dca81711f3f007 0 0 0 0 0 1
train_jpeg/9ef3da0f8675575915ce438d90115fb2 0 0 0 0 0 1
train_jpeg/9f043a4c5c64473ac13c6ff6cf6c4fa5 0 0 0 0 0 1
train_jpeg/9f5ae8786a23d94d39ca8e2d6ee24fc5 0 0 0 0 0 1
train_jpeg/9f6984d26939d61b940a271cb98875c0 0 0 0 0 0 1
train_jpeg/9f830bb385d6e1d6183eec4d0fc38f2d 0 0 0 0 0 1
train_jpeg/9fb8448d2d7ce8d93e129a16906074e3 0 0 0 0 0 1
train_jpeg/9fe9aeb925c5187479ca1bf325040a65 0 0 0 0 0 1
train_jpeg/9feaa80fe5166e87af68fcab302c7ae6 0 0 0 0 0 1
train_jpeg/a0348415e6b96ae019627d01bf8e6e8c 0 0 0 0 0 1
train_jpeg/a0393d3ebb8b24166a5aac81971bbb4a 0 0 0 0 0 1
train_jpeg/a06fddf7956067c58ca3c2ba4021df23 0 0 0 0 0 1
train_jpeg/a1b7b55049482e496b3d6cfd04d9b405 0 0 0 0 0 1
train_jpeg/a1c087e1351974f297bd948227483dd4 0 0 0 0 0 1
train_jpeg/a1c80226c0de6d63b6e9e46f7447dc40 0 0 0 0 0 1
train_jpeg/a1ca117d127ab891cd933b42d91e746c 0 0 0 0 0 1
train_jpeg/a1e2ef3ddab1424e24479cb95501e667 0 0 0 0 0 1
train_jpeg/a1f72cfbf9e002155ac67a553b0023d0 0 0 0 0 0 1
train_jpeg/a1ff670c6ac3aff12d0b5259a998654e 0 0 0 0 0 1
train_jpeg/a216dd0390a36ce441556512e599ffc5 0 0 0 0 0 1
train_jpeg/a2226fa7353bdb7821597e3515eeba64 0 0 0 0 0 1
train_jpeg/a250942c6fa30b188f2141ef8ab8f278 0 0 0 0 0 1
train_jpeg/a25c8aab1ffce568f063ad78b34bd708 0 0 0 0 0 1
train_jpeg/a2cb60ca2bd1d275ae10c1e416452278 0 0 0 0 0 1
train_jpeg/a33ac819aea24b063aab9760eb32a7c3 0 0 0 0 0 1
train_jpeg/a33bfa55617af48bde1b1aa517a307b7 0 0 0 0 0 1
train_jpeg/a3a1000d17375a1cc9a5b9b0c5140d77 0 0 0 0 0 1
train_jpeg/a3b9e4582ec50287a4a31b345250f0d1 0 0 0 0 0 1
train_jpeg/a3c6774d824247bdd27105927abed76b 0 0 0 0 0 1
train_jpeg/a3fdd37884dd4be6cdd31230af22b3f1 0 0 0 0 0 1
train_jpeg/a40dd07c44e81c89d5b87e04d4189bba 0 0 0 0 0 1
train_jpeg/a4843f51fdfdc62754b9c68701f9db61 0 0 0 0 0 1
train_jpeg/a490ed81448de3aaf331a67835776d20 0 0 0 0 0 1
train_jpeg/a4980680a489acd84fad209f1c550d21 0 0 0 0 0 1
train_jpeg/a4aecbcc70928687d3c202c4ddb5ab58 0 0 0 0 0 1
train_jpeg/a4bc2e88a21b0cc1bb3a7b6645c739f2 0 0 0 0 0 1
train_jpeg/a52d6fa5d0fad69daf5cfadd32115bf1 0 0 0 0 0 1
train_jpeg/a55870e18b1417f33b4d544c5893fe59 0 0 0 0 0 1
train_jpeg/a567f9e053e55522545a133a59ee59e9 0 0 0 0 0 1
train_jpeg/a58035b0c2a9a17b761c2a8d5da592ca 0 0 0 0 0 1
train_jpeg/a5bc9fa0a8b25993a08b1874156a170a 0 0 0 0 0 1
train_jpeg/a5e10cc03b2e639ad9f6cc3c56eb801d 0 0 0 0 0 1
train_jpeg/a65386d9ea93776dbb455490a316031a 0 0 0 0 0 1
train_jpeg/a655a71a3cddecea703e954e8e23cccc 0 0 0 0 0 1
train_jpeg/a656312421e8b9d86799d21ce118b43f 0 0 0 0 0 1
train_jpeg/a6693a65e662a6de376e448eef9a8a84 0 0 0 0 0 1
train_jpeg/a66aa5583aaebc075eaf73317da6557f 0 0 0 0 0 1
train_jpeg/a6815b18ea16692006a4fc6c26fba868 0 0 0 0 0 1
train_jpeg/a68476feb7a334145e35f047610cfa80 0 0 0 0 0 1
train_jpeg/a6bbf17d52ff3b1d0ca1b48879223464 0 0 0 0 0 1
train_jpeg/a6c730c40225de86de9f09d502ee5932 0 0 0 0 0 1
train_jpeg/a76081b8174243ba3eba3a2e02e625f4 0 0 0 0 0 1
train_jpeg/a762d86c37354288cbee2a68d3f7fd10 0 0 0 0 0 1
train_jpeg/a77e1d00ec6a45a10a5c3414e115f972 0 0 0 0 0 1
train_jpeg/a800053782bc4277fac41658d5e72743 0 0 0 0 0 1
train_jpeg/a82dca2ffc4ce9f282cd9897768a052a 0 0 0 0 0 1
train_jpeg/a8367ec0fb2ac950bb697cc1e2b0dd58 0 0 0 0 0 1
train_jpeg/a84fae30f42f9978cfd9fcaf91544792 0 0 0 0 0 1
train_jpeg/a8887bae37bd218a89be7a6e2dc1499b 0 0 0 0 0 1
train_jpeg/a88c836e0c55edacc49699a8a0964d41 0 0 0 0 0 1
train_jpeg/a8a1dc9c2028eec275661929646ff00c 0 0 0 0 0 1
train_jpeg/a8ca5feabfe90a8e8e0362edce19cab6 0 0 0 0 0 1
train_jpeg/a90c09c0b59115253c982074694b3972 0 0 0 0 0 1
train_jpeg/a9109d137db24859730111a8b8c3996a 0 0 0 0 0 1
train_jpeg/a958385942b02ab4483188ba5c5a3dad 0 0 0 0 0 1
train_jpeg/a9792c58220c876e247dedda32513253 0 0 0 0 0 1
train_jpeg/a980fb3a4d9461d18f40e2337330948c 0 0 0 0 0 1
train_jpeg/a9a6bf274ba2b962b680c62b610a3c32 0 0 0 0 0 1
train_jpeg/a9c07e48102f090f19848f726b6b291c 0 0 0 0 0 1
train_jpeg/a9eedabc05b39a1ef9cd7dd8d3bfb4ee 0 0 0 0 0 1
train_jpeg/a9f4c9a4971b3877981e09d4a2ac7fc0 0 0 0 0 0 1
train_jpeg/aa1203b1ecab0cddec19f07eb68d4dee 0 0 0 0 0 1
train_jpeg/aa20e108316a361edbb9e78ad50f2a8e 0 0 0 0 0 1
train_jpeg/aa48de908e9939352caca99f748748c5 0 0 0 0 0 1
train_jpeg/aaa6a773bd8ba52b360a6f6d0ec33a15 0 0 0 0 0 1
train_jpeg/aad5cdb7bd3d9d0b5f14a6ac95774792 0 0 0 0 0 1
train_jpeg/ab03db51e3f10f31f96f83db84bfcd52 0 0 0 0 0 1
train_jpeg/ab0a1c92c467448a9f775ef87079361d 0 0 0 0 0 1
train_jpeg/ab55fddd03c8a0b65d19a4fd7a27f810 0 0 0 0 0 1
train_jpeg/ab615e4c48f2bec86c60082287f9cc16 0 0 0 0 0 1
train_jpeg/ab793e4cf2e5f625ddd7949f1332f4f2 0 0 0 0 0 1
train_jpeg/aba0ba3da951c0178d50c7cda5e63894 0 0 0 0 0 1
train_jpeg/abb0d80ca4f6e06c658d6796088040c5 0 0 0 0 0 1
train_jpeg/ac0d5180cbac66eead6195728563d5e2 0 0 0 0 0 1
train_jpeg/ac8ab1b46874eda6380c8bf63f849f81 0 0 0 0 0 1
train_jpeg/ad03b90b3f5f7b7fa7d54674a7abb862 0 0 0 0 0 1
train_jpeg/ad18bdbb0610dd05134b499d144aee0b 0 0 0 0 0 1
train_jpeg/ad259ec7b625020b1ac24230aa78aad4 0 0 0 0 0 1
train_jpeg/ad692ac2d79af2c93b21a9260ab32f6c 0 0 0 0 0 1
train_jpeg/ad9493c5e8ca4b015ccab28229cb2caf 0 0 0 0 0 1
train_jpeg/adc01b67d1d426c270e7d2f26bfa71ef 0 0 0 0 0 1
train_jpeg/adc76e22c385ca482d86fdb4a6bb82a6 0 0 0 0 0 1
train_jpeg/adcaaf7fd9127f0d9836ae3d41669f35 0 0 0 0 0 1
train_jpeg/adf3f5f748328486ebbf775b1a7e38b3 0 0 0 0 0 1
train_jpeg/adf4d0d9291b870882f18d7a32db0e67 0 0 0 0 0 1
train_jpeg/ae0166b5aa0bd2b27ef90feb99fb86e5 0 0 0 0 0 1
train_jpeg/ae46578e2d798368f43af12ffb20c976 0 0 0 0 0 1
train_jpeg/aeef21ff4a5295c47f565c1f29cd7e66 0 0 0 0 0 1
train_jpeg/af0ba1f4848e2b8a185a867de1257222 0 0 0 0 0 1
train_jpeg/af500ca6d56045b3f0fc2d8c4d9a2439 0 0 0 0 0 1
train_jpeg/af50b2347162ada5207a107466c23c30 0 0 0 0 0 1
train_jpeg/af55324212072e192d4bd3a4594d8697 0 0 0 0 0 1
train_jpeg/af6e2969aafa6e3f6e3fd98e9c5ba375 0 0 0 0 0 1
train_jpeg/af87d8551f297c7521d71609885c6e15 0 0 0 0 0 1
train_jpeg/affe687cbf4626d83fc1326e1eeb6a81 0 0 0 0 0 1
train_jpeg/afffa24d96ea33877a402f38a0283a71 0 0 0 0 0 1
train_jpeg/b02fc1d5a935aa562d2428352b4ff926 0 0 0 0 0 1
train_jpeg/b0422c3902cc60d1cfee9d71b3b002d1 0 0 0 0 0 1
train_jpeg/b0624af5299ac0a86e5ffee813f937e1 0 0 0 0 0 1
train_jpeg/b0676b9f7593d9d34bc743f3b69a118c 0 0 0 0 0 1
train_jpeg/b0a35e2058c904067a6d0837632abef5 0 0 0 0 0 1
train_jpeg/b12061bf52b1440df272f8d83ed6aa10 0 0 0 0 0 1
train_jpeg/b1263abc5d0d2374b02d524192319200 0 0 0 0 0 1
train_jpeg/b13595e742ade76799fa99b2355967a2 0 0 0 0 0 1
train_jpeg/b13d914db2c2fd9b1b443dca87cb3ab7 0 0 0 0 0 1
train_jpeg/b1662dcfe217bff4150ee00f91046cad 0 0 0 0 0 1
train_jpeg/b17aab39efcdd82ea338168d4b2f8355 0 0 0 0 0 1
train_jpeg/b1983a1be904bc3d7c5cdf21e249e36e 0 0 0 0 0 1
train_jpeg/b1bb58f6975e965cf97340993ef46b4c 0 0 0 0 0 1
train_jpeg/b25cd9f25ec316cf78572decdafca84a 0 0 0 0 0 1
train_jpeg/b27aac98cb0e07e2159a78c5075bf3e7 0 0 0 0 0 1
train_jpeg/b2d0f276873680680cd8193524a3f124 0 0 0 0 0 1
train_jpeg/b3250e3784059a5b2cd42d54b57fa24a 0 0 0 0 0 1
train_jpeg/b35b40fca325eb0e9e5d699e6ef55d4b 0 0 0 0 0 1
train_jpeg/b3d5920231e3276e18f6c32182f5963d 0 0 0 0 0 1
train_jpeg/b3fd73ef7025fa34391fffa6b437e369 0 0 0 0 0 1
train_jpeg/b40befd17e7095fa289499c2440d0471 0 0 0 0 0 1
train_jpeg/b42e127e495713285cb7a65d137ba654 0 0 0 0 0 1
train_jpeg/b43e8f2ee345a7f6198db61de0a56135 0 0 0 0 0 1
train_jpeg/b455fc9e6409f1cae08fe6d89e0be5fe 0 0 0 0 0 1
train_jpeg/b45d87cfd9b80e9e5d18b38c9b6e9ff6 0 0 0 0 0 1
train_jpeg/b4ac31f43ba855561901b59ec7e44870 0 0 0 0 0 1
train_jpeg/b4b0f434c648200745c6ca48b6aceb6c 0 0 0 0 0 1
train_jpeg/b4b59975cff6ff56f52913221af4ac79 0 0 0 0 0 1
train_jpeg/b4b97f6302125283cdfb843536806587 0 0 0 0 0 1
train_jpeg/b4f234b4fe3aa3545d27b78c28e0a193 0 0 0 0 0 1
train_jpeg/b5073e2870aa24ea6ad3b3b2c90850e2 0 0 0 0 0 1
train_jpeg/b5597164378c0e57bd47dee4a518fe4d 0 0 0 0 0 1
train_jpeg/b5a4ee60c5e8d6e59715dd3473387170 0 0 0 0 0 1
train_jpeg/b5c8498dd84ff761f9d4592f7ef8133d 0 0 0 0 0 1
train_jpeg/b5d59457d94e1a945df32a7b4f977b4f 0 0 0 0 0 1
train_jpeg/b5eb48981980bb7d9fa8ccf1d79f73ac 0 0 0 0 0 1
train_jpeg/b629fcc6f8fb6041407f7ed88b288515 0 0 0 0 0 1
train_jpeg/b664f578ba842d1a9ac335b8a9929afa 0 0 0 0 0 1
train_jpeg/b74c127b414efc5fb3aaab93b4de2a33 0 0 0 0 0 1
train_jpeg/b74fe430c7b76da4d34d36227bfdbb45 0 0 0 0 0 1
train_jpeg/b75075aceaa139ea4a971c652005c665 0 0 0 0 0 1
train_jpeg/b771401a98e2b9d60f704efe9d265d58 0 0 0 0 0 1
train_jpeg/b7a22567a2065839a7439702beb93e3f 0 0 0 0 0 1
train_jpeg/b7ad093565a9833e2178578b9d4e875d 0 0 0 0 0 1
train_jpeg/b7ed3ca8b564fe363a53b557e9d15299 0 0 0 0 0 1
train_jpeg/b837709dad0c0c3bcf9dad02e80c8d16 0 0 0 0 0 1
train_jpeg/b86e96470c56333125d835c60cabce5b 0 0 0 0 0 1
train_jpeg/b87b4dd432034f5d42565032155ca20f 0 0 0 0 0 1
train_jpeg/b8ae2fc00a897e2a14463edc80d0db0d 0 0 0 0 0 1
train_jpeg/b8b819da3a6529ce7e336f065c3c6cbc 0 0 0 0 0 1
train_jpeg/b90e929709147ef63dfebf74c0cbe454 0 0 0 0 0 1
train_jpeg/b90ffdff145e509470fa3e65b59fd7fc 0 0 0 0 0 1
train_jpeg/b970635a9cc874b59a60b3c00d9996ce 0 0 0 0 0 1
train_jpeg/b9991967272f17a8f3b77f3f46b08e59 0 0 0 0 0 1
train_jpeg/b9ba9f91ebc313c417fba4573d5b46d4 0 0 0 0 0 1
train_jpeg/b9c84aff476bd2364446f9415069caab 0 0 0 0 0 1
train_jpeg/b9e3a3e2f00c934a4212c99b8727d720 0 0 0 0 0 1
train_jpeg/b9ff1fbffdc893eb33c7d2b636f785a5 0 0 0 0 0 1
train_jpeg/ba067ae39c27a29ab9931d5aa25e9243 0 0 0 0 0 1
train_jpeg/ba0b36bae1be7c5d86634e1743bb5b6d 0 0 0 0 0 1
train_jpeg/ba5f766ef24ebb31c87ec4352df70077 0 0 0 0 0 1
train_jpeg/ba834f615157deb695f39381abcdab90 0 0 0 0 0 1
train_jpeg/baed9de3a99725b845a6249519224adb 0 0 0 0 0 1
train_jpeg/baee2b2532f77cf56a0961369c712346 0 0 0 0 0 1
train_jpeg/baf56818e451ed175e7cbd7d94e01bb0 0 0 0 0 0 1
train_jpeg/baf59786ea7c31be3ca23430938bf3ee 0 0 0 0 0 1
train_jpeg/bb2d9bfc9894f4181a41398287b22b90 0 0 0 0 0 1
train_jpeg/bb713c4411bc3fffe3010ea9afd60182 0 0 0 0 0 1
train_jpeg/bb9419b34b87b65f390f6129d46248ea 0 0 0 0 0 1
train_jpeg/bbb04e8cb2084365abbff57987075e4c 0 0 0 0 0 1
train_jpeg/bbcbd796af5db196cc6a1900ff4e047f 0 0 0 0 0 1
train_jpeg/bbd63a57f2b5c37e748f38af60b532a9 0 0 0 0 0 1
train_jpeg/bc0d2cb257b23eb0397b97c09935c371 0 0 0 0 0 1
train_jpeg/bc8447fc313e238cc9f7415b3fe150f0 0 0 0 0 0 1
train_jpeg/bc91deaa0db764c6ad58101f882923f0 0 0 0 0 0 1
train_jpeg/bc9b381463a8790eb5867cb5ad66e06a 0 0 0 0 0 1
train_jpeg/bcde4f84e1b7a2313aa8965c2a14f67f 0 0 0 0 0 1
train_jpeg/bcef4e084e4659f083caac0d90ef68ff 0 0 0 0 0 1
train_jpeg/bd032771ea3963fa1aa10cbe7d8a6020 0 0 0 0 0 1
train_jpeg/bd2c160cd78820ef799b5f0e8d6a1de9 0 0 0 0 0 1
train_jpeg/bd88a33ada7f70bf1fcc8663971a8b2c 0 0 0 0 0 1
train_jpeg/bdc3c56b0303419cdf72b51c9ae1d088 0 0 0 0 0 1
train_jpeg/be3ed799cce765cd4189ebaad87dbb6b 0 0 0 0 0 1
train_jpeg/be9127737156699c0e090e1157998265 0 0 0 0 0 1
train_jpeg/bebeb21c6c546a652346ef00d9b3978f 0 0 0 0 0 1
train_jpeg/becd8d15ae3ddb29c9a8ee29c3a5e695 0 0 0 0 0 1
train_jpeg/becfd80da7e8433033da84997f212f28 0 0 0 0 0 1
train_jpeg/bfa07e5945c98102fee78de75399a7c6 0 0 0 0 0 1
train_jpeg/bfd794933b6d06cc9e840ae7b90b1cbe 0 0 0 0 0 1
train_jpeg/bfdaef7007cc0072d7a4c6e0069fc1ae 0 0 0 0 0 1
train_jpeg/c002429d774966eacca0e2413295040b 0 0 0 0 0 1
train_jpeg/c01a775e5c78e4322b1ac9434312feac 0 0 0 0 0 1
train_jpeg/c02c82832953b0c7a0a6df888c40e470 0 0 0 0 0 1
train_jpeg/c036e8383073f6b8a3912f6642769e54 0 0 0 0 0 1
train_jpeg/c0687e64698d96a57e50da8af4c03b65 0 0 0 0 0 1
train_jpeg/c06d35f97a462e67eba9aebde789aca3 0 0 0 0 0 1
train_jpeg/c08c31fc1e7c2b9f4792473dc5b3040d 0 0 0 0 0 1
train_jpeg/c0a4e84d80638eb1eba04543a589eb8b 0 0 0 0 0 1
train_jpeg/c0b2d357386d04933fd61bd86fb24394 0 0 0 0 0 1
train_jpeg/c0b8111730c30c21085c38b81f432aa9 0 0 0 0 0 1
train_jpeg/c11d3ecd50753dd90a46892c3b5d697c 0 0 0 0 0 1
train_jpeg/c11df04d39bf18a1a15a45bbda6b3f95 0 0 0 0 0 1
train_jpeg/c17557231bd8dce7fe3663817c146af7 0 0 0 0 0 1
train_jpeg/c1827af71217e9e543d3fe31e92da292 0 0 0 0 0 1
train_jpeg/c1f010722e3b392c3837450f1b90dffa 0 0 0 0 0 1
train_jpeg/c242f77a49d3414341b9a611cd0d8321 0 0 0 0 0 1
train_jpeg/c26e56a69570cc6b223f9a6811e29951 0 0 0 0 0 1
train_jpeg/c28abbe95f18aa120f185d4a4ec1de9e 0 0 0 0 0 1
train_jpeg/c29956bba5c1bec09200fb9d37b0f5fe 0 0 0 0 0 1
train_jpeg/c29cec7b8f63ab34b1c88153b3efd4df 0 0 0 0 0 1
train_jpeg/c2a691b7f3af90af7d2b09985f75ae2d 0 0 0 0 0 1
train_jpeg/c30e884d165b10fec1fd9b83345a5d9c 0 0 0 0 0 1
train_jpeg/c3248f0f0b6d54dce2e0ba0a1eb42370 0 0 0 0 0 1
train_jpeg/c3a58d666179065bd87996dbf4c0c133 0 0 0 0 0 1
train_jpeg/c410e5da23319e7df174a5f0bbb51a93 0 0 0 0 0 1
train_jpeg/c45439d37dde8ed7a3a029995834a8f7 0 0 0 0 0 1
train_jpeg/c4693c93904132e44a2826e277b3b5da 0 0 0 0 0 1
train_jpeg/c4af97922439dc891c5dd98cc23275ee 0 0 0 0 0 1
train_jpeg/c4b7716467a0e8cf4f76c68dbca0a3bd 0 0 0 0 0 1
train_jpeg/c51bd3f90c04faba5a302c74203cf094 0 0 0 0 0 1
train_jpeg/c599f1caaef320d21e2c20f7007c64dd 0 0 0 0 0 1
train_jpeg/c6316be6006c29fafbd1edf0203264b2 0 0 0 0 0 1
train_jpeg/c635005790363141811f11a332852df0 0 0 0 0 0 1
train_jpeg/c643e66eb419e001130ab5b842a3b8de 0 0 0 0 0 1
train_jpeg/c65a926ea060e239e8ca8c40eef568c9 0 0 0 0 0 1
train_jpeg/c6fe78d03c9d12783f3451ad237351f4 0 0 0 0 0 1
train_jpeg/c73079e659486c1aaf40def2cffe1fa3 0 0 0 0 0 1
train_jpeg/c7416853d09845bf74b6325edbdd4559 0 0 0 0 0 1
train_jpeg/c74cf15c3542d4dfc0dce06102279914 0 0 0 0 0 1
train_jpeg/c7818846caabb4c8a3f18f0b15dc4ea9 0 0 0 0 0 1
train_jpeg/c79a0c426c686a8ba6bcefd9ef058886 0 0 0 0 0 1
train_jpeg/c7d78838fc91d92a524b1fce61350c2c 0 0 0 0 0 1
train_jpeg/c7fba8360b2440b2fc28b143feb83c14 0 0 0 0 0 1
train_jpeg/c87c29aa62ea509f18b81f4eeefc4f4f 0 0 0 0 0 1
train_jpeg/c88b32c2ff829cb7ac23638d65a5e3e2 0 0 0 0 0 1
train_jpeg/c8d572ef1e152c997e3e699772f5957f 0 0 0 0 0 1
train_jpeg/c92d2dd6c5e5a9efc4a59262352a1e0f 0 0 0 0 0 1
train_jpeg/c9385d43de0481706fe6084ace25dbbf 0 0 0 0 0 1
train_jpeg/c945840c6f90df8f3b368342ecf50b45 0 0 0 0 0 1
train_jpeg/c94f0aca5b339bff88a2670ee6573a31 0 0 0 0 0 1
train_jpeg/c98f2da0d98486f77b750bd16273d947 0 0 0 0 0 1
train_jpeg/c999cff23a9a70da2e14b5a8fd8de2a7 0 0 0 0 0 1
train_jpeg/c99db2f6d335618528a74d39645550f5 0 0 0 0 0 1
train_jpeg/c99e5789567b5e4ed38074edbc33ac10 0 0 0 0 0 1
train_jpeg/ca34a257cdf676ad462893fe3325e22f 0 0 0 0 0 1
train_jpeg/ca6c4552248da1513a23759b61e22f65 0 0 0 0 0 1
train_jpeg/ca715527b26e3649d70409cb9e4d01f8 0 0 0 0 0 1
train_jpeg/ca81554797be11919317efed035eca56 0 0 0 0 0 1
train_jpeg/caaa4bde2b81b9aa3650ef6781a93216 0 0 0 0 0 1
train_jpeg/cb30e92272f713dd8224320c17cfedbf 0 0 0 0 0 1
train_jpeg/cb4e59a4ea704b0001de9a0602235d37 0 0 0 0 0 1
train_jpeg/cb5533c9383bef445346503223e9c3e7 0 0 0 0 0 1
train_jpeg/cb59f57577d43474914a483bd369944b 0 0 0 0 0 1
train_jpeg/cb8ccbbcb3ee23274483ff57bb3d2c02 0 0 0 0 0 1
train_jpeg/cb917cacc62a0b142b74b28a9ef97212 0 0 0 0 0 1
train_jpeg/cbf7001e1acfc58545a401c1441b6ac3 0 0 0 0 0 1
train_jpeg/cbff7d81a2b9d427f240df9c6a475422 0 0 0 0 0 1
train_jpeg/cc06c6490ca2360e5c0dedffbeafadc7 0 0 0 0 0 1
train_jpeg/cc57b8e71bed57a6454b46135882911d 0 0 0 0 0 1
train_jpeg/cc5ad3b4b93bbfc63e70eca023ab6eda 0 0 0 0 0 1
train_jpeg/cc70e9658fc974cf91bce73f4798856b 0 0 0 0 0 1
train_jpeg/cc98d7fef25d526a411629ad598eca3c 0 0 0 0 0 1
train_jpeg/ccd70de6ae7c5e8e3d4db38cbdbbfc21 0 0 0 0 0 1
train_jpeg/cce5b2bc76fedf929d2301f8b0b0a411 0 0 0 0 0 1
train_jpeg/cd4cfb6f37a30c6672c023dfa1e725ab 0 0 0 0 0 1
train_jpeg/cd4e3d9119afb1d1c9c3eea618ce9780 0 0 0 0 0 1
train_jpeg/cd6c60129b9075448f043f5c4ce48f1e 0 0 0 0 0 1
train_jpeg/cda9cd500cfc67b76f598e4dddc9f7a9 0 0 0 0 0 1
train_jpeg/cdac9c8150916c9e36c3b586ad462309 0 0 0 0 0 1
train_jpeg/cdcc9ea4a42b7928c28a38ccfadba2cc 0 0 0 0 0 1
train_jpeg/cdd5d9b02e2b7b41e239cfcfc1519a25 0 0 0 0 0 1
train_jpeg/ce09180e7c2e3db04f92ba556dc7b674 0 0 0 0 0 1
train_jpeg/ce1524c7900a7d9412d1411dd7532f48 0 0 0 0 0 1
train_jpeg/ce1623f1639c984a52b2e32ff845acad 0 0 0 0 0 1
train_jpeg/ce3fc2df924ccc74a646f7e189c79f19 0 0 0 0 0 1
train_jpeg/ceec880604ef4cefe343c1be0cb1b876 0 0 0 0 0 1
train_jpeg/cf0a0074d83b71b62df5ff2befebad3d 0 0 0 0 0 1
train_jpeg/cf3b911028cf826c2b2b4cba5c4987fd 0 0 0 0 0 1
train_jpeg/cf438b04b5e236c89e444dc78a6ce89a 0 0 0 0 0 1
train_jpeg/cf51bd106d3022978750e35b4ff0e075 0 0 0 0 0 1
train_jpeg/cf72c8ab18f8a15338d6c886c2582990 0 0 0 0 0 1
train_jpeg/cf7d44685ac3a9566e53d665efe1ee28 0 0 0 0 0 1
train_jpeg/cfc14023c79c0ff855afa04a9cc3d344 0 0 0 0 0 1
train_jpeg/cfc1811dd956ddee6a45bad6f8b1d6ba 0 0 0 0 0 1
train_jpeg/cfe2a83e8e5520b17dfd5b68658af5a3 0 0 0 0 0 1
train_jpeg/d03ba8b6b58acc96de602b366f7b9f05 0 0 0 0 0 1
train_jpeg/d059a758010e50fc0b9d511c45bc9836 0 0 0 0 0 1
train_jpeg/d07b9b9c416e3a1589605cfe12a34374 0 0 0 0 0 1
train_jpeg/d09e357225d7ce75a4c44fe4c3c74de6 0 0 0 0 0 1
train_jpeg/d0c002130841e793bfca41ddb53fbda5 0 0 0 0 0 1
train_jpeg/d0d11935ef19589104dfe702d1253210 0 0 0 0 0 1
train_jpeg/d0d4850b924a386b239db3a790ce355b 0 0 0 0 0 1
train_jpeg/d10f4f38d14a5f2ae8fb8f5f32fdd21f 0 0 0 0 0 1
train_jpeg/d18eeeb8b025f8f3dc4eb66fb21a2c47 0 0 0 0 0 1
train_jpeg/d1c65a98c42ecb8d51516f3ab50c675f 0 0 0 0 0 1
train_jpeg/d1f103686422ed11c271f44ad1c22cfc 0 0 0 0 0 1
train_jpeg/d212344842add313b06476bc1fcae66c 0 0 0 0 0 1
train_jpeg/d21f66ca95779da134369e279004ef03 0 0 0 0 0 1
train_jpeg/d22e6aec7d43fed24900e1c34161637d 0 0 0 0 0 1
train_jpeg/d29e710527ad79b62590045f7a7dbc9a 0 0 0 0 0 1
train_jpeg/d2ea9560a23b1508c5bf080a9cce1ccd 0 0 0 0 0 1
train_jpeg/d31da55117f292b4c8996f39c191c3dc 0 0 0 0 0 1
train_jpeg/d32509da6cdeed96643392245b6ab8e8 0 0 0 0 0 1
train_jpeg/d334ba0862d6d00b86cac697698a5fca 0 0 0 0 0 1
train_jpeg/d39f64f6fd449db87754893c4214f8c8 0 0 0 0 0 1
train_jpeg/d4059b483cf4fedc95df7c42556c7f02 0 0 0 0 0 1
train_jpeg/d42d27467595a3a181d3b5c1e67746fa 0 0 0 0 0 1
train_jpeg/d44efed1c63030fa1b24dcda20a48ed2 0 0 0 0 0 1
train_jpeg/d45771cb8e0893fafe8a39ea63a04a6d 0 0 0 0 0 1
train_jpeg/d46a63b662124927ce665a5dcae220b6 0 0 0 0 0 1
train_jpeg/d47e444aea45df364c4a7cebc156e183 0 0 0 0 0 1
train_jpeg/d494afb8594e94bdf38ccd1c9f208477 0 0 0 0 0 1
train_jpeg/d4ea25aa90608e4cac7b6c6679c7343b 0 0 0 0 0 1
train_jpeg/d51ad381e9ca8029f55ff44ea1fd891b 0 0 0 0 0 1
train_jpeg/d5554e2e3b5f60f8635a23416a47e6e1 0 0 0 0 0 1
train_jpeg/d558e9292b4124bfe42aad31dd33d7f4 0 0 0 0 0 1
train_jpeg/d56084af626fcb3748557688e1d2677d 0 0 0 0 0 1
train_jpeg/d581c05e21d31a55edf271d435ced1ec 0 0 0 0 0 1
train_jpeg/d5e5f81a3274cd07502c1aa063a7e78c 0 0 0 0 0 1
train_jpeg/d5f96cbf471b987f29313202e3babde9 0 0 0 0 0 1
train_jpeg/d60baa957de2ba1c18e70ffbf62155b5 0 0 0 0 0 1
train_jpeg/d645a6a2af27765bdbc576a33831acbb 0 0 0 0 0 1
train_jpeg/d6686ebb032bc9c7329b6644a052f994 0 0 0 0 0 1
train_jpeg/d66e705e3450a53d0fcc5a7975529b28 0 0 0 0 0 1
train_jpeg/d722400ab7c39334ff3d43316f6b4ff6 0 0 0 0 0 1
train_jpeg/d754a71c389c71df420e6c49260c417e 0 0 0 0 0 1
train_jpeg/d75bd9af915700b8aa4ab1866541fb8c 0 0 0 0 0 1
train_jpeg/d75fb72a8a880dc60400214b5883da75 0 0 0 0 0 1
train_jpeg/d798ab48080626a93cd22e6c573cc63b 0 0 0 0 0 1
train_jpeg/d7a866b3f77cb22d1c91521c9c2f23a9 0 0 0 0 0 1
train_jpeg/d7c74a341abc7d3ea523821a6a0fe16d 0 0 0 0 0 1
train_jpeg/d7caff49d592dcc8ee6d3d1445f1aacc 0 0 0 0 0 1
train_jpeg/d838d59a9362d4a4b768cea5419cf190 0 0 0 0 0 1
train_jpeg/d8435fedf85282ba7ecd54a368de8f00 0 0 0 0 0 1
train_jpeg/d86c7405606f965ab7300ef1eacbcacc 0 0 0 0 0 1
train_jpeg/d878ac7110aee5b23b9951ee99c4fcf4 0 0 0 0 0 1
train_jpeg/d8d873b275543b0d2d894958e37f09ec 0 0 0 0 0 1
train_jpeg/d8f7be06b6549916a936bfe51bd1efd3 0 0 0 0 0 1
train_jpeg/d97a50b79123ba7bca96e8105bfb6ef8 0 0 0 0 0 1
train_jpeg/d997f71818df03dd9ba8d4214dcf1856 0 0 0 0 0 1
train_jpeg/d9dac94bf3573bec6c2cfa8fb842ab58 0 0 0 0 0 1
train_jpeg/da080bbceada7f806710be3c22f34c48 0 0 0 0 0 1
train_jpeg/da25a467627cf0f3a7e3ea9df313be2c 0 0 0 0 0 1
train_jpeg/da32453a8f8cb3442c2cf786f5527601 0 0 0 0 0 1
train_jpeg/da9cac31724d9382e725c0147e001044 0 0 0 0 0 1
train_jpeg/daf006545643eef1134fb4bb338243eb 0 0 0 0 0 1
train_jpeg/db10ef88a4b96c89919a5591d119202c 0 0 0 0 0 1
train_jpeg/db56cd24e6cd26a88c97603afd54cd0d 0 0 0 0 0 1
train_jpeg/db91f0aadbe09aa16949f45ff9b4a59d 0 0 0 0 0 1
train_jpeg/dbe0e2fb2277ecadfb3200e196d7a511 0 0 0 0 0 1
train_jpeg/dc8893b40134b9e2fc93ab47ee867406 0 0 0 0 0 1
train_jpeg/dd050faeea429a407dfaf767cb5beb8b 0 0 0 0 0 1
train_jpeg/dd3e6f5e23e091cc2bd5d73df7af25ea 0 0 0 0 0 1
train_jpeg/dd5891d85374e6b9e666dbfdec5ce508 0 0 0 0 0 1
train_jpeg/dd646b51b2efab186ed0e4d3707345eb 0 0 0 0 0 1
train_jpeg/dd9bab4089ecf0dc73c10f0e339ac115 0 0 0 0 0 1
train_jpeg/ddd12b32eca38d67c4a3f99f5878f560 0 0 0 0 0 1
train_jpeg/dde109688e3f9deac4ab260b9b512ffd 0 0 0 0 0 1
train_jpeg/de16372ec8bfa3b590a001fa5d864df5 0 0 0 0 0 1
train_jpeg/de17ad7d8d8013245fda495962594555 0 0 0 0 0 1
train_jpeg/de33edae2922a9f1da8b2feb40bf912e 0 0 0 0 0 1
train_jpeg/de504aa5f8d4aa992e0682e513d36da1 0 0 0 0 0 1
train_jpeg/de677a79760938f997da578067ede9f7 0 0 0 0 0 1
train_jpeg/de98e5ab82ac0833ba8619afb63f2c1b 0 0 0 0 0 1
train_jpeg/deda2ef99302166594f44be90020f8c6 0 0 0 0 0 1
train_jpeg/dee88fe5817b322335cbb11bba8807b0 0 0 0 0 0 1
train_jpeg/df1480a0cd4cfb73022709bdf9e816d3 0 0 0 0 0 1
train_jpeg/df3196d5c8c62ef82d551c77e2be36be 0 0 0 0 0 0
train_jpeg/df5aa1123fb533c8865b8eaf0bb9c5c8 0 0 0 0 0 1
train_jpeg/df908402799fe45e0bac05940e1fcd9e 0 0 0 0 0 1
train_jpeg/dfc80884bf97cb71d4848b501cb7f702 0 0 0 0 0 1
train_jpeg/e036a57c243f3ac3d11d2fb6ae63e355 0 0 0 0 0 1
train_jpeg/e04ec49ca9110f5e30e46394a2f1c894 0 0 0 0 0 1
train_jpeg/e05b55dd675f21cf1835c60193313d6f 0 0 0 0 0 1
train_jpeg/e068476c8419c3a1696f2645e440a193 0 0 0 0 0 1
train_jpeg/e068ceeedf4d528d08dc33ce1d4eaa87 0 0 0 0 0 1
train_jpeg/e09fa966992325c6e86d7727cfc53ca9 0 0 0 0 0 1
train_jpeg/e0b367fec82067871659e5ed847cfb63 0 0 0 0 0 1
train_jpeg/e10bdb3fb82af234cbe963fa597c59f6 0 0 0 0 0 1
train_jpeg/e13dd07552354a7fd87cd1bbde299d58 0 0 0 0 0 1
train_jpeg/e1bd0bd8f1ba0f7f7ae31a24968282a8 0 0 0 0 0 1
train_jpeg/e1bf1c0bec552c714a37911ab0f63c48 0 0 0 0 0 1
train_jpeg/e252c482bc2b5d23e32da048cdc3bca7 0 0 0 0 0 1
train_jpeg/e28b3b2dde03635d1fed255e334ed6fb 0 0 0 0 0 1
train_jpeg/e2a55e2d4a4c31d473253362541944b8 0 0 0 0 0 1
train_jpeg/e2dd667fb2a1751d045d35105425a94d 0 0 0 0 0 1
train_jpeg/e2f815fad3b6225eaed25553552af0f3 0 0 0 0 0 1
train_jpeg/e38e7ca1d5326e8212c188887cec3ef6 0 0 0 0 0 1
train_jpeg/e3a3fabfa4658426a68e4c82b57c9598 0 0 0 0 0 1
train_jpeg/e3acafc9fb8cff04eb9eeb4240043a5e 0 0 0 0 0 1
train_jpeg/e3c6dfd0279ed22ed7d75ffcf8b454eb 0 0 0 0 0 1
train_jpeg/e3d9c8954d9f74fc2746da35019bb7f7 0 0 0 0 0 1
train_jpeg/e41d7b9d7af7d738c31ae832a725632b 0 0 0 0 0 1
train_jpeg/e43a4dbd7fafa21973f9ddde38dc8d3e 0 0 0 0 0 1
train_jpeg/e44c4522979ee8d8b50977b9af91db58 0 0 0 0 0 1
train_jpeg/e46da7c27c2e93d1a1d9413e2fee4547 0 0 0 0 0 1
train_jpeg/e485355ba09cb26d81a7d18af9592f5a 0 0 0 0 0 1
train_jpeg/e55c810bac202a7eda8f17da59c3037f 0 0 0 0 0 1
train_jpeg/e599f41be58ccfc30931ace6f0623b1b 0 0 0 0 0 1
train_jpeg/e5bb131acdbdaa4d269b0e7b9160998b 0 0 0 0 0 1
train_jpeg/e5cdc4d2a9eb934f910c60de2f068fee 0 0 0 0 0 1
train_jpeg/e5ce2da7174ba1d61d5b03c0ffecb614 0 0 0 0 0 1
train_jpeg/e6356b32f656516b3655559f16470b19 0 0 0 0 0 1
train_jpeg/e63df4068d5c800b0f03de884d32bfb8 0 0 0 0 0 1
train_jpeg/e653bcbc027754e61652cd1393cd8667 0 0 0 0 0 1
train_jpeg/e65bbf5a1c77241e062b010ba006b3fd 0 0 0 0 0 1
train_jpeg/e67ad7373ab4fc1480c7e10b3e3d6dfa 0 0 0 0 0 1
train_jpeg/e68d59b64350acbd47e5a05d03ba1e0a 0 0 0 0 0 1
train_jpeg/e6c9a056b224d34bbf73cb864872b089 0 0 0 0 0 1
train_jpeg/e6d737cf8600e9b07168c04ca7541980 0 0 0 0 0 1
train_jpeg/e746ee7a622d991a0c02b55efe234fb9 0 0 0 0 0 1
train_jpeg/e76134f2517c0d19200343670afb1c3f 0 0 0 0 0 1
train_jpeg/e789d94f7c4bd88d6f3c787f941dc7a7 0 0 0 0 0 1
train_jpeg/e7c6462d4f809c337e984a242b0f28c1 0 0 0 0 0 1
train_jpeg/e7f4f1181aa6abcd8c63619106edf51a 0 0 0 0 0 1
train_jpeg/e84a9853202c413ac29099e9389386f6 0 0 0 0 0 1
train_jpeg/e8c0cf0cffaffbcf57f9d0b467ca7c61 0 0 0 0 0 1
train_jpeg/e8ca05fa7b88b631365f7777beaf5449 0 0 0 0 0 1
train_jpeg/e8da654fb9044ccb66b765aa4085c791 0 0 0 0 0 1
train_jpeg/e8daa2e3fdc66a7c3359235762d14744 0 0 0 0 0 1
train_jpeg/e92bd7118f3a35ab5a2f1a905b8d4d9b 0 0 0 0 0 1
train_jpeg/e92c72255c583ecd16ef62066a98b92a 0 0 0 0 0 1
train_jpeg/e96565c7cec737184a458002aa47e1fb 0 0 0 0 0 1
train_jpeg/e97c51492b67d4cde0e3189d1843cedf 0 0 0 0 0 1
train_jpeg/e99959c570cc189706e79fbbd151ae61 0 0 0 0 0 1
train_jpeg/ea2ce4f87c7e1585cb689b2ac296d83f 0 0 0 0 0 1
train_jpeg/ea933cf515c42a4b3d3508379c30aa6f 0 0 0 0 0 1
train_jpeg/eb2fbabd1c9407a78bcca90e70c3a3ac 0 0 0 0 0 1
train_jpeg/eb4ed15fb49f79d129c44f2033282419 0 0 0 0 0 1
train_jpeg/eb8718da9f7dff460b8e52c041d631fd 0 0 0 0 0 1
train_jpeg/ebcab549c5d07527233f9e25cbd9efd4 0 0 0 0 0 1
train_jpeg/ec255231907e967a0ec4bed6e6d08780 0 0 0 0 0 1
train_jpeg/ec6b732fb65550039a4b232c3a918f00 0 0 0 0 0 1
train_jpeg/ec8fa17fbf612e22732281e208fa4279 0 0 0 0 0 1
train_jpeg/ed00acb8b50144488f604c86e9589388 0 0 0 0 0 1
train_jpeg/ed431222ef5a3addea4f1970136117ea 0 0 0 0 0 1
train_jpeg/ed4602b83c8d000945a26753bcbf9a65 0 0 0 0 0 1
train_jpeg/eda50be538fe17c4f5e36050a8fbcc86 0 0 0 0 0 1
train_jpeg/eda707d79298458f23f778b0c8229d73 0 0 0 0 0 1
train_jpeg/eda980fcb1d6755bd140b5f0fa750360 0 0 0 0 0 1
train_jpeg/edb75380aa961da09279508df214040e 0 0 0 0 0 1
train_jpeg/ee62b83063b45b7f387cd2e89490bb1d 0 0 0 0 0 1
train_jpeg/eeac9a98746bbc35994ddf2c1fec5081 0 0 0 0 0 1
train_jpeg/ef1908482bea6fbef710f42b21eb9ed0 0 0 0 0 0 1
train_jpeg/ef3aa4dc726f1f72da7aad1624eaced2 0 0 0 0 0 1
train_jpeg/efb838879b6ee5f7d44b56ff592d83a4 0 0 0 0 0 1
train_jpeg/eff97684b9090b2cfa07a3037870b0ff 0 0 0 0 0 1
train_jpeg/f03eec9cab41e1b1bee26e8d139ffffa 0 0 0 0 0 1
train_jpeg/f0e32b02b4fbb7f1256cd8f3597b028a 0 0 0 0 0 1
train_jpeg/f0ee544d64027ece2cce82efbb76009c 0 0 0 0 0 1
train_jpeg/f0fdfbe1c649b4945039b3d70825eb20 0 0 0 0 0 1
train_jpeg/f1766e364a8af02b085c82eabc7950db 0 0 0 0 0 1
train_jpeg/f18efbc5f0e380cf80f8c07d7c139e64 0 0 0 0 0 1
train_jpeg/f19678311f4268518fb1f3869537023a 0 0 0 0 0 1
train_jpeg/f1cc23ec4bcfdb2cea60a249d3ecae6d 0 0 0 0 0 1
train_jpeg/f1d5d21120f5370c55efc2ab3d2db8bc 0 0 0 0 0 1
train_jpeg/f1e7feabd0d43dc3d823995002eb6cd7 0 0 0 0 0 1
train_jpeg/f1f4482fe3a8ede769d6c6c4bca3d0df 0 0 0 0 0 1
train_jpeg/f25198406a72bdd912befbfa8fac68c7 0 0 0 0 0 1
train_jpeg/f2651cf9aa12efd2615a65900287b9cf 0 0 0 0 0 1
train_jpeg/f2667d4348807707e4d653183061ae78 0 0 0 0 0 1
train_jpeg/f2a85cc12635e8e4ec9dbe2716e800a0 0 0 0 0 0 1
train_jpeg/f2d7c63da0b42c0b234cfae5f56c95e9 0 0 0 0 0 1
train_jpeg/f2ddce533c317954c50f4e1107d2b7a4 0 0 0 0 0 1
train_jpeg/f3185be657c553fac1498f0d8088d56d 0 0 0 0 0 1
train_jpeg/f35decf057aaad0c7c4c0405bc2514eb 0 0 0 0 0 1
train_jpeg/f39cd708b079301a6074426d674aabf7 0 0 0 0 0 1
train_jpeg/f3aa2bf9e8bd2a4228ca4fc31200e8c3 0 0 0 0 0 1
train_jpeg/f3ab9bfbc5d7ebe903029eed048e6bfb 0 0 0 0 0 1
train_jpeg/f3c32b9968cd8443be3af4fc59da2eb0 0 0 0 0 0 1
train_jpeg/f3cff97734391a297ae15824e98e234d 0 0 0 0 0 1
train_jpeg/f3f90e541e8f52f5b3533ea44347df22 0 0 0 0 0 1
train_jpeg/f427a602bd5118f325550a3f00320551 0 0 0 0 0 1
train_jpeg/f458843968166ba8c5af491035ce1651 0 0 0 0 0 1
train_jpeg/f4600d99aba992cfb3807e4cebd240e7 0 0 0 0 0 1
train_jpeg/f4785c48c9a8c1b99ca378ac2b8d88dd 0 0 0 0 0 1
train_jpeg/f4873f71afeb7c3211236542e1f3b631 0 0 0 0 0 1
train_jpeg/f499cf7f9ff6c7beeabf1669a201c866 0 0 0 0 0 1
train_jpeg/f4a2922f842b5cca41bc12a494452b9c 0 0 0 0 0 1
train_jpeg/f4a4135cfc8282ed85c17c27a5b6aa75 0 0 0 0 0 1
train_jpeg/f4abb99c297395af12190538ce353566 0 0 0 0 0 1
train_jpeg/f4e19d9d1a1dba4f7491ac88bf894523 0 0 0 0 0 1
train_jpeg/f4ffbc6f8ced17c735923931d73cd9cd 0 0 0 0 0 1
train_jpeg/f54020dccd3bbf5de3e728dd3e84cf94 0 0 0 0 0 1
train_jpeg/f5479abf714c907a22abe972dcbd2ce5 0 0 0 0 0 1
train_jpeg/f5659dca0a38527e901ecb2c4c30ed6c 0 0 0 0 0 1
train_jpeg/f5b41bbb67b9d754223d642e57bc7a1e 0 0 0 0 0 1
train_jpeg/f5beade7c5512c1fc557930bbaac7cff 0 0 0 0 0 1
train_jpeg/f5c9c0d846aaaa1dc73a59fa772b96f2 0 0 0 0 0 1
train_jpeg/f5f140184ce64f81502833e45d4c04ef 0 0 0 0 0 1
train_jpeg/f601b6cafd0bf714b32638324cd8ad82 0 0 0 0 0 1
train_jpeg/f6041a083375b309d68267242fe547a5 0 0 0 0 0 1
train_jpeg/f65ebcab15ce9a0f1fb2cd2a89cb0ba9 0 0 0 0 0 1
train_jpeg/f6a627b1c1655650f2a7b8470bed9cdb 0 0 0 0 0 1
train_jpeg/f6acae0f3d3d5333c6ccb5dd5b896153 0 0 0 0 0 1
train_jpeg/f6d8f53eef3c6934fc8790047a17b02a 0 0 0 0 0 1
train_jpeg/f6ea8fd5566a3776bec64ec816a0eb31 0 0 0 0 0 1
train_jpeg/f719cf48bb8411ce0e062a5347cc1f75 0 0 0 0 0 1
train_jpeg/f7690c5d690590871038199e06a8a345 0 0 0 0 0 1
train_jpeg/f78abb1dbaf45a2dce966e9d3877b78f 0 0 0 0 0 1
train_jpeg/f7f52e9e7c634b8a2b6e933d29ffe1ae 0 0 0 0 0 1
train_jpeg/f81f1782addff49e3d3b7da77228b8b9 0 0 0 0 0 1
train_jpeg/f84d61c4f1d3a26428202017b299d1c2 0 0 0 0 0 1
train_jpeg/f8e4d37e293ab0b5122e50c291ae10ee 0 0 0 0 0 1
train_jpeg/f90d70aeadcff7186649097a25a2d1a9 0 0 0 0 0 1
train_jpeg/f91454c7ea3f4c9f6754d8c0807f0861 0 0 0 0 0 1
train_jpeg/f919fb0e73a444db7475e7627c41a64e 0 0 0 0 0 1
train_jpeg/f951c8270c9c3ef2640def1874f5c348 0 0 0 0 0 1
train_jpeg/f968e70acdec121268a37f3b4676b735 0 0 0 0 0 1
train_jpeg/f969ea3d13295c6d9d1ace69fc0fa218 0 0 0 0 0 1
train_jpeg/f998ddf451a859e6ccbfc835d0f67389 0 0 0 0 0 1
train_jpeg/f9a56eff8a8fcffa24f45f8c60768c3b 0 0 0 0 0 1
train_jpeg/f9ba5de7801dea90494e679809bcf55a 0 0 0 0 0 1
train_jpeg/fa1b5304d0d3e86ae73ee2a286f3e08b 0 0 0 0 0 1
train_jpeg/fa2c895263279a9c393934028ccbb36d 0 0 0 0 0 1
train_jpeg/fa3b101775fa22579d8741f1aa9c8241 0 0 0 0 0 1
train_jpeg/fa6c9d5324c1e538957f78607e14c457 0 0 0 0 0 1
train_jpeg/face66ab3d09010b917e60958a63efbb 0 0 0 0 0 1
train_jpeg/fae0a817c65ac6e549e94ac021544c22 0 0 0 0 0 1
train_jpeg/fafb7aae501eade200d494ef7e0e41cf 0 0 0 0 0 1
train_jpeg/fc2aa495a2db14cd4cf06a0e8a4c255b 0 0 0 0 0 1
train_jpeg/fc45095dff453deb90ba2e867a219d01 0 0 0 0 0 1
train_jpeg/fc70dfaae8c1a8873b8e1043542e491a 0 0 0 0 0 1
train_jpeg/fc96d4be137f6141c87826b536eaae17 0 0 0 0 0 1
train_jpeg/fca6c1b549ef5dacbdd009e188cc65b5 0 0 0 0 0 1
train_jpeg/fcbabae476d826707f5d6da872aad213 0 0 0 0 0 1
train_jpeg/fce53f0b032b635037ce25b081fbfb98 0 0 0 0 0 1
train_jpeg/fd0a2bb62818a9b682ee4512904c0fee 0 0 0 0 0 1
train_jpeg/fd3d0487b4f4ee21cbaa2cf3b9fae8f5 0 0 0 0 0 1
train_jpeg/fd8bd7efba38113c2848079bab15f193 0 0 0 0 0 1
train_jpeg/fd8dac9e53275d18e40ce4aa1666bc7e 0 0 0 0 0 1
train_jpeg/fd9ea90f51379923e450f7578cb032ee 0 0 0 0 0 1
train_jpeg/fdc0e4eaee26a9dd7bec404df5428612 0 0 0 0 0 1
train_jpeg/fdd5c663764c4f333a42250ad5a67790 0 0 0 0 0 1
train_jpeg/fe0e5e1172c8dbe0442e46f4f9f1ff4e 0 0 0 0 0 1
train_jpeg/fe2b2b66b3c448df307c70f8b16a6248 0 0 0 0 0 1
train_jpeg/fe5d3904b77a0086b1a1b92bc92ac29d 0 0 0 0 0 1
train_jpeg/fe84b42ec9a773a7b37d50fdc5249ebc 0 0 0 0 0 1
train_jpeg/feb2e0a1b33a4b19ec5d47cdb9fd907e 0 0 0 0 0 1
train_jpeg/fef32af9c9103cadf14667a65d1fc089 0 0 0 0 0 1
train_jpeg/fefdc7cd6e1db66bcacf35b1bf68aa47 0 0 0 0 0 1
train_jpeg/ff301dc8a5eb8994e07a98e6d63b587d 0 0 0 0 0 1
train_jpeg/ff30dbb59e633044661f968022eea1ef 0 0 0 0 0 1
train_jpeg/ff4cd5b2a61258ac551673d1311fa2a8 0 0 0 0 0 1
train_jpeg/ff8e792afe941fdc029a9b898c71510d 0 0 0 0 0 1
train_jpeg/ffe07f4f98a7242b460c8d3a8e46832c 0 0 0 0 0 1
train_jpeg/ffea246f04196af602c7dc123e5e48fc 0 0 0 0 0 1
