train_jpeg/00053190460d56c53cc3e57321387478 0 0 0 0 0 1
train_jpeg/00176f7e1b1cb835123f95960b9a9efd 0 0 0 0 0 1
train_jpeg/0071fbed56e53f6bfe416b7558b31f98 0 0 0 0 0 1
train_jpeg/007a5b30bc5eadb13017059543e0b6be 0 0 0 0 0 1
train_jpeg/007c1195aab852cff5c20736be26a1ae 0 0 0 0 0 1
train_jpeg/00a9f697d85a506d5b281f588addce4e 0 0 0 0 0 1
train_jpeg/00c4051383149d0dbe166f38b67c9b52 0 0 0 0 0 1
train_jpeg/0129a93b23aa71e7ea2b8b988d1c5287 0 0 0 0 0 1
train_jpeg/014b381459563f39d15b37e327f2766e 0 0 0 0 0 1
train_jpeg/017a9ba3b9db23e4f7ba819bdb343f7c 0 0 0 0 0 1
train_jpeg/017cd6c78e753ae58e1795fac350f321 0 0 0 0 0 1
train_jpeg/01892129d76aaa1f59d4b22df8a14c0b 0 0 0 0 0 1
train_jpeg/01c8d075b499b3079616e56503bf9168 0 0 0 0 0 1
train_jpeg/01d02854d3b799cf008ade3e0cd449d4 0 0 0 0 0 1
train_jpeg/0204800ac6954c809315ea6e1e6948fe 0 0 0 0 0 1
train_jpeg/0213efd0f5bcee6b4daafc171ed3a902 0 0 0 0 0 1
train_jpeg/022c174090b07df8cddc98f0125d2a28 0 0 0 0 0 1
train_jpeg/02c82f4c59af8bb89c0baca937b1b7da 0 0 0 0 0 1
train_jpeg/0304212405f7474d54f89d76f3d8912b 0 0 0 0 0 1
train_jpeg/032993869b3b33cdc46ec374855c19a0 0 0 0 0 0 1
train_jpeg/0343e7f7e9e4cc1ac974ab130d46eafa 0 0 0 0 0 1
train_jpeg/0374fce70f4509038c6a4336cb4d2f29 0 0 0 0 0 1
train_jpeg/03a3ed42ca92c02bfdff57a91f4dbf4d 0 0 0 0 0 1
train_jpeg/03a66c919172a500cea51763d9a22f56 0 0 0 0 0 1
train_jpeg/03b6cf4974e7aa0a44ab5099afedec7d 0 0 0 0 0 1
train_jpeg/03f0e6bb0924540875b9ddd96705c184 0 0 0 0 0 1
train_jpeg/040c4603d394992e4809c06b5f1d90c8 0 0 0 0 0 1
train_jpeg/042239d11ff7f47f1170b67f1cb5349d 0 0 0 0 0 1
train_jpeg/0428eb1ea4b373245cfc3934cde6d55a 0 0 0 0 0 1
train_jpeg/045cf248fcf9ac153e3c9586d1c70229 0 0 0 0 0 1
train_jpeg/045fe806619a89d8c588c0c02c5bd241 0 0 0 0 0 1
train_jpeg/04717c6776396c84dd605d8889a635c5 0 0 0 0 0 1
train_jpeg/047fea7da3a8a8336939e9ae765e8406 0 0 0 0 0 1
train_jpeg/048d00bcebe732fb053aa3ead33d8064 0 0 0 0 0 1
train_jpeg/04c193ff7be9b8b895fa10e3a20bb6ad 0 0 0 0 0 1
train_jpeg/04f2409cb10dda9e308d37ec4f889eb4 0 0 0 0 0 1
train_jpeg/0551db8af443829de9cfc1770eb15977 0 0 0 0 0 1
train_jpeg/056a902e6cae674460ebd4919a607b45 0 0 0 0 0 1
train_jpeg/057fb23418bbab7f82689ab76a54cbac 0 0 0 0 0 1
train_jpeg/058714deae1e656a0632a9ed19e262b9 0 0 0 0 0 1
train_jpeg/05a1b049aade6b9e9ce1209a31e62a5f 0 0 0 0 0 1
train_jpeg/05b13ce73a727aefbb323d543426fb9b 0 0 0 0 0 1
train_jpeg/05b42653897fa9739366a25612f1eb08 0 0 0 0 0 1
train_jpeg/0647eec06157a83b524df13f045d1fd7 0 0 0 0 0 1
train_jpeg/066ca890a8f0511461d66d421e2ed2b9 0 0 0 0 0 1
train_jpeg/069d41d3e346a6333fe53c5e7ff83cd5 0 0 0 0 0 1
train_jpeg/06b2f3ff0d667703ab66052b1616a302 0 0 0 0 0 1
train_jpeg/06b805ae2b70b172add6df8dae94fff2 0 0 0 0 0 1
train_jpeg/06ba60d8ce256b3edecbb31323e37576 0 0 0 0 0 1
train_jpeg/06c03e3939bd4349223c84fc98cb96b1 0 0 0 0 0 1
train_jpeg/06f864ba601b64bf44c312b2e5cdd894 0 0 0 0 0 1
train_jpeg/070ae34f8383711c1f6a1f97dc3786ff 0 0 0 0 0 1
train_jpeg/073ebe231a40891d4f9c4cc3e70bc020 0 0 0 0 0 1
train_jpeg/0740b61521fae0508311c834d2e78875 0 0 0 0 0 1
train_jpeg/0740dd59179b3143d02c3a477aa65894 0 0 0 0 0 1
train_jpeg/075eed8cc3d035092115398c521152ab 0 0 0 0 0 1
train_jpeg/077c02e3854ba35e3279af36e518ff3c 0 0 0 0 0 1
train_jpeg/07bbac2eee5b459e894b2f20faf8e3df 0 0 0 0 0 1
train_jpeg/07dead6ba9ef577c41b2ad5049f5e9cb 0 0 0 0 0 1
train_jpeg/07f9314c9eec5959eafb3c511ac97cc8 0 0 0 0 0 1
train_jpeg/088869b047b7336c8d31bea5cf10cf24 0 0 0 0 0 1
train_jpeg/089107073978c064c53772de534abd1c 0 0 0 0 0 1
train_jpeg/08bfaf4eb9083ae2e047ad0e61ae7580 0 0 0 0 0 1
train_jpeg/08ca5715d79a32bb574d28b34c0ed052 0 0 0 0 0 1
train_jpeg/08eae737d6de0db70d4bcb02b799cd02 0 0 0 0 0 1
train_jpeg/08f362b8c0da181ca414c58e52555c64 0 0 0 0 0 1
train_jpeg/092d380367a75cbbea280ef3d1f2c711 0 0 0 0 0 1
train_jpeg/093b519e943397a88b4067339ebffa5d 0 0 0 0 0 1
train_jpeg/095afb9593cba8a56173554c7d800a15 0 0 0 0 0 1
train_jpeg/098dbc2e6f9cc6d646fb0720cf80789c 0 0 0 0 0 1
train_jpeg/09e1e8ad685b4d843457c37fb071d3c9 0 0 0 0 0 1
train_jpeg/09ebaedff630f8fa4d5d752f0beb34f2 0 0 0 0 0 1
train_jpeg/0a2a1f3849c4b41e6d6715bb919c158a 0 0 0 0 0 1
train_jpeg/0a380c45055b031c116507bdc5acff33 0 0 0 0 0 1
train_jpeg/0a4d6ab40e013041bc8a6d2ed5426316 0 0 0 0 0 1
train_jpeg/0a5da3b480ea895bafe976f54050c9f1 0 0 0 0 0 1
train_jpeg/0ad8d7f0f8a9bc784c8bb38e50a63beb 0 0 0 0 0 1
train_jpeg/0b11cf6759b6b31a11d71ad38ed4d3c5 0 0 0 0 0 1
train_jpeg/0b4729e08dbd4e916a32804f943853f2 0 0 0 0 0 1
train_jpeg/0b5b42c2920b109c7c876c6ddfcf8df8 0 0 0 0 0 1
train_jpeg/0bf74ccc6888feb5cc717241a5c826ce 0 0 0 0 0 1
train_jpeg/0c23a87d02f786638b415021cb5e6278 0 0 0 0 0 1
train_jpeg/0c285f4a92ac064b0fc85f3aa01e48f7 0 0 0 0 0 1
train_jpeg/0c2b96e2f30e34dd68b2075b83b0db25 0 0 0 0 0 1
train_jpeg/0c2f4f06949e3ae5901158ac5cc2bc8e 0 0 0 0 0 1
train_jpeg/0c373b6fd7836eb3f31de84e6d0082c9 0 0 0 0 0 1
train_jpeg/0c4030b724bc12b38f4bbe54a3952056 0 0 0 0 0 1
train_jpeg/0c886a47fffd9803200f2ff55db54a09 0 0 0 0 0 1
train_jpeg/0cf9a5a8732ff379cff0ac1a1a54634b 0 0 0 0 0 1
train_jpeg/0d029f8b2f72732630d3d81bc0daac1f 0 0 0 0 0 1
train_jpeg/0d55ccb39234d5369ecd767186ef9127 0 0 0 0 0 1
train_jpeg/0d73d7e35dc4b6432a1f40653259f8ad 0 0 0 0 0 1
train_jpeg/0d7f9adbe098a0b30ead0d6ddb5ddc0d 0 0 0 0 0 1
train_jpeg/0d9bfabbb820590dc9e31783c6af1e0b 0 0 0 0 0 1
train_jpeg/0dd8ef01229d7509562e1ef1dc92953b 0 0 0 0 0 1
train_jpeg/0e49606d0861fc8c8d797efb580c32d0 0 0 0 0 0 1
train_jpeg/0e6a918cc2a038ef1e8d3b0d9554f05e 0 0 0 0 0 1
train_jpeg/0ecaf0732fd979768bd7492bcb17856c 0 0 0 0 0 1
train_jpeg/0eff8de4b1964a09bc67fc2dcdd233d5 0 0 0 0 0 1
train_jpeg/0f0d638b06992220e2adbbe574bc3c99 0 0 0 0 0 1
train_jpeg/0f517bc215689e9cb1533ee2209bc0ea 0 0 0 0 0 1
train_jpeg/0f7fb15a86f8ada0c84933a6523f22d3 0 0 0 0 0 1
train_jpeg/0f8a78e1090c840b4455772fe92d7586 0 0 0 0 0 1
train_jpeg/0fa549b115a4c943bd8bac3974f5e2ad 0 0 0 0 0 1
train_jpeg/0fb17f7ef84cea21569bbcb3fbdd9032 0 0 0 0 0 1
train_jpeg/0fc0f4210dcff423c932da548b73d8fa 0 0 0 0 0 1
train_jpeg/0fd9b262a5d0490716641cde0a167eaa 0 0 0 0 0 1
train_jpeg/0fdd9e832730bf843067512577cf31cd 0 0 0 0 0 1
train_jpeg/101462261ea1428181e14ed048dcf5e9 0 0 0 0 0 1
train_jpeg/10387d064935914e96534db4f8625a6b 0 0 0 0 0 1
train_jpeg/106110eb5e2871e4d1aa45d9ef8ef277 0 0 0 0 0 1
train_jpeg/107161d70e8adfb758fe9afcd854b387 0 0 0 0 0 1
train_jpeg/1075dde8870f9418d888dcb90c568172 0 0 0 0 0 1
train_jpeg/1075e57aefb1b18d57f274a66a43c682 0 0 0 0 0 1
train_jpeg/1088f189daf4ad7593e680fcff81e6ca 0 0 0 0 0 1
train_jpeg/10898f48f4d75139b29732592f307e88 0 0 0 0 0 1
train_jpeg/10c2c095faefa7a57e1869682ccfb033 0 0 0 0 0 1
train_jpeg/10d100f6b480361b2b5c9e1ce4f4f9f2 0 0 0 0 0 1
train_jpeg/1118706aafb9e28236dda9943e3bb924 0 0 0 0 0 1
train_jpeg/1172de6d573beff0890bdd58889464cc 0 0 0 0 0 1
train_jpeg/119c830643a83d9d7d6c624e4e34cacd 0 0 0 0 0 1
train_jpeg/11b1a620d3fc78c8bc49451e222345f6 0 0 0 0 0 1
train_jpeg/11c5ffa533f58e07343f98080f434650 0 0 0 0 0 1
train_jpeg/11d1fed2c8daf381612a08ecfa80fd74 0 0 0 0 0 1
train_jpeg/124235acd64d47008e0d5e55ba0cb1b0 0 0 0 0 0 1
train_jpeg/12458e19391e96d4920de1e9eec373b0 0 0 0 0 0 1
train_jpeg/1246d654bb8a0b1e713e6d48a485456a 0 0 0 0 0 1
train_jpeg/128c74577cb8aa5fb9efe7cb4c520322 0 0 0 0 0 1
train_jpeg/128f71b941bb2354e1536afa37a4fda2 0 0 0 0 0 1
train_jpeg/12bbf5e4c310be2e3d375867da5d42c6 0 0 0 0 0 1
train_jpeg/12d87958ea1b07f2d31b128f8cd18939 0 0 0 0 0 1
train_jpeg/12e4da57850720daffb0fcb42e896f01 0 0 0 0 0 1
train_jpeg/1328284b51e2183f749bff5df8eb2e6c 0 0 0 0 0 1
train_jpeg/135068ebc968861c9d1bfdd078a9da6f 0 0 0 0 0 1
train_jpeg/1394611583c5d8795faf68d0175f7cdb 0 0 0 0 0 1
train_jpeg/1440142c3466827fe553b42416ab615b 0 0 0 0 0 1
train_jpeg/1445d071c1122f9f9ff6414565fab8a3 0 0 0 0 0 1
train_jpeg/144868aa3abc5c32412b9dd804c8e9eb 0 0 0 0 0 1
train_jpeg/146cd3e86d2e362391779dc7830254c0 0 0 0 0 0 1
train_jpeg/1470e480f4a19758104f269dbe07b959 0 0 0 0 0 1
train_jpeg/14766a5e19611bdec2cbc3d41ef64283 0 0 0 0 0 1
train_jpeg/14877acfaf8e3b25d9f089e15887c20d 0 0 0 0 0 1
train_jpeg/14927df9f2de0ed4ca45cdecaadec55d 0 0 0 0 0 1
train_jpeg/14e5011acf2672cb549516b981a380c2 0 0 0 0 0 1
train_jpeg/14eb61e207776d8dbd7d8159d3c9c362 0 0 0 0 0 1
train_jpeg/14f50ca3225883c63e42010339c5e2ee 0 0 0 0 0 1
train_jpeg/1502125d4a1361d461c8c4024c9b5723 0 0 0 0 0 1
train_jpeg/1505c78837ead7b0646ff1153b91eeee 0 0 0 0 0 1
train_jpeg/152e1ef4292c1ac9d526ec478f16f2a9 0 0 0 0 0 1
train_jpeg/153acc5aa91dd9471cd76450f781afa7 0 0 0 0 0 1
train_jpeg/1596174d21afd56ded385cd4375c92b9 0 0 0 0 0 1
train_jpeg/15af14446b411c614094e6d68f74d9ff 0 0 0 0 0 1
train_jpeg/15b0e4f28f04c455b90949d649987742 0 0 0 0 0 1
train_jpeg/1609a094f9eada5d399b4e59b9f767e2 0 0 0 0 0 1
train_jpeg/161d979ff9937e966d5797c04ae74853 0 0 0 0 0 1
train_jpeg/162b6f2f6f04c9ab806583092dfadc13 0 0 0 0 0 1
train_jpeg/168cc30b1b173119d9bac94648e55e84 0 0 0 0 0 1
train_jpeg/16ef2fde299931d4c9f60f1ee8471bc3 0 0 0 0 0 1
train_jpeg/170e523b0646b3d3154324b697b4ac25 0 0 0 0 0 1
train_jpeg/171c5e2bbf7f95d2fb60a8bd81dc9d37 0 0 0 0 0 1
train_jpeg/17435f57fe6ffe247e22c9693232768c 0 0 0 0 0 1
train_jpeg/17a5501f21cdd414c44a570ca471e3f5 0 0 0 0 0 1
train_jpeg/17c2c5cb02d771f1b3837c9f127641dc 0 0 0 0 0 1
train_jpeg/17c980696d1aa513ab00665f1eff7bd6 0 0 0 0 0 1
train_jpeg/17e020659d7f13ef04ea22c404f44b78 0 0 0 0 0 1
train_jpeg/17fc311041dbdb50c502716ca8302a93 0 0 0 0 0 1
train_jpeg/182427335981447fdbee564d6a699443 0 0 0 0 0 1
train_jpeg/187c8c789ee3a0b01f96ae3e76846172 0 0 0 0 0 1
train_jpeg/189c815777fa485aae9d996e4a567650 0 0 0 0 0 1
train_jpeg/189cdd6c035ddf60e25d6b5a59483aa4 0 0 0 0 0 1
train_jpeg/18a5e70aaab459fdce1141088eb23f16 0 0 0 0 0 1
train_jpeg/18fe1da02b6e13f90c3b36f772afdc9b 0 0 0 0 0 1
train_jpeg/1913a4c5232aab90ec047d630df595c2 0 0 0 0 0 1
train_jpeg/192a98fb55e4101cc4fd00129a82ced0 0 0 0 0 0 1
train_jpeg/193f68e98d4ca3406c7877d3041b31d6 0 0 0 0 0 1
train_jpeg/196abb1029308929e8d8f87c1e9d1011 0 0 0 0 0 1
train_jpeg/1982ea7ffdcfbc87ae9f244723cba14c 0 0 0 0 0 1
train_jpeg/19a9ad6a6e1309893b094c2e405df5b3 0 0 0 0 0 1
train_jpeg/1a027a6706c01aa0ec05d79942af1a15 0 0 0 0 0 1
train_jpeg/1a4875ed8557ee69777c2e47378871ab 0 0 0 0 0 1
train_jpeg/1a690f48bc8212140e1318412c558a6a 0 0 0 0 0 1
train_jpeg/1a6a5124eb0cfe85fac933968f9ecdd2 0 0 0 0 0 1
train_jpeg/1acb28fd7ff75d39cf095674d00e14be 0 0 0 0 0 1
train_jpeg/1ade7a51f9d900b3e27ca251ace667ad 0 0 0 0 0 1
train_jpeg/1b3f4c30e797e1f54159d2cb01a60738 0 0 0 0 0 1
train_jpeg/1b4272ebac3eb5cabb7af61a9517d90e 0 0 0 0 0 1
train_jpeg/1b5e805a3ddb27279d3a0a698eedc144 0 0 0 0 0 1
train_jpeg/1be62fc40bf2edf18e734c4940d5bd1c 0 0 0 0 0 1
train_jpeg/1c3e88d7eb1849e80d109ab2f059a2e1 0 0 0 0 0 1
train_jpeg/1c86b0ae793d49c8d201268fd5ef96cd 0 0 0 0 0 1
train_jpeg/1cd0875e0a37e347301306ae881b2a24 0 0 0 0 0 1
train_jpeg/1cfebd799d9854a50bfa74e0271f358e 0 0 0 0 0 1
train_jpeg/1d0e350326d513628bb149c62edb2492 0 0 0 0 0 1
train_jpeg/1d9f612e47d96fab988e3d0664e98c81 0 0 0 0 0 1
train_jpeg/1da48524f9e1dc707b4f1652caa756d0 0 0 0 0 0 1
train_jpeg/1da6c21d441f9f4853662d9d038c7af3 0 0 0 0 0 1
train_jpeg/1dbb725a05c9543e9bd2593ac079f970 0 0 0 0 0 1
train_jpeg/1df1184c21fb2bc9b911e354fcd59cc9 0 0 0 0 0 1
train_jpeg/1df9d68d3a8352f4fecbc3895ebd80fa 0 0 0 0 0 1
train_jpeg/1e281a85fe646d950327daed66f8bb18 0 0 0 0 0 1
train_jpeg/1e35cd90f1877cfcb99524a9ef37d756 0 0 0 0 0 1
train_jpeg/1e94c85856e4bf6d065a2e94ab90694c 0 0 0 0 0 1
train_jpeg/1e957456099a37360a9f2c80f536d518 0 0 0 0 0 1
train_jpeg/1f13fb95804f83251401097b2bb4aacf 0 0 0 0 0 1
train_jpeg/1f44ce8fa6574cf3e43a490c5fc5b3fe 0 0 0 0 0 1
train_jpeg/1f51eb9814d10526ba32069aa0f99b4f 0 0 0 0 0 1
train_jpeg/1f55540d7b501f2c05cdb3c2ff2d684e 0 0 0 0 0 1
train_jpeg/1f6a24d886df53ff9f3205bae8be0157 0 0 0 0 0 1
train_jpeg/1f7370426afa612e65ab4e0214aa3605 0 0 0 0 0 1
train_jpeg/1f9bc16c14437340bf28841980a117c5 0 0 0 0 0 1
train_jpeg/1f9cdcc5024717fd9164946c2c317e1c 0 0 0 0 0 1
train_jpeg/1fa4f7d78fb5dea70baee8bddc37088f 0 0 0 0 0 1
train_jpeg/1fb108b04624f03f75122985270150b9 0 0 0 0 0 1
train_jpeg/1fb52c6de89983f8e92e0d3512da68a0 0 0 0 0 0 1
train_jpeg/1fc0841f014f99bb62074454fe7ebe0a 0 0 0 0 0 1
train_jpeg/2024502be6b68ef571732398b632b004 0 0 0 0 0 1
train_jpeg/2026ba3e6ae94ed9817a5df2cf0d4e27 0 0 0 0 0 1
train_jpeg/20294a6c521b2ffc8ee2e7e1cac1fc50 0 0 0 0 0 1
train_jpeg/2047ebfae1b23a9fd4fffaa5411bf566 0 0 0 0 0 1
train_jpeg/2084cc8989cf6a5a92c76d722530fec0 0 0 0 0 0 1
train_jpeg/2091cd1a94708449bf06a3da7c8f0dfc 0 0 0 0 0 1
train_jpeg/20a1b16f38402c919c3e59f65130bed5 0 0 0 0 0 1
train_jpeg/20b3714dd6c53ce0f439e05ca97b60e8 0 0 0 0 0 1
train_jpeg/2118ec1324887c49163f603d64004ef0 0 0 0 0 0 1
train_jpeg/211df242014f50bb0340e68a5e6355e8 0 0 0 0 0 1
train_jpeg/2123faaa64f9f9d7361efc6e63acf835 0 0 0 0 0 1
train_jpeg/2142468bfb44b63785a97096a69b020a 0 0 0 0 0 1
train_jpeg/2178bc059f01bccb57d83d4ea2657844 0 0 0 0 0 1
train_jpeg/21a10246a5ec7af151081d0cd6d65dc9 0 0 0 0 0 1
train_jpeg/21e705b10515b420d9b17a5183ee4830 0 0 0 0 0 1
train_jpeg/222c75d9eed5a032f38820a5716af2ec 0 0 0 0 0 1
train_jpeg/223460cf2baad672dfdeab0e5df45320 0 0 0 0 0 1
train_jpeg/2257dbbf851e656562738f982173ac56 0 0 0 0 0 1
train_jpeg/22b7917fc08a3eb226411d76e820ce05 0 0 0 0 0 1
train_jpeg/22c1a3b7b22b021c0e89da864e18e97c 0 0 0 0 0 1
train_jpeg/233259480409e87c9e714c425450c333 0 0 0 0 0 1
train_jpeg/23ada7eb0d82a360190e77da2edfcf8f 0 0 0 0 0 1
train_jpeg/2433a65f5918f29c15db691cf3e9a17a 0 0 0 0 0 1
train_jpeg/243c2f1aac724fe459dfedf281b60460 0 0 0 0 0 1
train_jpeg/24556c4e8ebf8686649f92dce503b564 0 0 0 0 0 1
train_jpeg/2486f3a2e72578b378083e38028707e0 0 0 0 0 0 1
train_jpeg/249503ef61e9450337fc04c69e7ceed7 0 0 0 0 0 1
train_jpeg/24bfefea72970330a9a8013298cf5f51 0 0 0 0 0 1
train_jpeg/24eb901ffcdde574f77f51d8ff330be8 0 0 0 0 0 1
train_jpeg/24f427a6a95cd0db024269c897508ed5 0 0 0 0 0 1
train_jpeg/24f69d2bed536ccea3b54bf28131f062 0 0 0 0 0 1
train_jpeg/25108aafc5ef1b61f97c9dd36a92b9c0 0 0 0 0 0 1
train_jpeg/2561ba15f063a8e3a0322ad943738bb5 0 0 0 0 0 1
train_jpeg/256529b049a97ea1a2f2d76e32b1ad29 0 0 0 0 0 1
train_jpeg/2569c94df89d92fbf1ece003b48549d1 0 0 0 0 0 1
train_jpeg/256d3816d739fbc5da99a02e8de999b9 0 0 0 0 0 1
train_jpeg/25a8640bc7b02ec4dc8a4e26ab5ae837 0 0 0 0 0 1
train_jpeg/25c1e77ffbeb8769333cda7be2a7fb3b 0 0 0 0 0 1
train_jpeg/25f92688523969df7deae77a1fe98044 0 0 0 0 0 1
train_jpeg/25ffa0f11c7bdf9a9d6e48a92379b049 0 0 0 0 0 1
train_jpeg/2610dca6156baa3f79ad80cf55744959 0 0 0 0 0 1
train_jpeg/2611e5933907733e626c08196d28320e 0 0 0 0 0 1
train_jpeg/26892c0317a9d478211fae77c464f62d 0 0 0 0 0 1
train_jpeg/26a01386eb1f1402efe6056e2f41de62 0 0 0 0 0 1
train_jpeg/26abe98f1810033a2d6c1e7550156c7b 0 0 0 0 0 1
train_jpeg/26c7332ea337cb8f00d42d0820688f6f 0 0 0 0 0 1
train_jpeg/26cfeb1a0f57c3bed9d68f3c7397b5d2 0 0 0 0 0 1
train_jpeg/26f7c0a4c5d0d1bfb26f5774637361bb 0 0 0 0 0 1
train_jpeg/27236b366295e37a46123e885d5c0aed 0 0 0 0 0 1
train_jpeg/2728f1d62da8da71ee9009b1ee74e662 0 0 0 0 0 1
train_jpeg/275127b4b2ee76e8c3ab0f46267d21db 0 0 0 0 0 1
train_jpeg/27689b23167e89e1142f6fa265921a3a 0 0 0 0 0 1
train_jpeg/277bcfbb546c26189a433230d2509671 0 0 0 0 0 1
train_jpeg/279912e5dbf2052afeae7d223c380e3b 0 0 0 0 0 1
train_jpeg/27e57b4e9f14817c50b0bec64385e17f 0 0 0 0 0 1
train_jpeg/27e70ebeac2e00013a3dd409fcfeebec 0 0 0 0 0 1
train_jpeg/27ea8db3f082b36639c88d017b8b1999 0 0 0 0 0 1
train_jpeg/27f15259ab3e456cbf089aecd8621189 0 0 0 0 0 1
train_jpeg/285c0fc6aaf6e30fc5a182b4937f90b6 0 0 0 0 0 1
train_jpeg/288bc93ca68276fceaee201a2c57300d 0 0 0 0 0 1
train_jpeg/28a0343866a5d15b60f2567cc6ffa3a5 0 0 0 0 0 1
train_jpeg/28b59f3955343ef5aa5e70e6e26a865a 0 0 0 0 0 1
train_jpeg/28c18bf8fcb6c11c5fbc7c00d9f5bacc 0 0 0 0 0 1
train_jpeg/2988c0540fad8e078a609d7672525d5a 0 0 0 0 0 1
train_jpeg/2a1fcf5a5313b721f2fdbfee711bb098 0 0 0 0 0 1
train_jpeg/2a7ee9317e4ee95e6a50a175d96fbbd8 0 0 0 0 0 1
train_jpeg/2aa967866e3e878475c2777ef8c7e62d 0 0 0 0 0 1
train_jpeg/2ae44a028bd7146e2ce74718860ff663 0 0 0 0 0 1
train_jpeg/2be9331aba2540c39971621887174215 0 0 0 0 0 1
train_jpeg/2c0ecdf04ffe35c6031fe2ae2b3a36f4 0 0 0 0 0 1
train_jpeg/2c224837420a8d8831f0e3503296a8b7 0 0 0 0 0 1
train_jpeg/2c2551cc5f69dc282a7dea8202492a85 0 0 0 0 0 1
train_jpeg/2c455514c8e4a448d0a3f3f193fe97a4 0 0 0 0 0 1
train_jpeg/2c7fbcdc37fba555a38a39db3d9e41a5 0 0 0 0 0 1
train_jpeg/2ca9dac5fb539feaec32dbf027e48729 0 0 0 0 0 1
train_jpeg/2cc3814230a2b9a7c532d77dc962870c 0 0 0 0 0 1
train_jpeg/2d2ed136d5f942317aa539fcc455e42b 0 0 0 0 0 1
train_jpeg/2d482e5e1ad068673e4f6cb8a36a6077 0 0 0 0 0 1
train_jpeg/2d524b03db10432b9e13cd6f98fdaafa 0 0 0 0 0 1
train_jpeg/2d533bf631b2b5899008a3a8f6f44a7a 0 0 0 0 0 1
train_jpeg/2d6adf24742b6e9c95cbe0a0f67f288c 0 0 0 0 0 1
train_jpeg/2d8a1464e95c23639c7e9cd396b50a91 0 0 0 0 0 1
train_jpeg/2d9ab2ffbe16685705860765de59fb44 0 0 0 0 0 1
train_jpeg/2da397f355747dff221c86d9d6eeed87 0 0 0 0 0 1
train_jpeg/2dd46318c5cf710a174e74bf5cc5fc39 0 0 0 0 0 1
train_jpeg/2dfdd83451da9f82c3d926615630dd62 0 0 0 0 0 1
train_jpeg/2e05d6cd09b716b210e4bcc13768da4a 0 0 0 0 0 1
train_jpeg/2e30387515bd11c8378375fd25f935bd 0 0 0 0 0 1
train_jpeg/2e8298b8075f4bfad421b6a97a0b0d8a 0 0 0 0 0 0
train_jpeg/2ea39599aeefff928759cb241558a69e 0 0 0 0 0 1
train_jpeg/2ec02b88b8678801b23f7dce1ab2369e 0 0 0 0 0 1
train_jpeg/2ec44cf9af0b6f6bd0bfffa0bbca6e83 0 0 0 0 0 1
train_jpeg/2ef0bacf191dcacaa16ceb8a8b6a7fc6 0 0 0 0 0 1
train_jpeg/2f228c3eed72cc2d769cf6d42ef335d3 0 0 0 0 0 1
train_jpeg/2fdcb3a11f496369a302095df95a25ab 0 0 0 0 0 1
train_jpeg/2ff9704e5e28f258d4d71e015ce9e4f1 0 0 0 0 0 1
train_jpeg/302b9cacf8c2b74da56bd9c3f85ba975 0 0 0 0 0 1
train_jpeg/3043d7e62e74203cfc8704d7dae08fc3 0 0 0 0 0 1
train_jpeg/30591db0c5eab4252c5bb1eff6ad98af 0 0 0 0 0 1
train_jpeg/306c920e1349449f36ebf11107cfe415 0 0 0 0 0 1
train_jpeg/3085fc9b42e646b05c15b8e97c7821db 0 0 0 0 0 1
train_jpeg/3095cc822fe5a15e277499c62b74d58e 0 0 0 0 0 1
train_jpeg/30a19e21bc219f1956701d0e4491ba77 0 0 0 0 0 1
train_jpeg/30b7c5887272f0d0fd2b78925dfd7518 0 0 0 0 0 1
train_jpeg/30c14fe250babdc626ccf16bba0560e3 0 0 0 0 0 1
train_jpeg/30c58dd509fd3f658e9d47273f2a89c5 0 0 0 0 0 1
train_jpeg/30dcbddd1fdd443019b377314fa3913a 0 0 0 0 0 1
train_jpeg/30e9f24815f10a9fdee4f705cd716c04 0 0 0 0 0 1
train_jpeg/30fb1bef7e8c2e1a47f936c41eb36a0a 0 0 0 0 0 1
train_jpeg/31982b0deb461e745d7e769a99f09249 0 0 0 0 0 1
train_jpeg/31b25fa0519adf33768177c116092d83 0 0 0 0 0 1
train_jpeg/32270ad02e37f1a72a17181d1537dc28 0 0 0 0 0 1
train_jpeg/3245cf02595ea859a8f9e40444563694 0 0 0 0 0 1
train_jpeg/3247b2530692d1677aa304d9d16cb8d0 0 0 0 0 0 1
train_jpeg/324c95fc84fb0b3c3a8808fccb459434 0 0 0 0 0 1
train_jpeg/32503c648a31de0bff04a3c0dad7d48c 0 0 0 0 0 1
train_jpeg/32b175e9476e591939960365a484e36b 0 0 0 0 0 1
train_jpeg/32c02d3bf7bb9e6d2f6721ebdaacfd69 0 0 0 0 0 1
train_jpeg/32cb870fd424ffc2a3f343b172da1133 0 0 0 0 0 1
train_jpeg/33886b5e98edaec680d7f04c07f07b99 0 0 0 0 0 1
train_jpeg/33bfefddbcc3ffb6ccfac10b9fd63afc 0 0 0 0 0 1
train_jpeg/33d38c8c30786d2f48abb5a13f784b98 0 0 0 0 0 1
train_jpeg/33f7e603fc05c5149f2abae0cc287c06 0 0 0 0 0 1
train_jpeg/3454541571f45156848b25bec48492f7 0 0 0 0 0 1
train_jpeg/347f7cb52d4e1b42fd193f044c8c7b06 0 0 0 0 0 1
train_jpeg/3487e46c9030e3b3743bbbb8febd897c 0 0 0 0 0 1
train_jpeg/34894d765cc656f95463da8b0ca5e3f3 0 0 0 0 0 1
train_jpeg/34b9a4515249846b7453d5d99f8a9567 0 0 0 0 0 1
train_jpeg/34cf0e0224b5351949b986a7c0c51524 0 0 0 0 0 1
train_jpeg/34d941821c547fa3e9c6627bb7e77d20 0 0 0 0 0 1
train_jpeg/34da410e04ac8dca4ad6c954fdf10f9a 0 0 0 0 0 1
train_jpeg/34fd6ab2fe34832857d4bc2d04eb0e3d 0 0 0 0 0 1
train_jpeg/351057b882a88cbeaff0529e7c6b80aa 0 0 0 0 0 1
train_jpeg/3536be68101ca2383292187ee7ed2927 0 0 0 0 0 1
train_jpeg/35419f52163229968e8074e8dba31055 0 0 0 0 0 1
train_jpeg/357bbc11dd68858759437dceb094c58d 0 0 0 0 0 1
train_jpeg/357e1f13eaa9ef2ca05ead69875085ad 0 0 0 0 0 1
train_jpeg/360a688352f87c7439063929bf33a0d1 0 0 0 0 0 1
train_jpeg/36148cd81d5c56b7adec783c7c629ec6 0 0 0 0 0 1
train_jpeg/364966f59dbdb2411232007f1eda2e8d 0 0 0 0 0 1
train_jpeg/364d90c3c45c57222565679c2503fb58 0 0 0 0 0 1
train_jpeg/3656cb562e5a76cbafe238930f14d75f 0 0 0 0 0 1
train_jpeg/3658f7b8ea8bfd1a1dfc1806f142da79 0 0 0 0 0 1
train_jpeg/365dd4b12d6577d57e3320387c9ce858 0 0 0 0 0 1
train_jpeg/3695e9b858bf3ef80689b571e42fbebe 0 0 0 0 0 1
train_jpeg/373135eb64bc78017d32d5a80807100d 0 0 0 0 0 1
train_jpeg/373bd5fc47c8eabdefd4c313121c1d42 0 0 0 0 0 1
train_jpeg/37584307a3f57d7e3423a5fa95cff701 0 0 0 0 0 1
train_jpeg/376a927b8aaf8781402f387290e943a2 0 0 0 0 0 1
train_jpeg/376c1525347b5937f24ab28990b42424 0 0 0 0 0 1
train_jpeg/377b56ae5dc0492da6c9c79018928041 0 0 0 0 0 1
train_jpeg/383e5c3c75776eb23a6d245cd92dffb7 0 0 0 0 0 1
train_jpeg/384f1bceb95a5f2dddcd70e000a5051d 0 0 0 0 0 1
train_jpeg/38943fc135fad40c99b20bb2ebca922d 0 0 0 0 0 1
train_jpeg/38c56e0fcaf903b7987356b2e21e6210 0 0 0 0 0 1
train_jpeg/38d7d44f0a3b6c7129851d7ec6d9c001 0 0 0 0 0 1
train_jpeg/390c021f34c2c73f9c67460e3b157b8a 0 0 0 0 0 1
train_jpeg/3916487c5067479fdb63fdea7dae8435 0 0 0 0 0 1
train_jpeg/396e5ff02c5f79bfe13f45905135c10f 0 0 0 0 0 1
train_jpeg/3970da5668c7632a4a5c8a6aacd10d71 0 0 0 0 0 1
train_jpeg/3997a97fad3a399fc070ac61ca041889 0 0 0 0 0 1
train_jpeg/39bd228d176b814bff912da986f9491e 0 0 0 0 0 1
train_jpeg/39c528c6c7d46ecde4b0b077a03d3879 0 0 0 0 0 1
train_jpeg/39f57c83a1026f43f87ec02311874dc3 0 0 0 0 0 1
train_jpeg/3a16e3ddea4a2e8c5d2acd76981304f5 0 0 0 0 0 1
train_jpeg/3aa551a987c904204d7b59d3dd11d680 0 0 0 0 0 1
train_jpeg/3aae9308c4cdb4b57affa4ddc4500c0d 0 0 0 0 0 1
train_jpeg/3b0adb12d741b889f22974d7b1c1b797 0 0 0 0 0 1
train_jpeg/3b219f94795c80a122ac4948b4f1c2a6 0 0 0 0 0 1
train_jpeg/3b2d50b78ba04973394eb4dc723a44ef 0 0 0 0 0 1
train_jpeg/3b5d47335b76a13a78ea88e06883e9a9 0 0 0 0 0 1
train_jpeg/3b7f1edb2129713f1ddd570c48d6ace1 0 0 0 0 0 1
train_jpeg/3b9debbdb0a480e20163738e000d3bc0 0 0 0 0 0 1
train_jpeg/3bcb9fcbaefb31d394e0ff848bbdd2b8 0 0 0 0 0 1
train_jpeg/3c20666a50f258a311ae1dd05467045a 0 0 0 0 0 1
train_jpeg/3c9f08fbafe114bec914d2a6e9ca14e1 0 0 0 0 0 1
train_jpeg/3ccfd295989e91336c207424e2311808 0 0 0 0 0 1
train_jpeg/3d00830c1e6eb1575c1f019157990238 0 0 0 0 0 1
train_jpeg/3d0f66e908f56bc5a09dc479a408eea5 0 0 0 0 0 1
train_jpeg/3d267fca7c94f3426d1fc31b62efae19 0 0 0 0 0 1
train_jpeg/3d37d6d27b4c5a55c99fef87cc92af1c 0 0 0 0 0 1
train_jpeg/3d6cf58cefc8217b102d47280f927a9f 0 0 0 0 0 1
train_jpeg/3dc9583224b51bf0119dbc2712ef760a 0 0 0 0 0 1
train_jpeg/3dcf070650a2fa3b7a16fa122c1476ed 0 0 0 0 0 1
train_jpeg/3dd71c90893c3ea35bfd55fa4b2c52c1 0 0 0 0 0 1
train_jpeg/3e1a02b6f7ce6c76c7b778f0fcf61140 0 0 0 0 0 1
train_jpeg/3e300793e970e7916c36a57fe350f688 0 0 0 0 0 1
train_jpeg/3e3809293320987dd70fedea30954565 0 0 0 0 0 1
train_jpeg/3e40696236bdb6dec60938d7f7d8aa2b 0 0 0 0 0 1
train_jpeg/3e4b993b00bb9de466b7242737297f6b 0 0 0 0 0 1
train_jpeg/3e5a6d36c30daf6c586d269087d0755a 0 0 0 0 0 1
train_jpeg/3e70eb3adaa0387af4396b3c68841dfa 0 0 0 0 0 1
train_jpeg/3e7cadcc949765b55664dcd34021089f 0 0 0 0 0 1
train_jpeg/3e8d34e1bb974f41726faa36ed3b6ee0 0 0 0 0 0 1
train_jpeg/3eb94b64046aca4a6ae134098dc0884f 0 0 0 0 0 1
train_jpeg/3ed946f77b1d3ab0fd85aa164b7c2feb 0 0 0 0 0 1
train_jpeg/3ee9f520c0a31c20b9851fb79dccec09 0 0 0 0 0 1
train_jpeg/3f104043e0a3a9e1c980b042aa40cc4d 0 0 0 0 0 1
train_jpeg/3f610e9fd18c54ca050e5b98597e07e4 0 0 0 0 0 1
train_jpeg/3f8496260e5b67482d2c6a36f104a53b 0 0 0 0 0 1
train_jpeg/3fbf33a57cf10875ba8913ce4ba40a56 0 0 0 0 0 1
train_jpeg/3fbf5ad0dc91fdb688ec53aceaa2bcac 0 0 0 0 0 1
train_jpeg/400c4a56fafceb23d378e2a0c531bf1d 0 0 0 0 0 1
train_jpeg/4066f0291f1a9e480ee79291b6ab275c 0 0 0 0 0 1
train_jpeg/409977cb168c09ba2c1eb85aba6d7b06 0 0 0 0 0 1
train_jpeg/40b9a833fd7bc494e9803286d9349ca6 0 0 0 0 0 1
train_jpeg/40e8a0f30610634447cf7f44db3f8136 0 0 0 0 0 1
train_jpeg/410a46c87d447502899ab348a49adf79 0 0 0 0 0 1
train_jpeg/414d3ae841a5f9f23e74b1668ee0349c 0 0 0 0 0 1
train_jpeg/4171c03d203139833f2390b1a6315f47 0 0 0 0 0 1
train_jpeg/4248f48432542de76ddb36be81d32269 0 0 0 0 0 1
train_jpeg/424ad76d9a27d9430ced5f6f6f81bfbc 0 0 0 0 0 1
train_jpeg/425e037a20a9bce8be945b89297f7829 0 0 0 0 0 1
train_jpeg/4264e4da911ccee92f13f72ea3cd384f 0 0 0 0 0 1
train_jpeg/4276a13328e1ca901cc4c3810923933d 0 0 0 0 0 1
train_jpeg/427b2490fbab40e41d35a618a6947de8 0 0 0 0 0 1
train_jpeg/428b37564fcb598a418df845f366eaff 0 0 0 0 0 1
train_jpeg/429ef5a7a9cca6e81ba7aa2871babfef 0 0 0 0 0 1
train_jpeg/43168eb06024ac4634c14f1d386f4136 0 0 0 0 0 1
train_jpeg/43b0f51d257ee4154014ef7724a82644 0 0 0 0 0 1
train_jpeg/43e5fc3faa86529e7f6ba7bd64f7d436 0 0 0 0 0 1
train_jpeg/43f2bb7edda429b9d5970c0e1a22207f 0 0 0 0 0 1
train_jpeg/441a8ebadbd678f89684eb3f067ed205 0 0 0 0 0 1
train_jpeg/447ffd3522ec98af212bfbea80f54023 0 0 0 0 0 1
train_jpeg/449a3aebe76cd3a80eb7cad327375554 0 0 0 0 0 1
train_jpeg/44e4e9701b5fe7d9451b07638980b959 0 0 0 0 0 1
train_jpeg/44f89a4871a0248abde75b8d5d978e87 0 0 0 0 0 1
train_jpeg/44f9b63f52d77dd9d19d491a36f3cf5a 0 0 0 0 0 1
train_jpeg/451dc73713a903ea09bb57cd6ba5639a 0 0 0 0 0 1
train_jpeg/4547cd5697bce2198806126409b1192a 0 0 0 0 0 1
train_jpeg/45a68f734acda144c943624cce17124d 0 0 0 0 0 1
train_jpeg/45b753e5083940be9e2f3713796a7056 0 0 0 0 0 1
train_jpeg/46146ca33aff63a17f30385d1ea90b10 0 0 0 0 0 1
train_jpeg/46149bf87a508338b6813c56b2840d1c 0 0 0 0 0 1
train_jpeg/469f62e3e53dd6327aa266bea169f198 0 0 0 0 0 1
train_jpeg/46bcaf8ed1a8e9c5437f6c80c0ff6eff 0 0 0 0 0 1
train_jpeg/46c8b5f28cbb1efaa2a301ab718265c7 0 0 0 0 0 1
train_jpeg/46d721eeb4251bb82e32f44e9176f21f 0 0 0 0 0 1
train_jpeg/46e19e88592e39d44a7fe59b7c3880cd 0 0 0 0 0 1
train_jpeg/474bbe6ff1f8b29f0e274dc459d95f70 0 0 0 0 0 1
train_jpeg/4761fc19be5420015299df70e3d788de 0 0 0 0 0 1
train_jpeg/478a43629c80c0132b69346cc5a434bd 0 0 0 0 0 1
train_jpeg/47a6275032367faf2eb887a974077bde 0 0 0 0 0 1
train_jpeg/47bad01ec872934c0857978c8f4ba11b 0 0 0 0 0 1
train_jpeg/47bf5c7c3c42cdd958c3223959f2cec8 0 0 0 0 0 1
train_jpeg/47c3686f8cded6214f73a1de3d8f0682 0 0 0 0 0 1
train_jpeg/47c509271339b9b342528716e207ae65 0 0 0 0 0 1
train_jpeg/47f94c0c75fdc7656a012d710bdc806e 0 0 0 0 0 1
train_jpeg/4809a725c777cda97ab45c255bc35a2e 0 0 0 0 0 1
train_jpeg/480a26ee89ee25d5bd88a3bd598ebd82 0 0 0 0 0 1
train_jpeg/483d6b016165247ab0ff2c0b04e64a9d 0 0 0 0 0 1
train_jpeg/488aa5c559a5a021ffac4a152d09a0c3 0 0 0 0 0 1
train_jpeg/489f6ddc9f121ccadf798c6b14d0d74f 0 0 0 0 0 1
train_jpeg/48c3bc8851cf90d59de458ca2b351e97 0 0 0 0 0 1
train_jpeg/48cf350885bf05ac4e0811339a5a557a 0 0 0 0 0 1
train_jpeg/48d8a364f2df7c2adc723b30b81c5fee 0 0 0 0 0 1
train_jpeg/48e47872a01b6f07a8bde354db0d65e0 0 0 0 0 0 1
train_jpeg/48f5ebccaf5220ff5ec2f7a0099812b8 0 0 0 0 0 1
train_jpeg/48fc499bce865b59c1a963e4affa8ad6 0 0 0 0 0 1
train_jpeg/49348e03337fc04b3ef5c4472c7c1df1 0 0 0 0 0 1
train_jpeg/49b7ff278bbb90999eda55aa26e494fa 0 0 0 0 0 1
train_jpeg/49ef66252d7ee8166237b7663ea2c41d 0 0 0 0 0 1
train_jpeg/4a3b43b71d108cc024f63ed3cb58aa7f 0 0 0 0 0 1
train_jpeg/4a4c4a897e607c7250be6cc6abbc9767 0 0 0 0 0 1
train_jpeg/4a5afee9bce2ad08686b8a660a77943a 0 0 0 0 0 1
train_jpeg/4a73cb47410ca27d2349980a1081cc2c 0 0 0 0 0 1
train_jpeg/4a8703807226b1b4771b560dbfb42b9c 0 0 0 0 0 1
train_jpeg/4a8db70c5d79fd8eced9ae2812312a13 0 0 0 0 0 1
train_jpeg/4a946d127afa6776b2d5432718a46755 0 0 0 0 0 1
train_jpeg/4af2fb064cc821e4a7631fccdcf86c3e 0 0 0 0 0 1
train_jpeg/4af7096ba8b0589e8e2852d095fd55e2 0 0 0 0 0 1
train_jpeg/4b074c4182d4d43ff94d2378aad17a7e 0 0 0 0 0 1
train_jpeg/4b42a7a78df25c7d924cb6ea3ecf7aaa 0 0 0 0 0 1
train_jpeg/4b6752c0ebd284da8a991395921abfaa 0 0 0 0 0 1
train_jpeg/4bb4a477596c2513ca7f95ac03ca3182 0 0 0 0 0 1
train_jpeg/4bc187f73382906f3da22dd5ab8de865 0 0 0 0 0 1
train_jpeg/4bd8b64c77172aa547dd10fa5429eb04 0 0 0 0 0 1
train_jpeg/4bdb4a65644acac57b6e97e158a20186 0 0 0 0 0 1
train_jpeg/4bdcb9d68d74395b2cc8ec84ff1ac601 0 0 0 0 0 1
train_jpeg/4beb9b4e0acebc20ba821cab920ca6a4 0 0 0 0 0 1
train_jpeg/4bf7b94ffe8c0f8de6b5697bbbc8c620 0 0 0 0 0 1
train_jpeg/4c127b111ebdba8c59de22a06ca00a7f 0 0 0 0 0 1
train_jpeg/4c36c53b6c25b8d65baff1aefb8de7f2 0 0 0 0 0 1
train_jpeg/4c8e953ed2793e4988c7a28c6b8ef06c 0 0 0 0 0 1
train_jpeg/4cac1c56a780cc70bebecf84c5f51d5c 0 0 0 0 0 1
train_jpeg/4cc47005796cde9f78fb9662cd23fe08 0 0 0 0 0 1
train_jpeg/4cf987893f920af6130ebf1aacbe812d 0 0 0 0 0 1
train_jpeg/4d0664ac3d522bb232afecc65ebb40ca 0 0 0 0 0 1
train_jpeg/4d08dd43be2d1dbf38fab2f5120cc1f8 0 0 0 0 0 1
train_jpeg/4d26c4716e6f33d0fccb37c8dd6c551d 0 0 0 0 0 1
train_jpeg/4d2db6608c0951464852295a4132b5e5 0 0 0 0 0 1
train_jpeg/4d41ef24c7ad0bcbb810768c9f6547ba 0 0 0 0 0 1
train_jpeg/4d870a1c9e2f77a548e38457410ad8f9 0 0 0 0 0 1
train_jpeg/4dceea2fa01224bd8fd939a8f5402171 0 0 0 0 0 1
train_jpeg/4deee476a8d696096b199e34ef88bdf0 0 0 0 0 0 1
train_jpeg/4e2c6a80ffa0d55135f39a0573f9f58a 0 0 0 0 0 1
train_jpeg/4e5644149c48a827796a096c0a9aa3f6 0 0 0 0 0 1
train_jpeg/4e7e82ca092514557584e8c9e234ee24 0 0 0 0 0 1
train_jpeg/4ead78958600d17feb7a7a00a465e804 0 0 0 0 0 1
train_jpeg/4edc27e85d7767c8daaf7c05e3f992dc 0 0 0 0 0 1
train_jpeg/4f9a2032d0ace1ed3e85acffa6272a8a 0 0 0 0 0 1
train_jpeg/4faaf4ab2faad7f1b97e9acc4e3aa446 0 0 0 0 0 1
train_jpeg/4fe8fedee3a990958113337559dcfbfb 0 0 0 0 0 1
train_jpeg/501c79328584289b6d8f95c90398e265 0 0 0 0 0 1
train_jpeg/50454d9d187709b92281d016553b2a75 0 0 0 0 0 1
train_jpeg/50493f86bb23f2aa97989846eba9600d 0 0 0 0 0 1
train_jpeg/5068923278514dece0e02554dba901e3 0 0 0 0 0 1
train_jpeg/50a43da6cf2a4e01eadbecbc1cbd76d1 0 0 0 0 0 1
train_jpeg/50cd12275b316ae30f069a21daf2d097 0 0 0 0 0 1
train_jpeg/50fa8bc151bba3639fe91add42b8a106 0 0 0 0 0 1
train_jpeg/516805d225d88cc764d75ca58e1b7e43 0 0 0 0 0 1
train_jpeg/5176eaa05cc9a14023f9e8793cb4f0ad 0 0 0 0 0 1
train_jpeg/519438d01ecc33b5d8f1313abe2a0257 0 0 0 0 0 1
train_jpeg/5195e8441de8c3c3651527e293a6bbfc 0 0 0 0 0 1
train_jpeg/51a37077b49d7b787bcbc48f1a141862 0 0 0 0 0 1
train_jpeg/51c27664f2d2699198b9eaf3f9471d8d 0 0 0 0 0 1
train_jpeg/51c2e3bb7d36c0da62a0e20d96271ad7 0 0 0 0 0 1
train_jpeg/522dc90427079ab9ec152eb1f26dd14a 0 0 0 0 0 1
train_jpeg/52350d607fd79c62393eb7f2671f7194 0 0 0 0 0 1
train_jpeg/5289b3ec6fff54b7aabf2875c3df048d 0 0 0 0 0 1
train_jpeg/528dd19aa87822d4d1fbc1bca60b1415 0 0 0 0 0 1
train_jpeg/52dcfe5c13bcee52bb9e3f85c7587252 0 0 0 0 0 1
train_jpeg/52dd595e371586a059f0f6d247b6e35f 0 0 0 0 0 1
train_jpeg/52ed2f5f58b7b0547c37a78e735b4e4f 0 0 0 0 0 1
train_jpeg/52fb2ec0830cc3163480f0ba9aa1fd66 0 0 0 0 0 1
train_jpeg/531f8567fe4e0c8700e7b5fe59567747 0 0 0 0 0 1
train_jpeg/534a53462a8950ec15163afc8dcd7767 0 0 0 0 0 1
train_jpeg/5376ff68b27e97b653b521a5470b7fdd 0 0 0 0 0 1
train_jpeg/539dca0e258c88d3efd75fd974d2e274 0 0 0 0 0 1
train_jpeg/53ab4b64b6f2ebb832ea3a36afd4f53e 0 0 0 0 0 1
train_jpeg/53e18ff0ac3d31e65399bea58ad460e7 0 0 0 0 0 1
train_jpeg/53ede7c9c86842ca1f859d984454c1b0 0 0 0 0 0 1
train_jpeg/5430a52487fe104992c7c6addec843cb 0 0 0 0 0 1
train_jpeg/54794d0cf25eaa7eaa1d37422245d1c3 0 0 0 0 0 1
train_jpeg/5482159f66cfd2b76579f81f0bed7315 0 0 0 0 0 1
train_jpeg/5485fe2a8773b0c4cbcaa636586f61ce 0 0 0 0 0 1
train_jpeg/549f149c33ca641daf77496f36eb8783 0 0 0 0 0 1
train_jpeg/54a949ae76b8899a737c80350e97bea1 0 0 0 0 0 1
train_jpeg/54b6300453339c50d8c741ea17c64270 0 0 0 0 0 1
train_jpeg/54b776c1c57573abd6484945cd19f70f 0 0 0 0 0 1
train_jpeg/54e9f8deb096dd86e83938332fb366da 0 0 0 0 0 1
train_jpeg/555271abb64a5beb8d76edf6ac87f318 0 0 0 0 0 1
train_jpeg/557e3236337cc0a98613a715ab9cde44 0 0 0 0 0 1
train_jpeg/558327eba06325fc6058b8fccf18b41d 0 0 0 0 0 1
train_jpeg/5588a195d4bc9d11d1554ec73e727603 0 0 0 0 0 1
train_jpeg/55e830372cd24b93c934474723562366 0 0 0 0 0 1
train_jpeg/5602ceee33300c3cf4a74782ae08987d 0 0 0 0 0 1
train_jpeg/5628d3366a1626745f8b0726b9abd863 0 0 0 0 0 1
train_jpeg/5642182ab84445f84b0ff7add906018d 0 0 0 0 0 1
train_jpeg/56a0fef52403bf8a7bfb6ce0500e8da4 0 0 0 0 0 1
train_jpeg/56aac20ce11355082ffffb3d77bd6824 0 0 0 0 0 1
train_jpeg/56fa9e8f5419bb11f3e27c7529895684 0 0 0 0 0 1
train_jpeg/56ff603702d5731385e17026e6acd868 0 0 0 0 0 1
train_jpeg/5717bad41fd1a788bb77066bd521ad13 0 0 0 0 0 1
train_jpeg/572e22c19f0c4a029c2746c5ca20360f 0 0 0 0 0 1
train_jpeg/5760f2b040ba7c5f12d246f969d5c7a6 0 0 0 0 0 1
train_jpeg/5779eaa03b6ed1441cd09b841902a40b 0 0 0 0 0 1
train_jpeg/577f453d92187ea2a7334606d16c2c25 0 0 0 0 0 1
train_jpeg/57860143b5dc1943f9250e1ffba14fc5 0 0 0 0 0 1
train_jpeg/57ea8252280fae29b410732f1f84bbae 0 0 0 0 0 1
train_jpeg/57f2a1834a03f38792b4c118af510804 0 0 0 0 0 1
train_jpeg/57f5fffa1c926e798f583597300be447 0 0 0 0 0 1
train_jpeg/5806d4429fb183d924976bfd1dfbd4d9 0 0 0 0 0 1
train_jpeg/5808a2c41ab3a541379def8bab24be49 0 0 0 0 0 1
train_jpeg/582c1a3a297e4fb942eb9f2f379cb170 0 0 0 0 0 1
train_jpeg/5849812e7b679a5601179206262dc1a0 0 0 0 0 0 1
train_jpeg/584f6ce26ec3796b1f7e2d93907830b1 0 0 0 0 0 1
train_jpeg/58531213db18b19dd940e11ed1350ca4 0 0 0 0 0 1
train_jpeg/586194531e8c9a0b1f5b4117858ec899 0 0 0 0 0 1
train_jpeg/5862f7171e019f770bd3425dff92f624 0 0 0 0 0 1
train_jpeg/587aeb5d042ed67233d6422640ae618c 0 0 0 0 0 1
train_jpeg/587f3132d4daeb685d6d480e3a72090e 0 0 0 0 0 1
train_jpeg/588a72f7d1d7c20849baf37480524c2f 0 0 0 0 0 1
train_jpeg/589ddb8375feb065c45b1d825a7e99af 0 0 0 0 0 1
train_jpeg/58c7372d63bc8cd3b814c6f48f9d069f 0 0 0 0 0 1
train_jpeg/58d91c47c65fb368fe23ffa2dcbed62d 0 0 0 0 0 1
train_jpeg/58e39c61e9bc2f75fd8a8a3c7cb1eafe 0 0 0 0 0 1
train_jpeg/5910707287650ab29e8a0b6aecfb7f7b 0 0 0 0 0 1
train_jpeg/59116b15b64b0cf197a016d4876b8ccd 0 0 0 0 0 1
train_jpeg/595883a29ce9b34f8ae3c2380cbd6239 0 0 0 0 0 1
train_jpeg/5968c5b0e0498a38b225b646264a38ba 0 0 0 0 0 1
train_jpeg/59a581f307a1831fc953338edde1de60 0 0 0 0 0 1
train_jpeg/59cef32ac6fc9c9afd3fa5bd1780f870 0 0 0 0 0 1
train_jpeg/5a6cd45b4f10da4125427c348d21fa01 0 0 0 0 0 1
train_jpeg/5a8b04bbb49b5883741d4b183182c661 0 0 0 0 0 1
train_jpeg/5aa01ff5b1023118f8f0a880f1eb339f 0 0 0 0 0 1
train_jpeg/5ac979705194fc05735e532dae71f3b3 0 0 0 0 0 1
train_jpeg/5acd7b8821e15e1de9f6b85fcff5432e 0 0 0 0 0 1
train_jpeg/5ad4917a3ac7b1056497c4006d28d21b 0 0 0 0 0 1
train_jpeg/5ae08cb261f95dbd6d2643e6f6a342f4 0 0 0 0 0 1
train_jpeg/5ae8f6ceff28bad716f18316f4f64df0 0 0 0 0 0 1
train_jpeg/5b1bccc16bec281c4a418239bbfb7c48 0 0 0 0 0 1
train_jpeg/5b233461eab56cd2966544aa963474f8 0 0 0 0 0 1
train_jpeg/5b2566a6a2d1339b37a1553f21fc5b41 0 0 0 0 0 1
train_jpeg/5b7c346ba813a43c3118ed1a3a7ed6c8 0 0 0 0 0 1
train_jpeg/5bd88d066f3c2f816dc2d7152368879f 0 0 0 0 0 1
train_jpeg/5bf341e0d1f01bfe9be035593a6b5369 0 0 0 0 0 1
train_jpeg/5c040a20e3d65b64956abcefcffa37a1 0 0 0 0 0 1
train_jpeg/5c23e16f590703222743a8895b41e898 0 0 0 0 0 1
train_jpeg/5c268b2e9d7f9b7ce33c3d4ebf3adb30 0 0 0 0 0 1
train_jpeg/5c3e47918186111b16b0a90f0f75bbc9 0 0 0 0 0 1
train_jpeg/5c89b0eae0958efe38993c60dacb9c66 0 0 0 0 0 1
train_jpeg/5c970a83ef1efb8bdc051e5468d9a093 0 0 0 0 0 1
train_jpeg/5c9c0490f1629ab3659c7785ae22224d 0 0 0 0 0 1
train_jpeg/5cb63eac940ad10206e97cc7c0477e9f 0 0 0 0 0 1
train_jpeg/5cb94a5da13b66604c0f15bcb1e5c740 0 0 0 0 0 1
train_jpeg/5cd4502fe4f079cdfd99362d8f5e1b69 0 0 0 0 0 1
train_jpeg/5ce4036ca4980ebdbc2e21b6aaa3da92 0 0 0 0 0 1
train_jpeg/5ce53167cb33fa63c59af857d7236416 0 0 0 0 0 1
train_jpeg/5d092d091cf41b9291d00ff1286589cd 0 0 0 0 0 1
train_jpeg/5d262e61cd37483a1110e0adfb1b0aa2 0 0 0 0 0 1
train_jpeg/5d5c6bef270479bc5f71c5239f5e6e17 0 0 0 0 0 1
train_jpeg/5da097c62789fb3e38b0fa433f85d913 0 0 0 0 0 1
train_jpeg/5da892a8a20bff540f9f42a906532ebd 0 0 0 0 0 1
train_jpeg/5df44d0d1770fba1a6ae611172cc1b4c 0 0 0 0 0 1
train_jpeg/5e2d99a7b6679fa186daf4f73806648f 0 0 0 0 0 1
train_jpeg/5e371616866f2d786b8a5200370d60a1 0 0 0 0 0 1
train_jpeg/5e407b2c94bf1b857b94ff35ed44526e 0 0 0 0 0 1
train_jpeg/5e49a5c37424c651713623475d4a3c09 0 0 0 0 0 1
train_jpeg/5e4f636b31f32e182807322ff4c52820 0 0 0 0 0 1
train_jpeg/5e808e9cbcb8cb66f3c798e9e5ea4e03 0 0 0 0 0 1
train_jpeg/5e86b52242e527ea2eaca51fdb1d9012 0 0 0 0 0 1
train_jpeg/5e921c955082a39bbcebd3d42a8d0b4c 0 0 0 0 0 1
train_jpeg/5ec79a35752f7b502f063d69d55f676c 0 0 0 0 0 1
train_jpeg/5f3025ce95f6e6b3ada17c1d0d253dee 0 0 0 0 0 1
train_jpeg/5f3bc37da88e5a5fbbc03680c3d7302f 0 0 0 0 0 1
train_jpeg/5f61b1621d4036fbb7542ddff7acb35b 0 0 0 0 0 1
train_jpeg/5f61f01f62827d84911aebb1dc24cc23 0 0 0 0 0 1
train_jpeg/5f6adbed53a37c3ae996feb2d892d149 0 0 0 0 0 1
train_jpeg/5f7b80742cd833dcb52b3f2de3de412f 0 0 0 0 0 1
train_jpeg/5fb7290b4d8bb30810f217792f261ec6 0 0 0 0 0 1
train_jpeg/5fbe6cf85ca10f3d7f7d3641178ec31d 0 0 0 0 0 1
train_jpeg/5fbf0debb714847a6c44da31fe148b10 0 0 0 0 0 1
train_jpeg/600b33fe60b1a34e537e9f89a544cb54 0 0 0 0 0 1
train_jpeg/602a0512c462a812ea3eb93d49454091 0 0 0 0 0 1
train_jpeg/60b630e78a6333d5528b7002c207a0e2 0 0 0 0 0 1
train_jpeg/60f3f88acccc1801acb5bb2e66029ee7 0 0 0 0 0 1
train_jpeg/6113a98628cae718b3b8f79eac32cb4d 0 0 0 0 0 1
train_jpeg/612418de926c8286c8eb5ea317cfe138 0 0 0 0 0 1
train_jpeg/6146a0f5d44ae4d624cd489a631b8bed 0 0 0 0 0 1
train_jpeg/614e79f6a2879432b2af4287d954f98f 0 0 0 0 0 1
train_jpeg/61924f33dcc26bd35713d0fcaa21c9f1 0 0 0 0 0 1
train_jpeg/61969207fd4d75195e9d3bbcdb4ce8e2 0 0 0 0 0 1
train_jpeg/62368de0561a865919f192e2d1909a34 0 0 0 0 0 1
train_jpeg/623e33982a8f6421b5126b39db5b8109 0 0 0 0 0 1
train_jpeg/624784fc066458cc552d474c020de291 0 0 0 0 0 1
train_jpeg/62c3e25845cd6097c6337faa28eab97e 0 0 0 0 0 1
train_jpeg/634fa8f5318dbf29297571e88e8a6d88 0 0 0 0 0 1
train_jpeg/6376cd649fe5087d1a19a5ea150b1a22 0 0 0 0 0 1
train_jpeg/63868c96f530dd6940c3b978842cca5a 0 0 0 0 0 1
train_jpeg/63d5b6f568f005932b9246bcb40eee68 0 0 0 0 0 1
train_jpeg/64100c9085a670f7e71fe839e3764f8a 0 0 0 0 0 1
train_jpeg/641968ae3a4233add5aac188531b6727 0 0 0 0 0 1
train_jpeg/64395316b507236056e6cf7bde367792 0 0 0 0 0 1
train_jpeg/64745dd6d13744f622c269f3a8e07721 0 0 0 0 0 1
train_jpeg/6476c8a4543ea0d637394d0a938fad16 0 0 0 0 0 1
train_jpeg/648f133ac0f1120858a5ec22d9931a7d 0 0 0 0 0 1
train_jpeg/64fd5b24f0ddc753c47c45323f4e1282 0 0 0 0 0 1
train_jpeg/650334cea0f60f6cc424946aa9396d17 0 0 0 0 0 1
train_jpeg/653242e4127decde04e22d3b29848d36 0 0 0 0 0 1
train_jpeg/655854afb37061126e68c7fd7c3b213e 0 0 0 0 0 1
train_jpeg/655c037ef7034935898655e0865857e0 0 0 0 0 0 1
train_jpeg/656440165030849b1af05524c8bb5a33 0 0 0 0 0 1
train_jpeg/65743bacba984c53af421328a19dfa77 0 0 0 0 0 1
train_jpeg/65dfa774c5a0ae65cb5c50f6dd13e935 0 0 0 0 0 1
train_jpeg/65e65ba8b9044fcf8447a55dd2ccd9a5 0 0 0 0 0 1
train_jpeg/65edc7ea9c07b5cb1b6cd6a2a09b4e44 0 0 0 0 0 1
train_jpeg/66011388c0c383ca412c6af0dd750321 0 0 0 0 0 1
train_jpeg/6625f92bd5e1dfe15fd56b416a369b92 0 0 0 0 0 1
train_jpeg/66788537d9ccbd575dcc30db63d21db2 0 0 0 0 0 1
train_jpeg/66800c319a262030288a989b214cf20c 0 0 0 0 0 1
train_jpeg/66ba6ab520764732fbbd99b759e614fa 0 0 0 0 0 1
train_jpeg/66ec544d84f928c3fa8326f0be253346 0 0 0 0 0 1
train_jpeg/671c99257974b87e99ced41ccb84758c 0 0 0 0 0 1
train_jpeg/6752a5fa1636da5835c2cfde3bc71f7e 0 0 0 0 0 1
train_jpeg/67abbadc6191df78ac850acc6fb85b88 0 0 0 0 0 1
train_jpeg/67b1b913840db444f4e11f4d1acd65d0 0 0 0 0 0 1
train_jpeg/67d5a38d659154cdd92070ffdbdacf5a 0 0 0 0 0 1
train_jpeg/67e41f4e6ec05ee90e95892e5d573032 0 0 0 0 0 1
train_jpeg/68171fb7046c6bf3321e70ff5af92de0 0 0 0 0 0 1
train_jpeg/6841a2a1958e9d99a4ec620de11bcea2 0 0 0 0 0 1
train_jpeg/68626e0f21d8b844329c9cba44ff28eb 0 0 0 0 0 1
train_jpeg/6889a840d82b81c8de902c601a075b8c 0 0 0 0 0 1
train_jpeg/68b67c41111e332309d05761748aa6bf 0 0 0 0 0 1
train_jpeg/68d9b3f46988bbd8e927dbfca77fc805 0 0 0 0 0 1
train_jpeg/692b771442fb9516593e584a18567bfc 0 0 0 0 0 1
train_jpeg/69368863f4d108c7945024eccb3f6e78 0 0 0 0 0 1
train_jpeg/693a01d0401e233e4f6bd441542dc424 0 0 0 0 0 1
train_jpeg/695b29b1efb0cc694f32a00a2d072f0b 0 0 0 0 0 1
train_jpeg/6965410674f276cf6224606184551221 0 0 0 0 0 1
train_jpeg/6977e610df3f5274b2c66ab4e54417c6 0 0 0 0 0 1
train_jpeg/698f2c03335010d2ff0a30798f8c2e08 0 0 0 0 0 1
train_jpeg/69b3738d1a9f0dde5ec8b01df42b035b 0 0 0 0 0 1
train_jpeg/69bec711037c49ca6ad2c2861e6f836d 0 0 0 0 0 1
train_jpeg/69c18a2fb8ebe1cde62f260a812777bd 0 0 0 0 0 1
train_jpeg/69d87f580f14b87c4fbbd69f1457e650 0 0 0 0 0 1
train_jpeg/6a1a3545b2e12c3ca8c0f90a8c0c60fd 0 0 0 0 0 1
train_jpeg/6a31bb9432012fe6afec634c68b623ab 0 0 0 0 0 1
train_jpeg/6a7476a0c06dab9c750c77175dc77ffd 0 0 0 0 0 1
train_jpeg/6a7aad18a8ea7fb888cc0d0b292ce00a 0 0 0 0 0 1
train_jpeg/6a8afd2f3a1625885881c2110b658fca 0 0 0 0 0 1
train_jpeg/6ada8f68e2f901b30feb74aaa0c32ba4 0 0 0 0 0 1
train_jpeg/6afd09ccb84477f3c701982d27dfe54d 0 0 0 0 0 1
train_jpeg/6b0453e2749734e5307b8be68655af07 0 0 0 0 0 1
train_jpeg/6b5261547e88f45f98f66050ef098c1e 0 0 0 0 0 1
train_jpeg/6b75fcf73e3630eca7c4f1df3c7b4fa8 0 0 0 0 0 1
train_jpeg/6b7e3c1c2c10f65987429f440d7adf71 0 0 0 0 0 1
train_jpeg/6baf3caa699fa4b71fc243f83dd21dcb 0 0 0 0 0 1
train_jpeg/6bc1897634bbb80696b33e3ad978d381 0 0 0 0 0 1
train_jpeg/6bcca80b1d8a2849eb22c0d015125ffe 0 0 0 0 0 1
train_jpeg/6c970528587903bb009bb93c2119cbe7 0 0 0 0 0 1
train_jpeg/6cb28973ba5bf897b5c1ef88c79c47c2 0 0 0 0 0 1
train_jpeg/6d1b437d5d0c8679c5332a7ee81a209f 0 0 0 0 0 1
train_jpeg/6d1dfc99d244e3cb3309a5d2814e5422 0 0 0 0 0 1
train_jpeg/6dd59929c3406f7c01c43db8e22483ba 0 0 0 0 0 1
train_jpeg/6de28cfb3e7c100fac1e01dba0bf999a 0 0 0 0 0 1
train_jpeg/6dfe11723ed4aa8dea1e0d5d06845316 0 0 0 0 0 1
train_jpeg/6e1aa5719a8db21ee8e22c245c162e29 0 0 0 0 0 1
train_jpeg/6e80c23f0693fdd374a2f7ac41e23efa 0 0 0 0 0 1
train_jpeg/6ea15719175fe67480dc337f5e3ebd8a 0 0 0 0 0 1
train_jpeg/6ebeb63bc82c36b61deb81d59a0e17a1 0 0 0 0 0 1
train_jpeg/6f36a4fa379a1fe7d5b243750c781036 0 0 0 0 0 1
train_jpeg/6f5f85902e1a68488dd8b227d8ded75f 0 0 0 0 0 1
train_jpeg/6f693ffb135213d759427b3e0d26904e 0 0 0 0 0 1
train_jpeg/6f772618681e1eb89694966fe89f6a31 0 0 0 0 0 1
train_jpeg/6faeb189a25654be3124ad9b4ce2732a 0 0 0 0 0 1
train_jpeg/7051a1cd72bd18da27c41d3eb46e7b52 0 0 0 0 0 1
train_jpeg/70bc0e8c0b8a06f2865950106bd4e9e1 0 0 0 0 0 1
train_jpeg/7115757536c23160b8aed5f2f41c9f50 0 0 0 0 0 1
train_jpeg/711b90c1ee418c02b20c6440c2c268ad 0 0 0 0 0 1
train_jpeg/71252b7e2b0db1060efa8e2015919978 0 0 0 0 0 1
train_jpeg/71dc79a8d7a6d7c60e1199810f708213 0 0 0 0 0 1
train_jpeg/71e10644f08c83fb33735cee1c32d63a 0 0 0 0 0 1
train_jpeg/722fbf1843a44a0293b4963a7690c285 0 0 0 0 0 1
train_jpeg/723dab9b702a26b38d56a985f258ff2b 0 0 0 0 0 1
train_jpeg/727a6fa6f34e675b621f4a57cfdf0c21 0 0 0 0 0 1
train_jpeg/7289160240bb58ab1f37c92988cfb22c 0 0 0 0 0 1
train_jpeg/72ef228f7d1a1b6d79a03bce363cdc15 0 0 0 0 0 1
train_jpeg/73032fc093c0339da389399e3312c1b8 0 0 0 0 0 1
train_jpeg/7379b320791eb6f9d422fdd89c805dd9 0 0 0 0 0 1
train_jpeg/7381f41079bceda3449f07a94425572f 0 0 0 0 0 1
train_jpeg/7389cf605a4839265f77d118588869ff 0 0 0 0 0 1
train_jpeg/73b9a39ebb5e44d41227b570a19efd2f 0 0 0 0 0 1
train_jpeg/73b9c94ef97a3dfb27f01bd4d03af1d0 0 0 0 0 0 1
train_jpeg/73ceb7e9d4f1e6737ae3e1b905bec1c1 0 0 0 0 0 1
train_jpeg/73eabfe42f6208430a65c9a9b1f00d0d 0 0 0 0 0 1
train_jpeg/73ef14aecb3e3f53d36a01014172f9bf 0 0 0 0 0 1
train_jpeg/74020b6dc972ca270c3ab6887efff81f 0 0 0 0 0 1
train_jpeg/740525a4f74bc0d26639eecd2ea0e6d9 0 0 0 0 0 1
train_jpeg/743a46dd89fd4220a74d04526aa42453 0 0 0 0 0 1
train_jpeg/743aaed5bbd2ae6c4b0dcbaa53671700 0 0 0 0 0 1
train_jpeg/749edbd991a6af4ffd0012ed39a316f3 0 0 0 0 0 1
train_jpeg/74d78dbf6b21920aad4fda30194cae15 0 0 0 0 0 1
train_jpeg/75343f262204d784857b6b675a923cd7 0 0 0 0 0 1
train_jpeg/757508700b40b6498c67a396db7b869c 0 0 0 0 0 1
train_jpeg/758ecebbb7d3da26eeadc428aafc991b 0 0 0 0 0 1
train_jpeg/75995c86e52687dba5e5335896cec6b1 0 0 0 0 0 1
train_jpeg/75b23d1c0eac9ac8f390ec7a77c1ea89 0 0 0 0 0 1
train_jpeg/75b340093c4354cc2e247f8bda3635e1 0 0 0 0 0 1
train_jpeg/75be37d48999ddb3d534c634fd87deb4 0 0 0 0 0 1
train_jpeg/75f21e6edd093efabea19a5d6a756d25 0 0 0 0 0 1
train_jpeg/75f607dc3da03725d98c522e7284a635 0 0 0 0 0 1
train_jpeg/75fc98faf4b1fe70286b5ad5fc39365b 0 0 0 0 0 1
train_jpeg/760af980f4ad1ef40a517cf7e005ea1b 0 0 0 0 0 1
train_jpeg/76361414f9d428ca7556a8be3387f4d3 0 0 0 0 0 1
train_jpeg/76890e5a55be1076e0e4367b1a2b35db 0 0 0 0 0 1
train_jpeg/768a7d452af7e32e52a9b183a7987319 0 0 0 0 0 1
train_jpeg/7697870baf98bae71d55f65bd7aa197c 0 0 0 0 0 1
train_jpeg/76a40c2762929270c0282d0cc6265da5 0 0 0 0 0 1
train_jpeg/76bd6d60f495982df348eaf871cf2025 0 0 0 0 0 1
train_jpeg/76efe4fb7983661f924e25eb3d65f4f8 0 0 0 0 0 1
train_jpeg/7724a195f7c9e13ad2e08a4dde1d2a7a 0 0 0 0 0 1
train_jpeg/77265c77250102d445a81ac038dd8526 0 0 0 0 0 1
train_jpeg/77694248815e59abca6fa327b40f4343 0 0 0 0 0 1
train_jpeg/77ab2dd882c4d214f19ddeb9e5ef62b9 0 0 0 0 0 1
train_jpeg/77b840d6d8fcce0d2a5595d64eb1caab 0 0 0 0 0 1
train_jpeg/77c56551375e4c0823a042fdf3d226a1 0 0 0 0 0 1
train_jpeg/77c758ab280d0320271498ffd0670f13 0 0 0 0 0 1
train_jpeg/78bdca408b6d24122969828fef1510a1 0 0 0 0 0 1
train_jpeg/78e42664425e6d7daf3bb21060580abf 0 0 0 0 0 1
train_jpeg/78e74c1de02fd646c20b2f46d22a4ae5 0 0 0 0 0 1
train_jpeg/793a364da23e0939a38d82c44629f95d 0 0 0 0 0 1
train_jpeg/793ba06574de2325cdfcbe7a8c2efebf 0 0 0 0 0 1
train_jpeg/7960b5c77707fc5969a74c387b071276 0 0 0 0 0 1
train_jpeg/796b5b8d7662551bc39713015b921deb 0 0 0 0 0 1
train_jpeg/796d14acc8bc0139572308bacfa65e66 0 0 0 0 0 1
train_jpeg/798092282e85a62211d854529e2f121f 0 0 0 0 0 1
train_jpeg/79f735f403c0e56c79e74caf95e4ddf7 0 0 0 0 0 1
train_jpeg/7a293252be89795118fdf620def0c098 0 0 0 0 0 1
train_jpeg/7a854c20e3cead0d27d02a19ac1bc88a 0 0 0 0 0 1
train_jpeg/7aa30652e80d6dbc493fe3b7f9a7440f 0 0 0 0 0 1
train_jpeg/7ac8d9cc904a2336a32f4d82a853af87 0 0 0 0 0 1
train_jpeg/7b16695af0a7d5554e1929c900678d53 0 0 0 0 0 1
train_jpeg/7b204e574fe9a08319c5001a7caf3392 0 0 0 0 0 1
train_jpeg/7b2cf1bd949076aafc9ea483aa7dae47 0 0 0 0 0 1
train_jpeg/7b453829a8abc97cc04e86899c71f357 0 0 0 0 0 1
train_jpeg/7b57e4a8887de70a56cd8e602de6ef81 0 0 0 0 0 1
train_jpeg/7b7db13001d2097015ac25661ffaee3b 0 0 0 0 0 1
train_jpeg/7b9b793a911c9bc192d550cc6b2b257b 0 0 0 0 0 1
train_jpeg/7bd33c1ffde27089500d1a6b63e8395b 0 0 0 0 0 1
train_jpeg/7c1874e73e85727a0a12139add66bfa6 0 0 0 0 0 1
train_jpeg/7c31bfbc975f78cf311e7bd4d2f4c040 0 0 0 0 0 1
train_jpeg/7c5b494a527957a9546a926623fd18a4 0 0 0 0 0 1
train_jpeg/7c799df17fd662ecd3a03dccda564e39 0 0 0 0 0 1
train_jpeg/7c8b09a80f670cc27aff68ec0da9e79b 0 0 0 0 0 1
train_jpeg/7c9d52b0b094b37a3e6e520d3882f341 0 0 0 0 0 1
train_jpeg/7cc225635978624e80fb412cfdf3ca6d 0 0 0 0 0 1
train_jpeg/7cca8d1dcf2559732dced3f19352b3bd 0 0 0 0 0 1
train_jpeg/7cd5b8c196d506b6a1040873bf0472f0 0 0 0 0 0 1
train_jpeg/7cd744553edddae9915bc1d28fe5831a 0 0 0 0 0 1
train_jpeg/7d1d6c683513c07e91b0f5342a9e2cdc 0 0 0 0 0 1
train_jpeg/7d4940733683a6d22629de9b8c4c0a23 0 0 0 0 0 1
train_jpeg/7d5d5cc46b28fcdd523cdfa8f8f81a7e 0 0 0 0 0 1
train_jpeg/7d73640c06cf3a247cf7157f3f7bcaac 0 0 0 0 0 1
train_jpeg/7d81097abb361c654af1dae050f0db10 0 0 0 0 0 1
train_jpeg/7da758a6be4d9129a20237e60dfa9d20 0 0 0 0 0 1
train_jpeg/7df38705630773129c9d34e937bfff23 0 0 0 0 0 1
train_jpeg/7e11852817d06bf90446c6030d3ab8c8 0 0 0 0 0 1
train_jpeg/7e210478a7d689a4d4bc12447b9f7d96 0 0 0 0 0 1
train_jpeg/7e2568db8a7ae1bbac388235494a9588 0 0 0 0 0 1
train_jpeg/7e2d24cf341f0969d7cc98455c2ffd3f 0 0 0 0 0 1
train_jpeg/7e31692c6e1768cb226f77376dcd4e82 0 0 0 0 0 1
train_jpeg/7e654a20f77fd1d6d902cb78f4c779e6 0 0 0 0 0 1
train_jpeg/7e86413ea7e9b826ab1c058a417f3a60 0 0 0 0 0 1
train_jpeg/7e8a3b0d2ab003b958a70264fccb2d43 0 0 0 0 0 1
train_jpeg/7ed24ce6b41f8756cc9cd5fc6a669e14 0 0 0 0 0 1
train_jpeg/7ed785a857df71b0d131736b7f64f6cb 0 0 0 0 0 1
train_jpeg/7ede71d5a837290b35827de9f1a77fb4 0 0 0 0 0 1
train_jpeg/7ef33b98e713d60a55e8d7003abdad14 0 0 0 0 0 1
train_jpeg/7efaadf8edae89fab65a9c71be3dd198 0 0 0 0 0 1
train_jpeg/7f3bc37df76505eeb37bec4a0bc3b945 0 0 0 0 0 1
train_jpeg/7f3e0ac2d75bcf28ff324385da5ff3f9 0 0 0 0 0 1
train_jpeg/7f4f51999d3e6d959add08ac28be1da4 0 0 0 0 0 1
train_jpeg/7f965a82e68c0c4fac92c34dd1429d56 0 0 0 0 0 1
train_jpeg/7fa17c3aa13eedde711e3d8a27b31240 0 0 0 0 0 1
train_jpeg/7fb1c0715ef9b16815240f23b949a692 0 0 0 0 0 1
train_jpeg/7fcc22d964a500fdf1b82a9bea30c301 0 0 0 0 0 1
train_jpeg/7ffafd2382a0c549bc1f32b9041bcbc1 0 0 0 0 0 1
train_jpeg/8056906397ecb008b90079dd52617a76 0 0 0 0 0 1
train_jpeg/805ec3e0f90695eef0842565fb6302ef 0 0 0 0 0 1
train_jpeg/80aa443cf88fc47ee04ba51888c78fc1 0 0 0 0 0 1
train_jpeg/80b905dc80e6d1a12a6d46ec0555a5cf 0 0 0 0 0 1
train_jpeg/812d2563bd6a37a35577e7098ff0ed9d 0 0 0 0 0 1
train_jpeg/813baea3385e698664e12a7bd3d1ff51 0 0 0 0 0 1
train_jpeg/814f827e7a880b60b0ab01a9a9335b15 0 0 0 0 0 1
train_jpeg/817156a6b23080b1a200ec0b0a2f36c2 0 0 0 0 0 1
train_jpeg/81926e991b8cfac176b5d10953675440 0 0 0 0 0 1
train_jpeg/81d5078514208a60ffd8835b032872f7 0 0 0 0 0 1
train_jpeg/822052eadcb828ee0427bd1257fbe958 0 0 0 0 0 1
train_jpeg/82301a63ef6e2e72224f045f25885e65 0 0 0 0 0 1
train_jpeg/8247693176745ce4b49fb7079af038b1 0 0 0 0 0 1
train_jpeg/826cff99f07a59af9eca51ff161f1e08 0 0 0 0 0 1
train_jpeg/828f0b1c0bdfa274f59abdb3291ad911 0 0 0 0 0 1
train_jpeg/82a054b42d1819ce1db9308915d843d1 0 0 0 0 0 1
train_jpeg/82a4c0bdccef102a1504accb1df36b82 0 0 0 0 0 1
train_jpeg/82abfb14f5005512eeb5a75b0cd5bae2 0 0 0 0 0 1
train_jpeg/82c698a75d34ce3565c446a5270d136e 0 0 0 0 0 1
train_jpeg/82d8aaeb60f7f51d326ae204abe11d6f 0 0 0 0 0 1
train_jpeg/82dda789847403a8544ad1e6928571bf 0 0 0 0 0 1
train_jpeg/82f9cc0e4e10aab95d3bcf30e881e47b 0 0 0 0 0 1
train_jpeg/83097951c760542005c60c9e149235af 0 0 0 0 0 1
train_jpeg/8324588d3eb72a19dd6dee89c3287969 0 0 0 0 0 1
train_jpeg/8334ec77ae89a19bbe944deae4338769 0 0 0 0 0 1
train_jpeg/833700d99ce535ab4642e0f3f8125483 0 0 0 0 0 1
train_jpeg/833f94f56f221b680abacaae823624f1 0 0 0 0 0 1
train_jpeg/8355a97b5adf6ed2baa581c37486248b 0 0 0 0 0 1
train_jpeg/837cb5b62829e6ebe3e52af512f2e4d3 0 0 0 0 0 1
train_jpeg/837cd0d7ea14a468fbd24f63d2d9c0c6 0 0 0 0 0 1
train_jpeg/83a177262aeb002703fb62d5694051f6 0 0 0 0 0 1
train_jpeg/83f9aa2772351d537bf799a0f5d8b8f8 0 0 0 0 0 1
train_jpeg/83fbff8c7d3d607f2d3bdf88e7548e77 0 0 0 0 0 1
train_jpeg/8419a549ed9ffd890a0354a0d4eac83f 0 0 0 0 0 1
train_jpeg/8467de56fc7781d90c71ad74ffaa2ed1 0 0 0 0 0 1
train_jpeg/84e091e3362ea2e10f11c790f89fc033 0 0 0 0 0 1
train_jpeg/84fe236b6e242fd16ee90fbd9fbf0c26 0 0 0 0 0 1
train_jpeg/85147383ee37e31e6e6433e12d14ae24 0 0 0 0 0 1
train_jpeg/853619e73f96b4df89652afada64a151 0 0 0 0 0 1
train_jpeg/853bf3ecc3b0edfb21575723d148d68e 0 0 0 0 0 1
train_jpeg/854079ff7c24d428b28fe5992c9f5a41 0 0 0 0 0 1
train_jpeg/8548173ae67c183f929eb7a5d0e5fc06 0 0 0 0 0 1
train_jpeg/85881064c18934f9f13c48bca2482876 0 0 0 0 0 1
train_jpeg/85deeb4debca92e97d620238c769db4c 0 0 0 0 0 1
train_jpeg/8642425b9956784deaec54a2f895504e 0 0 0 0 0 1
train_jpeg/8668dfb3c405922dd87bafcb67faf989 0 0 0 0 0 1
train_jpeg/86984d1ecdd9e307ef38f06eada3e494 0 0 0 0 0 1
train_jpeg/86999ecd6a24bdeee4f4abaedc058ae4 0 0 0 0 0 1
train_jpeg/86b72a9c5e2981df08ac13101f5055bf 0 0 0 0 0 1
train_jpeg/86b811f50177ab16c380281784e7f21e 0 0 0 0 0 1
train_jpeg/86bee6a64c8148fe1e08012b9f8ebbce 0 0 0 0 0 1
train_jpeg/86c73ca25d60bc133aeb717d3962243f 0 0 0 0 0 1
train_jpeg/86d63bea08d4567c56d10107b54048fd 0 0 0 0 0 1
train_jpeg/86e2b226f3234397d9f7f3f2915c803d 0 0 0 0 0 1
train_jpeg/870dd6c4f5ce36cd38983795253a020a 0 0 0 0 0 1
train_jpeg/871f50e5eb6df22069dbd23eca0ceaed 0 0 0 0 0 1
train_jpeg/872604dc857534985da9501c4720cadd 0 0 0 0 0 1
train_jpeg/87338831ec1c16676d1fae3f33346fb4 0 0 0 0 0 1
train_jpeg/874293e652f872c8cfd0db737e797afd 0 0 0 0 0 1
train_jpeg/87570b3c82a465a8da9836e5a1e8c7a5 0 0 0 0 0 1
train_jpeg/8766c893e8db0ac33f5a57ae6f270bfb 0 0 0 0 0 1
train_jpeg/876e0e60b0f341008d3b3d327fe79e17 0 0 0 0 0 1
train_jpeg/876e41e8261b265474fb8989b2233a0f 0 0 0 0 0 1
train_jpeg/877a837c61af6376f7e158d5ef4977f8 0 0 0 0 0 1
train_jpeg/878388e79ebdbc0af00dcda00431854a 0 0 0 0 0 1
train_jpeg/87b2d8a5c90b757b528f9f84421e024a 0 0 0 0 0 1
train_jpeg/88269fab0e6f26be07c3b6a8f566b845 0 0 0 0 0 1
train_jpeg/8843bf18d7fc51c9389e414c28237333 0 0 0 0 0 1
train_jpeg/884ce4004c20c987bdfa1ecc2ce99343 0 0 0 0 0 1
train_jpeg/886a47df44638ed409c9304005fd032a 0 0 0 0 0 1
train_jpeg/887361080ccbd381147d15c8da41eca4 0 0 0 0 0 1
train_jpeg/8885de5e3a1e90858a93474194809284 0 0 0 0 0 1
train_jpeg/889aec2f37118376fa38a9f7b5a6848b 0 0 0 0 0 1
train_jpeg/88a0fc325ec32af4b89a4482835edf9d 0 0 0 0 0 1
train_jpeg/88d3313ebc31ea8deb76d8fe65e8a326 0 0 0 0 0 1
train_jpeg/88e65ae7a565c8e0545b7a4b9604a7b7 0 0 0 0 0 1
train_jpeg/89068be45da02828aa9841f9901c845f 0 0 0 0 0 1
train_jpeg/8907ce5324b2401c4a07cd8a5e0108c1 0 0 0 0 0 1
train_jpeg/8914053ee5af383125e6375e56067cc3 0 0 0 0 0 1
train_jpeg/8930287e5b8e10afd7e6342625c232e6 0 0 0 0 0 1
train_jpeg/8946979e4612e3ca20b61bef83c33429 0 0 0 0 0 1
train_jpeg/89acbb60d138942b60b35bdc0fbb285a 0 0 0 0 0 1
train_jpeg/89bc071fbcf2be21ac659b213ee0f40d 0 0 0 0 0 1
train_jpeg/89d4a88b244a0a0d67c9aae4f597f6fa 0 0 0 0 0 1
train_jpeg/89e5cd934756ddb7c57542116918caed 0 0 0 0 0 1
train_jpeg/89fbe02e0d7f8fc97ae98614a012301b 0 0 0 0 0 1
train_jpeg/89ffa015af2b8418d8f503c0b65c75f2 0 0 0 0 0 1
train_jpeg/8a04279a3f39ab448af01bf8121c5603 0 0 0 0 0 1
train_jpeg/8a0c078a924f9edcdbd55f8f40cbc66c 0 0 0 0 0 1
train_jpeg/8a352d81c1b4c05e404eb34be4082022 0 0 0 0 0 1
train_jpeg/8a65fe88a390229d50b825410843bdfa 0 0 0 0 0 1
train_jpeg/8a7616fc1f9668d60dbd6a283edb66a6 0 0 0 0 0 1
train_jpeg/8a9b4de41d7072d9bb36cb21150dcc1d 0 0 0 0 0 1
train_jpeg/8acd848d8cf4df219a5b49e0cc895805 0 0 0 0 0 1
train_jpeg/8af0e69c0ba5cfc3518eed6af82f5e20 0 0 0 0 0 1
train_jpeg/8b1ffb51d670570e44e8ac5c17da3a55 0 0 0 0 0 1
train_jpeg/8b4855b07f69b10959e371180f322908 0 0 0 0 0 1
train_jpeg/8b4d5c40cadb0b8b8c10f01c0deadad9 0 0 0 0 0 1
train_jpeg/8b57f0531ca5bebdabfcfb5e2b531358 0 0 0 0 0 1
train_jpeg/8b79646aeafb4629d7fe321ffda41cc2 0 0 0 0 0 1
train_jpeg/8b9c0adc878f893db767270124905eb0 0 0 0 0 0 1
train_jpeg/8bac8f42324ee717084435735988158f 0 0 0 0 0 1
train_jpeg/8bb0d797ad620ae886bd7c6d9a0ce487 0 0 0 0 0 1
train_jpeg/8c148f848e65fcc3c3259e5718b0972a 0 0 0 0 0 1
train_jpeg/8c721b62fb7e987b743b1b59b984caec 0 0 0 0 0 1
train_jpeg/8c7eb3d731e34da4e41619dd80a1a429 0 0 0 0 0 1
train_jpeg/8c855300b3d2796a86ad35851c1dea5b 0 0 0 0 0 1
train_jpeg/8c89c64a8b401ad7bee1fd6e3cfae1ad 0 0 0 0 0 1
train_jpeg/8ce6c7dde1ae91258e671bd86f665332 0 0 0 0 0 1
train_jpeg/8cff1d0d83131cdb17a7ee37f046f730 0 0 0 0 0 1
train_jpeg/8d50372688dee34992b6b39fd237cf25 0 0 0 0 0 1
train_jpeg/8da36a523c6b7ccc9f3589a4d129c96d 0 0 0 0 0 1
train_jpeg/8dbef14d6af9af488da9b10964bb5662 0 0 0 0 0 1
train_jpeg/8ddbe682c5955f5e3081dc92e0b46a82 0 0 0 0 0 1
train_jpeg/8e488f665a7c5b87299de991ba38ac5a 0 0 0 0 0 1
train_jpeg/8e921254be96be78069a3f9eb658b325 0 0 0 0 0 1
train_jpeg/8eef9b4b8fb6ad366dbd00b813e90682 0 0 0 0 0 1
train_jpeg/8f1f185de203af24c84881161f025820 0 0 0 0 0 1
train_jpeg/8f2d4606bb980cd820b019e38365ad78 0 0 0 0 0 1
train_jpeg/8fa496b4476b2c19967ac0a541588042 0 0 0 0 0 1
train_jpeg/8fb4566125cd72a102b6971c6c35ac67 0 0 0 0 0 1
train_jpeg/8fe7b044791ba0247153af255b0cccc9 0 0 0 0 0 1
train_jpeg/8ffeda5645b9d3d6912bef96bbe094ed 0 0 0 0 0 1
train_jpeg/900809f90cb65b6fa2615c805e173f39 0 0 0 0 0 1
train_jpeg/900a59a0a1b45b4596687dc929fcac29 0 0 0 0 0 1
train_jpeg/90253b208f6e77f8b4019b87438f0877 0 0 0 0 0 1
train_jpeg/904f6c3dba146c39df233e796a591424 0 0 0 0 0 1
train_jpeg/905f11acc403294e0657e667e13af69f 0 0 0 0 0 1
train_jpeg/9092294b64f0c5094798dde81e2b123b 0 0 0 0 0 1
train_jpeg/909c2b9446f6c9613c2975c9eb66bee0 0 0 0 0 0 1
train_jpeg/90b3ea11c2310559980291906a336d02 0 0 0 0 0 1
train_jpeg/90b63b403a6ebea8956f70db3818f40f 0 0 0 0 0 1
train_jpeg/90bee1dab151fe98c962ac6fc289bd92 0 0 0 0 0 1
train_jpeg/90e1fbc0db9ccc017d388b1b4507e08b 0 0 0 0 0 1
train_jpeg/913386914d3d68400a45e88f7f2e8d4d 0 0 0 0 0 1
train_jpeg/913401d3aa63fb05e9731e4f0230e144 0 0 0 0 0 1
train_jpeg/914ed8e72c817257d39a616c5b2c2a42 0 0 0 0 0 1
train_jpeg/91575a3ed777320bf7e964e5d5146d10 0 0 0 0 0 1
train_jpeg/915a9e93eb85584d74397f15f7a45755 0 0 0 0 0 1
train_jpeg/9163c1b53f6cef4006d0169ee3b24886 0 0 0 0 0 1
train_jpeg/919c823190b3fbfdb8e921dbb0875737 0 0 0 0 0 1
train_jpeg/91fa315ce11cbf3610f1f05d9e47cc1f 0 0 0 0 0 1
train_jpeg/9201324ab7bec3e6e853cc0584420132 0 0 0 0 0 1
train_jpeg/92944cc3f78d93831f23ed1cee9440f9 0 0 0 0 0 1
train_jpeg/92aae34a06d6449de924ff4932659512 0 0 0 0 0 1
train_jpeg/92b05db1fd21b54ff131ce0632e0f3da 0 0 0 0 0 1
train_jpeg/92b9035b68cb83cbbb36e33c9f195e58 0 0 0 0 0 1
train_jpeg/92cc30a7b5c2313edfdda6f35aaaeb3a 0 0 0 0 0 1
train_jpeg/92dc3338237be8788f0923046be4f657 0 0 0 0 0 1
train_jpeg/931998523559e8e97d548cfff09454a6 0 0 0 0 0 1
train_jpeg/93412e625969f373cc62e6fd703d49db 0 0 0 0 0 1
train_jpeg/9341bf20527e1792a69a8a47e714c9db 0 0 0 0 0 1
train_jpeg/9351770c409c11a8fae35119d1650f85 0 0 0 0 0 1
train_jpeg/936fd5cff1c058d39817a08f58b72cae 0 0 0 0 0 1
train_jpeg/938cba62e00067864efaadbec85738e8 0 0 0 0 0 1
train_jpeg/938ce965d372654fbfcc844ecd3e77ca 0 0 0 0 0 1
train_jpeg/939f505024eade50a8dd7de87dc26146 0 0 0 0 0 1
train_jpeg/93e7c09709c24316def5cef029b6d3f4 0 0 0 0 0 1
train_jpeg/93f02f17536af0ee36d448146d4b7519 0 0 0 0 0 1
train_jpeg/947ace0066ac4f63b8274c33e030f688 0 0 0 0 0 1
train_jpeg/94b51f579a51cf701f6406ef68ce379f 0 0 0 0 0 1
train_jpeg/94c681d8fed39d275b4a0db2a914fb6d 0 0 0 0 0 1
train_jpeg/94f18eae60c71594111c72ec5d2b1cfd 0 0 0 0 0 1
train_jpeg/954ba15a1e8ab492c5b7ddfc2a48653e 0 0 0 0 0 1
train_jpeg/9550a9bd0f5a9c89b096778dee669dfc 0 0 0 0 0 1
train_jpeg/9561bf8f8c47cf0af8bec8f6a268e15b 0 0 0 0 0 1
train_jpeg/95625401433eba6be4112e9a6f4fb55a 0 0 0 0 0 1
train_jpeg/956968f00cae86775c7b54bdc9f8ec0e 0 0 0 0 0 1
train_jpeg/957a7eda245907e598e19969e0b1fece 0 0 0 0 0 1
train_jpeg/95d225169091ca8b9806f685af6c8071 0 0 0 0 0 1
train_jpeg/95e2ffe2123e26e29df641f22d01b645 0 0 0 0 0 1
train_jpeg/9632d2ebf7c543529f7913e6ab84effd 0 0 0 0 0 1
train_jpeg/963872d05be710e5a6ad570cb216a3fb 0 0 0 0 0 1
train_jpeg/965a988dca32e8d9295b8307c997121d 0 0 0 0 0 1
train_jpeg/96738de1b65f317a199da8d994dabab3 0 0 0 0 0 1
train_jpeg/968f1c8478d5ff4ac36c412526b8f00e 0 0 0 0 0 1
train_jpeg/9696f133b6337e31d8961638df6d89af 0 0 0 0 0 1
train_jpeg/9699c27f3c10c27d6eb0d25fcbefdd9c 0 0 0 0 0 1
train_jpeg/969a6f6bc674aeec4a1c55671e2d2db2 0 0 0 0 0 1
train_jpeg/96a1f3e3ab6a69eafae6f46b130432ec 0 0 0 0 0 1
train_jpeg/96e5aa6409c3f223eb607e831553d18a 0 0 0 0 0 1
train_jpeg/972883603a2d4af98176583261a2f334 0 0 0 0 0 1
train_jpeg/9757c977ba527a1ad244512136a52825 0 0 0 0 0 1
train_jpeg/976db13989f93d1e6d866ed798ef839b 0 0 0 0 0 1
train_jpeg/978aac9419e5145086523be16545e55a 0 0 0 0 0 1
train_jpeg/97e7276b10b2caca2a37aa6dba180185 0 0 0 0 0 1
train_jpeg/9802dac0c641057a92a761cb932324e2 0 0 0 0 0 1
train_jpeg/98208732f003e00ccf58812626d5e299 0 0 0 0 0 1
train_jpeg/9870bcb3e4c078c7ed4c8b0cf61bf6ff 0 0 0 0 0 1
train_jpeg/98a4e71a168d133927c15bf51c134f65 0 0 0 0 0 1
train_jpeg/98a986ffb0c71be58c4cb4d63b9e3b24 0 0 0 0 0 1
train_jpeg/98b814ce7b4c39023aac582fa4aadc5f 0 0 0 0 0 1
train_jpeg/98bcf8a5a978b5941428e15bd767f6ba 0 0 0 0 0 1
train_jpeg/992d78f7d7396581dedf62938ded80aa 0 0 0 0 0 1
train_jpeg/9953486a2c0ecb9c88cc9d7dc3ee553c 0 0 0 0 0 1
train_jpeg/995c671dc373b8d7347ce89d52e1f243 0 0 0 0 0 0
train_jpeg/996589592a0f854d6aeefa817f76ffde 0 0 0 0 0 1
train_jpeg/997f396702dd6b3a3a55162f9a3e93c6 0 0 0 0 0 1
train_jpeg/99a6743fa1b152cd6faae6e2966a01bd 0 0 0 0 0 1
train_jpeg/99d0ba8b769b1c6a200373a92c00a1bd 0 0 0 0 0 1
train_jpeg/99e4e092691d470c1dc2f2c76481be4c 0 0 0 0 0 1
train_jpeg/9a5ec95afafade65db1940a5720bad0a 0 0 0 0 0 1
train_jpeg/9aaad679f0d7423c46f59dcca7972ccc 0 0 0 0 0 1
train_jpeg/9af0c589acd7aaeb91faa73a655ee85d 0 0 0 0 0 1
train_jpeg/9af4aed4c46bc912ca61a98833359db3 0 0 0 0 0 1
train_jpeg/9b1a8453f115678339ce47032b395ddd 0 0 0 0 0 1
train_jpeg/9b1dc381c4d751e0fdeff85fbf311276 0 0 0 0 0 1
train_jpeg/9b25060c87d1fb1957d15576eb1bffd0 0 0 0 0 0 1
train_jpeg/9b28fda49336cf7ba76cda9ce9ffef1e 0 0 0 0 0 1
train_jpeg/9b76f5ad4a5fb378274c64230db6ff30 0 0 0 0 0 1
train_jpeg/9b83a56dc19255317dd9e01000c2c6d6 0 0 0 0 0 1
train_jpeg/9b85b7ef757927db44393d03083a757c 0 0 0 0 0 1
train_jpeg/9be61bf3195eb870f577362498d8697c 0 0 0 0 0 1
train_jpeg/9bea5cf45dd01f201a57783067925543 0 0 0 0 0 1
train_jpeg/9bf1a81e6aebf87a3aa8eeb569dc9457 0 0 0 0 0 1
train_jpeg/9bf6aeddf47073ba9f3fb8bbddd67b5a 0 0 0 0 0 1
train_jpeg/9bfa65d97f620c8306106777d5cc788c 0 0 0 0 0 1
train_jpeg/9c0b694e2e4234c6dc7b6acde3251996 0 0 0 0 0 1
train_jpeg/9c6dd02f9203ff0c78cedc7622c90f77 0 0 0 0 0 1
train_jpeg/9c97879104a2512c8b8f84e833594cd9 0 0 0 0 0 1
train_jpeg/9cba24255e172b86d0ad17c06c1d4e8c 0 0 0 0 0 1
train_jpeg/9ce6a1e4d900f5bea08546e46179dbe2 0 0 0 0 0 1
train_jpeg/9d08785c39241414b688666eadc627e4 0 0 0 0 0 1
train_jpeg/9d109b2a0813f24df26b7e0d8820117d 0 0 0 0 0 1
train_jpeg/9d78bfe4df5aa3ba04c68ac0373d3470 0 0 0 0 0 1
train_jpeg/9da10c35993dacbb939b17bc65e31e2e 0 0 0 0 0 1
train_jpeg/9dcbc84755c3325cea6d41bd83803289 0 0 0 0 0 1
train_jpeg/9dd1d50bb89f2e149f8df8adaadeb7bb 0 0 0 0 0 1
train_jpeg/9ddc082081a79f748fc6e16fcf52e1ac 0 0 0 0 0 1
train_jpeg/9e0e88a415054f3153c10336ae1f996c 0 0 0 0 0 1
train_jpeg/9e425b61222cdcc8f2ff75f588e7c5c2 0 0 0 0 0 1
train_jpeg/9e49df9941c99c07abacb337a7fefb20 0 0 0 0 0 1
train_jpeg/9e49f533644e1cc010211f75fc3c0ea2 0 0 0 0 0 1
train_jpeg/9e720bf8ca2837f4188c555b54ef1ba4 0 0 0 0 0 1
train_jpeg/9e79e1dffb46e347099416f60b2b38c9 0 0 0 0 0 1
train_jpeg/9ea208ca834a15b0c0f43cde77e61927 0 0 0 0 0 1
train_jpeg/9ec62f1db622bfc39c57b79e9878cdfc 0 0 0 0 0 1
train_jpeg/9ed791871255da9b06dca81711f3f007 0 0 0 0 0 1
train_jpeg/9efc64e88639ed5e12dcb0a543fd7ac0 0 0 0 0 0 1
train_jpeg/9f37a81287f4f896756f0324f6b91a27 0 0 0 0 0 1
train_jpeg/9f6515eac1d5043d511068bd757a17e1 0 0 0 0 0 1
train_jpeg/9f6984d26939d61b940a271cb98875c0 0 0 0 0 0 1
train_jpeg/9fe9aeb925c5187479ca1bf325040a65 0 0 0 0 0 1
train_jpeg/9feaa80fe5166e87af68fcab302c7ae6 0 0 0 0 0 1
train_jpeg/a01b22e5918e02e376264331f695db32 0 0 0 0 0 1
train_jpeg/a061b8623f5e37358904f27e6f1c83d3 0 0 0 0 0 1
train_jpeg/a0baadcd9c48b50c772bd36e727eb573 0 0 0 0 0 1
train_jpeg/a0f4e17fe29b213326aad37316f5f5d2 0 0 0 0 0 1
train_jpeg/a12d7581c038cab72dd46a87ca8f69d8 0 0 0 0 0 1
train_jpeg/a1baf8234b5c597e8c2a029d3d5372ad 0 0 0 0 0 1
train_jpeg/a1e2ef3ddab1424e24479cb95501e667 0 0 0 0 0 1
train_jpeg/a1f50fad23e62e8fff2a5fdc2790a766 0 0 0 0 0 1
train_jpeg/a1faed880dcdf84e3e3ada546a409311 0 0 0 0 0 1
train_jpeg/a1ff670c6ac3aff12d0b5259a998654e 0 0 0 0 0 1
train_jpeg/a24f5be09edc59b298909b7353ee90af 0 0 0 0 0 1
train_jpeg/a259009c4eeacf9ccf4f8db4bf3e7714 0 0 0 0 0 1
train_jpeg/a25c8aab1ffce568f063ad78b34bd708 0 0 0 0 0 1
train_jpeg/a27e1e410b8781494e724ea338af4425 0 0 0 0 0 1
train_jpeg/a2dc602b1882fc33e021c0c63c87aec7 0 0 0 0 0 1
train_jpeg/a3203e3b4fc2eb46b52f8b7e5868e3aa 0 0 0 0 0 1
train_jpeg/a32b7dda1d8213b13a45d891997cfd9d 0 0 0 0 0 1
train_jpeg/a34df5cd013e6554d552cb6e8d80602a 0 0 0 0 0 1
train_jpeg/a3577d20d56e4a570fd9f87c30150ff3 0 0 0 0 0 1
train_jpeg/a35a4978cd50f173d7c8edf7d7eabf83 0 0 0 0 0 1
train_jpeg/a3cc87890d8f16a5bb6df4dc384d2e3c 0 0 0 0 0 1
train_jpeg/a3cdec3bcaee8dcd461e83d2ecbc95b1 0 0 0 0 0 1
train_jpeg/a3d428f36ac297f2fa047e5ae87278f5 0 0 0 0 0 1
train_jpeg/a3ec50a3bc0cabd900f3ad404d176422 0 0 0 0 0 1
train_jpeg/a3fbcbd433c86cf2e93320884219aa99 0 0 0 0 0 1
train_jpeg/a3fc0d1857da6835ac10a5149e1d02f7 0 0 0 0 0 1
train_jpeg/a3fdd37884dd4be6cdd31230af22b3f1 0 0 0 0 0 1
train_jpeg/a40dd07c44e81c89d5b87e04d4189bba 0 0 0 0 0 1
train_jpeg/a41a7b67cb8b8be58c3debae5c40c676 0 0 0 0 0 1
train_jpeg/a43c810e2146200eb9680c18ba885aeb 0 0 0 0 0 1
train_jpeg/a4543a05ecc5bc8ce35c5f0882f1c44a 0 0 0 0 0 1
train_jpeg/a4843f51fdfdc62754b9c68701f9db61 0 0 0 0 0 1
train_jpeg/a4ad3a5adfa6a22174acffb59997e1ee 0 0 0 0 0 1
train_jpeg/a4af74fcb9ab6871e5a2d0521c3a61f9 0 0 0 0 0 1
train_jpeg/a4bb479ad1e617ee660120484af30947 0 0 0 0 0 1
train_jpeg/a4bc2e88a21b0cc1bb3a7b6645c739f2 0 0 0 0 0 1
train_jpeg/a4e863eef2e5e47285839e099a267769 0 0 0 0 0 1
train_jpeg/a507060152318fbedefec4a5d8071556 0 0 0 0 0 1
train_jpeg/a50d02242373c8d2da781ee7f0f9373b 0 0 0 0 0 1
train_jpeg/a5157bc3c5dfce27ae3f813f8e75df74 0 0 0 0 0 1
train_jpeg/a539d2434bb758c913a63b7512962eb8 0 0 0 0 0 1
train_jpeg/a55870e18b1417f33b4d544c5893fe59 0 0 0 0 0 1
train_jpeg/a5a023470e0183f469d629ff1b79d03d 0 0 0 0 0 1
train_jpeg/a5a77ddfdb5fe27206c524134a27ff4f 0 0 0 0 0 1
train_jpeg/a5e7120a925b3f1c1067b5121c09171f 0 0 0 0 0 1
train_jpeg/a655a71a3cddecea703e954e8e23cccc 0 0 0 0 0 1
train_jpeg/a6693a65e662a6de376e448eef9a8a84 0 0 0 0 0 1
train_jpeg/a6815b18ea16692006a4fc6c26fba868 0 0 0 0 0 1
train_jpeg/a68ce3f36ad685c284c1a00e8bb4d35c 0 0 0 0 0 1
train_jpeg/a6b85455241e48ce9357d67b0ab72d1d 0 0 0 0 0 1
train_jpeg/a6b8b063cde6144c02438e3de6d0cdd2 0 0 0 0 0 1
train_jpeg/a6bbf17d52ff3b1d0ca1b48879223464 0 0 0 0 0 1
train_jpeg/a73aefc9a0227241b384d12e46966273 0 0 0 0 0 1
train_jpeg/a744309840292f82cd35b91f7884dbcf 0 0 0 0 0 1
train_jpeg/a762d86c37354288cbee2a68d3f7fd10 0 0 0 0 0 1
train_jpeg/a78f1eee245f31219a997e3c1d6b63a0 0 0 0 0 0 1
train_jpeg/a7b2ca38302119263e65ac7b629ae9cb 0 0 0 0 0 1
train_jpeg/a7b86aecc12e1226286773d1210eea88 0 0 0 0 0 1
train_jpeg/a849dd2c7a1826b6404e0018d6a5ca8e 0 0 0 0 0 1
train_jpeg/a85e347c62a7b0f063727d4880e75fbb 0 0 0 0 0 1
train_jpeg/a8887bae37bd218a89be7a6e2dc1499b 0 0 0 0 0 1
train_jpeg/a8a1dc9c2028eec275661929646ff00c 0 0 0 0 0 1
train_jpeg/a90c8201d35d87aa2d504736e5196414 0 0 0 0 0 1
train_jpeg/a93a2b354e912c534d6677362e45b3b0 0 0 0 0 0 1
train_jpeg/a980fb3a4d9461d18f40e2337330948c 0 0 0 0 0 1
train_jpeg/a9c188aa03fc02cebe679eb440b8eca9 0 0 0 0 0 1
train_jpeg/a9f4c9a4971b3877981e09d4a2ac7fc0 0 0 0 0 0 1
train_jpeg/aa41152e320c69a8cfe5ec8e73457ca1 0 0 0 0 0 1
train_jpeg/aa6475267e83947ee5078281a7ff3df3 0 0 0 0 0 1
train_jpeg/aa811a4bf3fed951a497be29b273ffc4 0 0 0 0 0 1
train_jpeg/aaac378726921da4460b09d936bfcc17 0 0 0 0 0 1
train_jpeg/aac838f63754af621d342ada37d20787 0 0 0 0 0 1
train_jpeg/ab07ec4195cddf34f4268bd0f1a6432a 0 0 0 0 0 1
train_jpeg/ab5b5c50cb42ce37bf4d9dd91cb5a16a 0 0 0 0 0 1
train_jpeg/ab615e4c48f2bec86c60082287f9cc16 0 0 0 0 0 1
train_jpeg/abab4d5b7f2ce6b250b666b53fec3e2e 0 0 0 0 0 1
train_jpeg/abae472458f00047bdcbec40936dd6dc 0 0 0 0 0 1
train_jpeg/abc76f593cf3de982aa4063f4afaad33 0 0 0 0 0 1
train_jpeg/abdd8da613cb38d40105cb2c5b8881ce 0 0 0 0 0 1
train_jpeg/abdede52dec3abf8e1bf0c8c7cfd3df2 0 0 0 0 0 1
train_jpeg/abe2678b5867903f95b8ac43d54a37e2 0 0 0 0 0 1
train_jpeg/ac2939eff010727042e67d61771b3610 0 0 0 0 0 1
train_jpeg/ac6f3e00be540393756dd8f31050a9ae 0 0 0 0 0 1
train_jpeg/ac916ddc4407731df2c5e6c0b70aabfe 0 0 0 0 0 1
train_jpeg/aca77acac2ff24bbc7d12f7ff63f597e 0 0 0 0 0 1
train_jpeg/aceb52fe7e0ecdd14840c61b4625e6ff 0 0 0 0 0 1
train_jpeg/ad1f07354a1124d7057bb3a0df68eab3 0 0 0 0 0 1
train_jpeg/ad2367bde2706f692c2e1a1d12c492b9 0 0 0 0 0 1
train_jpeg/ad47b5fc69425a039a8d98cb9798d34a 0 0 0 0 0 1
train_jpeg/ad692ac2d79af2c93b21a9260ab32f6c 0 0 0 0 0 1
train_jpeg/ad9493c5e8ca4b015ccab28229cb2caf 0 0 0 0 0 1
train_jpeg/ada233117aabf4db3bb6ab1507a60c63 0 0 0 0 0 1
train_jpeg/addf6c497e75fe3fe155536ce2b749c8 0 0 0 0 0 1
train_jpeg/ade281594f99177229bb0889a2a03880 0 0 0 0 0 1
train_jpeg/adfb785de2c168614077ca29f410b469 0 0 0 0 0 1
train_jpeg/ae72b995018e9737e810c92cbc77df47 0 0 0 0 0 1
train_jpeg/ae7efa47c09caa7264f313bd9433f75a 0 0 0 0 0 1
train_jpeg/ae86eabab95525b41b8e79883ff1cef9 0 0 0 0 0 1
train_jpeg/aeef21ff4a5295c47f565c1f29cd7e66 0 0 0 0 0 1
train_jpeg/aeef2989a10011e5616699b62afb1524 0 0 0 0 0 1
train_jpeg/aefa0a033f021f7e0755000a83e57acd 0 0 0 0 0 1
train_jpeg/af1c3fcfea8167599cbcf8da584aacba 0 0 0 0 0 1
train_jpeg/af50b2347162ada5207a107466c23c30 0 0 0 0 0 1
train_jpeg/af6b84ed28eca2c84133ab814d98743e 0 0 0 0 0 1
train_jpeg/af6e2969aafa6e3f6e3fd98e9c5ba375 0 0 0 0 0 1
train_jpeg/af7975bfcf71faab2f3bff56f2533ac2 0 0 0 0 0 1
train_jpeg/af867137618278fa012ba4d154cb7838 0 0 0 0 0 1
train_jpeg/af87d8551f297c7521d71609885c6e15 0 0 0 0 0 1
train_jpeg/af8a91069c23f303111cea4cb0032783 0 0 0 0 0 1
train_jpeg/af8acc7a1b5d6dcb59b6db810b5119ee 0 0 0 0 0 1
train_jpeg/af992d783c81d6451c5480f07c802a05 0 0 0 0 0 1
train_jpeg/afc724adc12c213b3e5f7cf6f9ea3a94 0 0 0 0 0 1
train_jpeg/aff3ad83a6b6a86cb6ff098d920b2da9 0 0 0 0 0 1
train_jpeg/aff94c85d299cc26f549b22be3c54d16 0 0 0 0 0 1
train_jpeg/b0065509f042f4a2ac97481b6c7c0dc5 0 0 0 0 0 1
train_jpeg/b0422c3902cc60d1cfee9d71b3b002d1 0 0 0 0 0 1
train_jpeg/b0676b9f7593d9d34bc743f3b69a118c 0 0 0 0 0 1
train_jpeg/b0760193b8f68a45cb4f8f822c35de63 0 0 0 0 0 1
train_jpeg/b07c18c9b41f336024fb41617da7901e 0 0 0 0 0 1
train_jpeg/b0870c67ad05bef4b682eeb988e8a232 0 0 0 0 0 1
train_jpeg/b0a35e2058c904067a6d0837632abef5 0 0 0 0 0 1
train_jpeg/b0abb71a22393bbe634074f9eacec6a0 0 0 0 0 0 1
train_jpeg/b0af7aa14c8e085862fbe38153ddd535 0 0 0 0 0 1
train_jpeg/b12402752791bc543f977d95dd326677 0 0 0 0 0 1
train_jpeg/b12b6c605dbf92119ae65310a7bc55d7 0 0 0 0 0 1
train_jpeg/b147060dd3479892668f7a5e1a2e0cd1 0 0 0 0 0 1
train_jpeg/b14ae4deac87240d4a179741a8779a3f 0 0 0 0 0 1
train_jpeg/b155f0fd22f7123d2ac3dab43f1a8054 0 0 0 0 0 1
train_jpeg/b171f32d3ccd246ef009595b9fe9e205 0 0 0 0 0 1
train_jpeg/b1983a1be904bc3d7c5cdf21e249e36e 0 0 0 0 0 1
train_jpeg/b1bb58f6975e965cf97340993ef46b4c 0 0 0 0 0 1
train_jpeg/b1c3165220a76f6359ab3351cc21bf1c 0 0 0 0 0 1
train_jpeg/b1ddff6a5d303b88dd13ee25430d03a9 0 0 0 0 0 1
train_jpeg/b216d2c983aa80b3b5cac2984ee74590 0 0 0 0 0 1
train_jpeg/b22607c13116f709c0c91f2d1376ac5a 0 0 0 0 0 1
train_jpeg/b251d2140fbcde8d2369b9cb3b16fa47 0 0 0 0 0 1
train_jpeg/b25cd9f25ec316cf78572decdafca84a 0 0 0 0 0 1
train_jpeg/b29294e12f7aacc8f31ffa0f13959c3a 0 0 0 0 0 1
train_jpeg/b2d0f276873680680cd8193524a3f124 0 0 0 0 0 1
train_jpeg/b2d8c14b3a4efc8017572c6c228ee2b6 0 0 0 0 0 1
train_jpeg/b2f137920533727d1f89b6f187b3f5c6 0 0 0 0 0 1
train_jpeg/b3088e1910bee181e42e6e4ea97f4371 0 0 0 0 0 1
train_jpeg/b316b5369ad86723969c55932efae89b 0 0 0 0 0 1
train_jpeg/b3250e3784059a5b2cd42d54b57fa24a 0 0 0 0 0 1
train_jpeg/b33cfdb38fe05829eab57a8478f6577c 0 0 0 0 0 1
train_jpeg/b35f8533b566e37d0b23a08d55219ef2 0 0 0 0 0 1
train_jpeg/b361e385ba885034c48068288a4eb47b 0 0 0 0 0 1
train_jpeg/b375d9580300498280462680b72fcc52 0 0 0 0 0 1
train_jpeg/b37e72067e280eb17c3685fad6a561f5 0 0 0 0 0 1
train_jpeg/b39a285d468234c4934c6d5489727fa2 0 0 0 0 0 1
train_jpeg/b39a81ada6933fe899d769127e444f26 0 0 0 0 0 1
train_jpeg/b3c00be8bb1e193775433d45ead67f95 0 0 0 0 0 1
train_jpeg/b3cf4f7aab7e62964dd965e768178e32 0 0 0 0 0 1
train_jpeg/b3d5920231e3276e18f6c32182f5963d 0 0 0 0 0 1
train_jpeg/b3eee7197fbf3ebac1186a0510146d0d 0 0 0 0 0 1
train_jpeg/b3f669836a20bb2a8ce9ad0a90e49d5c 0 0 0 0 0 1
train_jpeg/b40a3de050cbe84f212702e3e59eca74 0 0 0 0 0 1
train_jpeg/b42e127e495713285cb7a65d137ba654 0 0 0 0 0 1
train_jpeg/b42f8b29640c9222b9d016f54587098a 0 0 0 0 0 1
train_jpeg/b444af1f0b140a59d591a3b3c4c448b3 0 0 0 0 0 1
train_jpeg/b45657dafdcbd92f294c732983d8f577 0 0 0 0 0 1
train_jpeg/b4682a500878893cfec7e06e670e6c4b 0 0 0 0 0 1
train_jpeg/b4ac31f43ba855561901b59ec7e44870 0 0 0 0 0 1
train_jpeg/b508112a2b015ec159ce926661b6b23a 0 0 0 0 0 1
train_jpeg/b518dc6264e12a82a03272570ca0e9cd 0 0 0 0 0 1
train_jpeg/b51d25cce226fb14cd5a734bfbec93d4 0 0 0 0 0 1
train_jpeg/b53ca484c9b4fed241c124999273476d 0 0 0 0 0 1
train_jpeg/b544085616a59c03b122f400c6615c5b 0 0 0 0 0 1
train_jpeg/b5597164378c0e57bd47dee4a518fe4d 0 0 0 0 0 1
train_jpeg/b5a0555e2c623c355901601a907c6342 0 0 0 0 0 1
train_jpeg/b5a4ee60c5e8d6e59715dd3473387170 0 0 0 0 0 1
train_jpeg/b5b92ca6e7ec52cb5c8f5d5da34984b9 0 0 0 0 0 1
train_jpeg/b5cf329f8554a054dda2c6dac556c5dc 0 0 0 0 0 1
train_jpeg/b619a1c0b68b8fafba73b0a9e1e64446 0 0 0 0 0 1
train_jpeg/b629fcc6f8fb6041407f7ed88b288515 0 0 0 0 0 1
train_jpeg/b63aecd25e5329315dce07718d8041ea 0 0 0 0 0 1
train_jpeg/b666309acbdd37be5fa51d68fba5222e 0 0 0 0 0 1
train_jpeg/b6786b5187fe2081e18dc24adcc15c95 0 0 0 0 0 1
train_jpeg/b67cf50f66d2336db3e9d43370e6e050 0 0 0 0 0 1
train_jpeg/b6d5de15875d9977afb9e63ca1b00cf6 0 0 0 0 0 1
train_jpeg/b717ded9ed8110b68e2fba2e7c65291a 0 0 0 0 0 1
train_jpeg/b74fe430c7b76da4d34d36227bfdbb45 0 0 0 0 0 1
train_jpeg/b76916b5896052a9b69ae300790c1b7a 0 0 0 0 0 1
train_jpeg/b771401a98e2b9d60f704efe9d265d58 0 0 0 0 0 1
train_jpeg/b77f1cee9bb5bf6df1f5bdd7641f7d15 0 0 0 0 0 1
train_jpeg/b7ed3ca8b564fe363a53b557e9d15299 0 0 0 0 0 1
train_jpeg/b7f4de6bfb8556aed14a15d7c8b38603 0 0 0 0 0 1
train_jpeg/b81df56c7e6fe56fee56bf9468f07a95 0 0 0 0 0 1
train_jpeg/b837709dad0c0c3bcf9dad02e80c8d16 0 0 0 0 0 1
train_jpeg/b862ee82075cfa3725a1955f54b614a6 0 0 0 0 0 1
train_jpeg/b86e96470c56333125d835c60cabce5b 0 0 0 0 0 1
train_jpeg/b8c2817b6550ea85ec7872b491fed71e 0 0 0 0 0 1
train_jpeg/b8d3da1af994a91dbd11e9490b44ce2c 0 0 0 0 0 1
train_jpeg/b8d9fa1b48f97af1ac25015629c03336 0 0 0 0 0 1
train_jpeg/b991d978a0915452eaeb50ee93cbb769 0 0 0 0 0 1
train_jpeg/b9991967272f17a8f3b77f3f46b08e59 0 0 0 0 0 1
train_jpeg/b9ba9f91ebc313c417fba4573d5b46d4 0 0 0 0 0 1
train_jpeg/b9c7edadba4709a6fae8c38d87da3ad3 0 0 0 0 0 1
train_jpeg/b9cabea233895a946330094cb37c633b 0 0 0 0 0 1
train_jpeg/b9ff1fbffdc893eb33c7d2b636f785a5 0 0 0 0 0 1
train_jpeg/ba11612764fbdabe173336d825c4c9f3 0 0 0 0 0 1
train_jpeg/ba834f615157deb695f39381abcdab90 0 0 0 0 0 1
train_jpeg/bb6eed998fa8c4e6bca5e7b858bf6ae4 0 0 0 0 0 1
train_jpeg/bb7d311aa985600580fa53a9b3fcd98c 0 0 0 0 0 1
train_jpeg/bbe03119e84db17f2cd765321e63ac8d 0 0 0 0 0 1
train_jpeg/bbe274a006eb25afe1432d1dd393f6fa 0 0 0 0 0 1
train_jpeg/bc14bbda870cfa51f6a00fe31a5e5ac4 0 0 0 0 0 1
train_jpeg/bc2c59e4dd1f6407c2bc945c2023bf0b 0 0 0 0 0 1
train_jpeg/bc49f5b0339e0d07afb40e1576e004bd 0 0 0 0 0 1
train_jpeg/bcac275c6e0bb33856f785e31374e30a 0 0 0 0 0 1
train_jpeg/bcde4f84e1b7a2313aa8965c2a14f67f 0 0 0 0 0 1
train_jpeg/bcef787ed33e920cb0fcb15e30172126 0 0 0 0 0 1
train_jpeg/bcf9792862d3dc05bfe130a65f4d0dfe 0 0 0 0 0 1
train_jpeg/bd1aeb3b9a96232d36037a08070a2149 0 0 0 0 0 1
train_jpeg/bd31ad174a1f856a24728995281b505b 0 0 0 0 0 1
train_jpeg/bd35ce9c73b2d34450ab90ee221fafa4 0 0 0 0 0 1
train_jpeg/bd4cb51fc33887793d60025c2271b413 0 0 0 0 0 1
train_jpeg/bd61ab799139083058d198b13aaa266a 0 0 0 0 0 1
train_jpeg/bd6bbe058d3f37c07a78644a97d6ef42 0 0 0 0 0 1
train_jpeg/bdaf7f95f5b055ca6b6772484f9f790e 0 0 0 0 0 1
train_jpeg/bdd038e7e5e70d4f36d44142fc17e14e 0 0 0 0 0 1
train_jpeg/be353c629cd9b269bbcb6623339283ae 0 0 0 0 0 1
train_jpeg/be3ed799cce765cd4189ebaad87dbb6b 0 0 0 0 0 1
train_jpeg/be9127737156699c0e090e1157998265 0 0 0 0 0 1
train_jpeg/be9503d3b32da3ca2d06d6df8b1a997b 0 0 0 0 0 1
train_jpeg/bea723c657a3ec2192189a59b1b8582b 0 0 0 0 0 1
train_jpeg/beb357c406c659f5dbb222f148b382f7 0 0 0 0 0 1
train_jpeg/bec4e291198abaebcd62306321094d50 0 0 0 0 0 1
train_jpeg/bf5b15e53c2c60d6412c404ac4ea6e2c 0 0 0 0 0 1
train_jpeg/bfb628bc617143449c8b03516d07bc7d 0 0 0 0 0 1
train_jpeg/bfd794933b6d06cc9e840ae7b90b1cbe 0 0 0 0 0 1
train_jpeg/bfeb0959319e8e0002d74fc43ff0dbea 0 0 0 0 0 1
train_jpeg/bfef869d3d75e4880c5e990acdb495e5 0 0 0 0 0 1
train_jpeg/bffe24bfd56e64deb65bf639805df7cc 0 0 0 0 0 1
train_jpeg/c02c82832953b0c7a0a6df888c40e470 0 0 0 0 0 1
train_jpeg/c034601e693ad916d32693ac2a5db8b1 0 0 0 0 0 1
train_jpeg/c054e862157691e6708c0f568ea0fa4d 0 0 0 0 0 1
train_jpeg/c05910d82ca65f3be1a9ca266f2c4423 0 0 0 0 0 1
train_jpeg/c0abae25111ef8ad27092268ee020363 0 0 0 0 0 1
train_jpeg/c0ad5ccf09d82c4852108456a6fff862 0 0 0 0 0 1
train_jpeg/c0ae5db12d45b01df651e8997b8422f7 0 0 0 0 0 1
train_jpeg/c11df04d39bf18a1a15a45bbda6b3f95 0 0 0 0 0 1
train_jpeg/c13c09522fae5a8b5483664786a74758 0 0 0 0 0 1
train_jpeg/c1483f399eea64c12fed7d3b25736d45 0 0 0 0 0 1
train_jpeg/c150eebfff6ac579d1916ccc1621ac19 0 0 0 0 0 1
train_jpeg/c15635a68e0b5c63d91ab43253eb22af 0 0 0 0 0 1
train_jpeg/c17557231bd8dce7fe3663817c146af7 0 0 0 0 0 1
train_jpeg/c1f0fb75ab5c6304793c7674ca94ad98 0 0 0 0 0 1
train_jpeg/c1fe0fecd47a5621d45d882fad3e88c6 0 0 0 0 0 1
train_jpeg/c242f77a49d3414341b9a611cd0d8321 0 0 0 0 0 1
train_jpeg/c2a691b7f3af90af7d2b09985f75ae2d 0 0 0 0 0 1
train_jpeg/c2dcd74ff2f30738c70ec6f371826e6e 0 0 0 0 0 1
train_jpeg/c30419a1d623962f8c3303bb40da7ce6 0 0 0 0 0 1
train_jpeg/c347b27288c20cebef8142328ed024ba 0 0 0 0 0 1
train_jpeg/c37bd2ba1fd0b875a524f0f0d77331d3 0 0 0 0 0 1
train_jpeg/c39a6098dbb051020433d468602e2b2f 0 0 0 0 0 1
train_jpeg/c3a58d666179065bd87996dbf4c0c133 0 0 0 0 0 1
train_jpeg/c3df56d50742266753eeb553c55b0b3c 0 0 0 0 0 1
train_jpeg/c3fffdde3c71da55078f310761551e88 0 0 0 0 0 1
train_jpeg/c41f9e2dd4f6b5524d93b3229085b26c 0 0 0 0 0 1
train_jpeg/c46e0dbfd694845155ed16763e938887 0 0 0 0 0 1
train_jpeg/c46fb5b7fc4a87004d3026ca0ca7dce7 0 0 0 0 0 1
train_jpeg/c49cd7902581e2ffde01d556ae688267 0 0 0 0 0 1
train_jpeg/c4a32d2dd0e1dcc3ca0f056bcab0c5fd 0 0 0 0 0 1
train_jpeg/c50287aa9d214ae14a1faab12b69aab2 0 0 0 0 0 1
train_jpeg/c5105ae71ee1b7d2b4b18122599ea6b8 0 0 0 0 0 1
train_jpeg/c51bd3f90c04faba5a302c74203cf094 0 0 0 0 0 1
train_jpeg/c5a0f7622e5eebeb8d8e21b8bdd93692 0 0 0 0 0 1
train_jpeg/c5ac1479363dfc272e69596e11d4f274 0 0 0 0 0 1
train_jpeg/c61b428d550444d2432e4d959c6cdadd 0 0 0 0 0 1
train_jpeg/c69ed1992aea40f911350d21e1e463e6 0 0 0 0 0 1
train_jpeg/c6eb8179dfac6b268c9bf4e5b29c2990 0 0 0 0 0 1
train_jpeg/c7011b12b8e8c1ca3f0463d0658b9510 0 0 0 0 0 1
train_jpeg/c704a7ca3d714b7b73f63f0099bd2401 0 0 0 0 0 1
train_jpeg/c728f9a81daa8122eb4b4fc4a35bc75f 0 0 0 0 0 1
train_jpeg/c74cf15c3542d4dfc0dce06102279914 0 0 0 0 0 1
train_jpeg/c75a2aec6d92b968e8169f3b60e9c303 0 0 0 0 0 1
train_jpeg/c7864764808c8e43ba1fd8df331bd379 0 0 0 0 0 1
train_jpeg/c78a429b728a3b35c6e4b4a560dee407 0 0 0 0 0 1
train_jpeg/c79916dc9b5b70cbd4138366358976a2 0 0 0 0 0 1
train_jpeg/c7a64e8282500bcb142ffd009ce6ba90 0 0 0 0 0 1
train_jpeg/c7d78838fc91d92a524b1fce61350c2c 0 0 0 0 0 1
train_jpeg/c80a411859b7c46cbdecd5ce6cf0b47b 0 0 0 0 0 1
train_jpeg/c813e85dd9f9e07aca07f8d7267e6898 0 0 0 0 0 1
train_jpeg/c818d6475857ec85919ebcea94da3a8b 0 0 0 0 0 1
train_jpeg/c88b32c2ff829cb7ac23638d65a5e3e2 0 0 0 0 0 1
train_jpeg/c8e0db3c4cf79ec1a43e8ea716066f0a 0 0 0 0 0 1
train_jpeg/c91443460602fd2cc518f598f6ea0430 0 0 0 0 0 1
train_jpeg/c98f2da0d98486f77b750bd16273d947 0 0 0 0 0 1
train_jpeg/ca0a885e3c32fa7800c77c06f656bad6 0 0 0 0 0 1
train_jpeg/ca1ffc6e5a04531c08563d9160ef62bf 0 0 0 0 0 1
train_jpeg/ca4108259200afda773c3f7b6ebd1730 0 0 0 0 0 1
train_jpeg/ca42b71ed3fe67dafd3429d2fb62c69b 0 0 0 0 0 1
train_jpeg/ca6c4552248da1513a23759b61e22f65 0 0 0 0 0 1
train_jpeg/caa7d58bac06b2b14e10f7d310d0bd1a 0 0 0 0 0 1
train_jpeg/cabc60a2e6877d2726b6bfcb6e4c3678 0 0 0 0 0 1
train_jpeg/caee7cfd554a73a1371eb1707fba496e 0 0 0 0 0 1
train_jpeg/cb02b4eec1bff78dcc95d672366a4a7b 0 0 0 0 0 1
train_jpeg/cb06b69439772d130f237b263458e98c 0 0 0 0 0 1
train_jpeg/cb1c906a4c779295ebc6b407605b89ff 0 0 0 0 0 1
train_jpeg/cb3feb272cd646bb7a4c612f3336a221 0 0 0 0 0 1
train_jpeg/cb45e13c23787a6f9a1a7451f75f3f49 0 0 0 0 0 1
train_jpeg/cb59f57577d43474914a483bd369944b 0 0 0 0 0 1
train_jpeg/cb79831baafd53db3a99731b58379c6d 0 0 0 0 0 1
train_jpeg/cbbfe664b770d925b7b156c5b0034492 0 0 0 0 0 1
train_jpeg/cbcb95889f621abbd2e9b46220267c98 0 0 0 0 0 1
train_jpeg/cbd0044aca7207f08e75f9e1f82cf413 0 0 0 0 0 1
train_jpeg/cbdbea22b6ca60d4fde3d21b35f0119f 0 0 0 0 0 1
train_jpeg/cbf7001e1acfc58545a401c1441b6ac3 0 0 0 0 0 1
train_jpeg/cc00743f13df1c135d3bb29b98e458b8 0 0 0 0 0 1
train_jpeg/cc107c77fdeb8e07b2b24dc39c19d854 0 0 0 0 0 1
train_jpeg/cc5ad3b4b93bbfc63e70eca023ab6eda 0 0 0 0 0 1
train_jpeg/cc89ca7071e25eb72633ec8f0c542e5c 0 0 0 0 0 1
train_jpeg/cc98d7fef25d526a411629ad598eca3c 0 0 0 0 0 1
train_jpeg/ccb985d9ce3e511785d15bc92dfb05b5 0 0 0 0 0 1
train_jpeg/ccc0b93c6cc7b616906958d88d02c846 0 0 0 0 0 1
train_jpeg/ccc1a37e9a965408e6711b70b037c8a0 0 0 0 0 0 1
train_jpeg/ccd70de6ae7c5e8e3d4db38cbdbbfc21 0 0 0 0 0 1
train_jpeg/cce24c097019e3287a576224531509ea 0 0 0 0 0 1
train_jpeg/cce32db352bebcaf35187e32a1a1c1f6 0 0 0 0 0 1
train_jpeg/cce5b2bc76fedf929d2301f8b0b0a411 0 0 0 0 0 1
train_jpeg/cd03fb1872786226dc93925fe9dd476e 0 0 0 0 0 1
train_jpeg/cd6c60129b9075448f043f5c4ce48f1e 0 0 0 0 0 1
train_jpeg/cd870e76466ce35db5f5f169f5b8c5aa 0 0 0 0 0 1
train_jpeg/cdac9c8150916c9e36c3b586ad462309 0 0 0 0 0 1
train_jpeg/cdb40622d55debad4f37464e75045386 0 0 0 0 0 1
train_jpeg/cdc73a99ea5869bb9cc499fb745d573d 0 0 0 0 0 1
train_jpeg/cdd5d9b02e2b7b41e239cfcfc1519a25 0 0 0 0 0 1
train_jpeg/ce04339c8625bb1aaca15623d8074471 0 0 0 0 0 1
train_jpeg/ce36df1459adb2c77d534e55d02056cb 0 0 0 0 0 1
train_jpeg/ce84d3c401780408a54c9a8e17d7a8eb 0 0 0 0 0 1
train_jpeg/ce8b46850c858e736ebef9136c271699 0 0 0 0 0 1
train_jpeg/ce9df8182abe024c862d71877c121b43 0 0 0 0 0 1
train_jpeg/cef0b28900e768bd8a5710641a5eb498 0 0 0 0 0 1
train_jpeg/cf1642c65354293ea697cacc8fbb52a5 0 0 0 0 0 1
train_jpeg/cf5553ec8426712834424234acd1e617 0 0 0 0 0 1
train_jpeg/cf60aecdac2cd4bfb35e7ff1bea5d61b 0 0 0 0 0 1
train_jpeg/cf649175d6643b54f833f22eb8ab6856 0 0 0 0 0 1
train_jpeg/cf72c8ab18f8a15338d6c886c2582990 0 0 0 0 0 1
train_jpeg/cf7d44685ac3a9566e53d665efe1ee28 0 0 0 0 0 1
train_jpeg/cf8880232b3dcf3493a2b19ee2ed5167 0 0 0 0 0 1
train_jpeg/cfbb4effef1cb2fe0311d38e3d35b5ea 0 0 0 0 0 1
train_jpeg/cfc1811dd956ddee6a45bad6f8b1d6ba 0 0 0 0 0 1
train_jpeg/cffb6dd55f9d310bacd5ed196b170faa 0 0 0 0 0 1
train_jpeg/d06c8ceb9a059ac9d5cecafd846d3b96 0 0 0 0 0 1
train_jpeg/d07b9b9c416e3a1589605cfe12a34374 0 0 0 0 0 1
train_jpeg/d0c2e057de71e487a5b6f59953d0224b 0 0 0 0 0 1
train_jpeg/d10f4f38d14a5f2ae8fb8f5f32fdd21f 0 0 0 0 0 1
train_jpeg/d1135146857536ab6c6c0bcf79ef8106 0 0 0 0 0 1
train_jpeg/d1192634c95b9018fe25890bf74d45ab 0 0 0 0 0 1
train_jpeg/d1a883d86b756754777f1e6c5abd5881 0 0 0 0 0 1
train_jpeg/d1d5b5d3b1934a64a3b71aa2feddfa79 0 0 0 0 0 1
train_jpeg/d1dbcb8288d2235dc2d3354dfd7847a9 0 0 0 0 0 1
train_jpeg/d1f0951fff39e87fbea037e7daad79a6 0 0 0 0 0 1
train_jpeg/d1f77032565d490622bdff144b8c82b5 0 0 0 0 0 1
train_jpeg/d29e710527ad79b62590045f7a7dbc9a 0 0 0 0 0 1
train_jpeg/d2ad9acebc6d5dc97dd76f72d570d9de 0 0 0 0 0 1
train_jpeg/d2bf2fa1fcb9dc887a989e0fc706e8e5 0 0 0 0 0 1
train_jpeg/d2e04092a7f14145a1417d9c6db6329c 0 0 0 0 0 1
train_jpeg/d2eba3b4a06d7b0df1e0490bb9091743 0 0 0 0 0 1
train_jpeg/d32238fb358effa70cc704347757fdd9 0 0 0 0 0 1
train_jpeg/d33e0494ff0e35fcda857261f57c2547 0 0 0 0 0 1
train_jpeg/d345757c4f67a71f381b0ef5f997c611 0 0 0 0 0 1
train_jpeg/d34b502c8a7bea4da5920eb282298f67 0 0 0 0 0 1
train_jpeg/d35ffd8afe3f0ff397f387509049885e 0 0 0 0 0 1
train_jpeg/d379e5ec80f59c40f0872ab10679efab 0 0 0 0 0 1
train_jpeg/d3c65961aa91ff3ae673e15c76056a05 0 0 0 0 0 1
train_jpeg/d3ecd4345ad106e7e1beab7316fab518 0 0 0 0 0 1
train_jpeg/d417208e0bdc929e09db38ba0c394f10 0 0 0 0 0 1
train_jpeg/d46a63b662124927ce665a5dcae220b6 0 0 0 0 0 1
train_jpeg/d46ada3de4529d1e72f0f327e3d7d86c 0 0 0 0 0 1
train_jpeg/d4849211762d26c01966b2d88afceda0 0 0 0 0 0 1
train_jpeg/d4bae55fcfe00aa0f5495e33ec8d01e5 0 0 0 0 0 1
train_jpeg/d4d03e4b903c2e045c9a0eae26b92c05 0 0 0 0 0 1
train_jpeg/d4eda0ac6b902588a9f73f176251ada3 0 0 0 0 0 1
train_jpeg/d506fed453f363d5e5efd4c45b9c1be5 0 0 0 0 0 1
train_jpeg/d52e11e25123f98e8bc0c3deea100fc6 0 0 0 0 0 1
train_jpeg/d53cb4358bb03d09abfc099826e54eb9 0 0 0 0 0 1
train_jpeg/d5554e2e3b5f60f8635a23416a47e6e1 0 0 0 0 0 1
train_jpeg/d56084af626fcb3748557688e1d2677d 0 0 0 0 0 1
train_jpeg/d56755afd866638a45552615a3449acd 0 0 0 0 0 1
train_jpeg/d57fab987f4b3260ce37f0fcb240dd71 0 0 0 0 0 1
train_jpeg/d5c5e5232067a160489297eaa69e3099 0 0 0 0 0 1
train_jpeg/d5ca9147ad6bf6732763b606405e64c7 0 0 0 0 0 1
train_jpeg/d60d07bbc4caaed410ec90ed0c3742fb 0 0 0 0 0 1
train_jpeg/d64553b9bcb27c452cb10ac471168602 0 0 0 0 0 1
train_jpeg/d645a6a2af27765bdbc576a33831acbb 0 0 0 0 0 1
train_jpeg/d6bdd032d9806eeab0eed80760252d7c 0 0 0 0 0 1
train_jpeg/d70d73215c3b87c5b79bebec71b773a9 0 0 0 0 0 1
train_jpeg/d73dc480ab936c291ff43612acedc211 0 0 0 0 0 1
train_jpeg/d754a71c389c71df420e6c49260c417e 0 0 0 0 0 1
train_jpeg/d7797e28353476617bb31e4dc7383eea 0 0 0 0 0 1
train_jpeg/d77b0f18be0825ad5360906312044dd4 0 0 0 0 0 1
train_jpeg/d78482526bef549cc51d8f7f86d4da9c 0 0 0 0 0 1
train_jpeg/d7a191afa1d02dfa1d852bfcb3e54d3e 0 0 0 0 0 1
train_jpeg/d7f759ba7719fc29769b490f0e485892 0 0 0 0 0 1
train_jpeg/d7fb0c983a31797353faff4db222bd51 0 0 0 0 0 1
train_jpeg/d8665f6554ccbbdd0e88543133067412 0 0 0 0 0 1
train_jpeg/d89ccf78c040252a66c9942cd95eb5d7 0 0 0 0 0 1
train_jpeg/d8a3fe9536afba5813aa8025506c810a 0 0 0 0 0 1
train_jpeg/d8df1cd5564e9a9f4d72b17049d5d79e 0 0 0 0 0 1
train_jpeg/d8f5c5ba4ef51f94757d91991244f1b9 0 0 0 0 0 1
train_jpeg/d95da4b845c9eee6dbf93b1c27bd4dad 0 0 0 0 0 1
train_jpeg/d969c62912474882f5013fb4c52bf261 0 0 0 0 0 1
train_jpeg/d97a50b79123ba7bca96e8105bfb6ef8 0 0 0 0 0 1
train_jpeg/d99320d5ec4e5d89a7dbf2b3aa3ce79f 0 0 0 0 0 1
train_jpeg/d997f71818df03dd9ba8d4214dcf1856 0 0 0 0 0 1
train_jpeg/d9a5324791c22155f1aacd2024494225 0 0 0 0 0 1
train_jpeg/dab8cd0be3205b1790e417843564eb2c 0 0 0 0 0 1
train_jpeg/db04e7d8d4fa53156dd306b7f7a18f51 0 0 0 0 0 1
train_jpeg/db27424385c4070805371285c300b59a 0 0 0 0 0 1
train_jpeg/db519653d05cc5a3e2124f766160ac6e 0 0 0 0 0 1
train_jpeg/db777351072949899452c4f424c1df1c 0 0 0 0 0 1
train_jpeg/db7ef9907e3525f3eadbdd5d018928a8 0 0 0 0 0 1
train_jpeg/db8fd6a75147555c8ec9a7503c350658 0 0 0 0 0 1
train_jpeg/dc363bc90641559fa4452b2e20ab41b1 0 0 0 0 0 1
train_jpeg/dc647835b8eec7215b23ec2ae590a59f 0 0 0 0 0 1
train_jpeg/dcef509b35c090fcf97d17c0182e5a95 0 0 0 0 0 1
train_jpeg/dd375650caabb420aff92ee4a5d833df 0 0 0 0 0 1
train_jpeg/dd46cf431cabf6813cab80fc0b5821fe 0 0 0 0 0 1
train_jpeg/dd4931d788c434057fd13a062bf04cd9 0 0 0 0 0 1
train_jpeg/dd4aa76819084785e90f510cd57b5b03 0 0 0 0 0 1
train_jpeg/dd73c1271a2baa1b85173fae0dc83257 0 0 0 0 0 1
train_jpeg/dd9cc01c6dbb317d0e2f2460e7150675 0 0 0 0 0 1
train_jpeg/ddae224726cc363800e54cf9a2152831 0 0 0 0 0 1
train_jpeg/ddb469ca6c74210d5e45edadfcc9ee9b 0 0 0 0 0 1
train_jpeg/dde1b28739e943a19ef506d87cf3ce00 0 0 0 0 0 1
train_jpeg/de11710a050476d795e4dfeb26db81bf 0 0 0 0 0 1
train_jpeg/de15082e96e1eaf1bda9d3f54cbc8947 0 0 0 0 0 1
train_jpeg/de4fe075c4d4d5ab54b80b574575138c 0 0 0 0 0 1
train_jpeg/df2587e4d211efcb35ebdf121811f35c 0 0 0 0 0 1
train_jpeg/df5159425dcde64a05197d569fb36907 0 0 0 0 0 1
train_jpeg/df544adb13d9b365837715f3750db864 0 0 0 0 0 1
train_jpeg/df908402799fe45e0bac05940e1fcd9e 0 0 0 0 0 1
train_jpeg/df90a420cbeac88cdb77bc4714544e03 0 0 0 0 0 1
train_jpeg/df91d818a193e328405cf8a86ed530bb 0 0 0 0 0 1
train_jpeg/e06d0f3704b4baa27380683bc25984e0 0 0 0 0 0 1
train_jpeg/e07781317a00819958431a2d9e1ba19d 0 0 0 0 0 1
train_jpeg/e08a75c8216081937b02785f4c250c69 0 0 0 0 0 1
train_jpeg/e0c949421f863ae6871693fc2591e438 0 0 0 0 0 1
train_jpeg/e0f2fa46c093b9e83772d44f4d949986 0 0 0 0 0 1
train_jpeg/e148695926cc6d6cec7837d90e498ff3 0 0 0 0 0 1
train_jpeg/e14991e6f91386217cde8c89172fd2c1 0 0 0 0 0 1
train_jpeg/e1ae14e309f370e8583f8139f5555eb8 0 0 0 0 0 1
train_jpeg/e1bd0bd8f1ba0f7f7ae31a24968282a8 0 0 0 0 0 1
train_jpeg/e1bff512463d93b3ee34d9a987d1295f 0 0 0 0 0 1
train_jpeg/e1e52d75e840a8d64f753b5e3aee4e44 0 0 0 0 0 1
train_jpeg/e1e559d45b481c3f1abc4d2b04c7c45e 0 0 0 0 0 1
train_jpeg/e1edc5f003883e5027f0e63e67f883d2 0 0 0 0 0 1
train_jpeg/e2084ce46863db6a9f019c5cf0256706 0 0 0 0 0 1
train_jpeg/e21b2ae8edf6ec014e14df1933b9296c 0 0 0 0 0 1
train_jpeg/e254b92ab7c0d3f3d332ac04e063c571 0 0 0 0 0 1
train_jpeg/e2b49dff8e2f7888a60a1742f548ad3c 0 0 0 0 0 1
train_jpeg/e2edea962c97f3290638096b4f27465f 0 0 0 0 0 1
train_jpeg/e2f815fad3b6225eaed25553552af0f3 0 0 0 0 0 1
train_jpeg/e309dc3253984ddcefe49ea1c53b33e7 0 0 0 0 0 1
train_jpeg/e314fce6ebcdcfb6575a7aa6b98e9049 0 0 0 0 0 1
train_jpeg/e333a2a2a21355ba72b198f3a42e9546 0 0 0 0 0 1
train_jpeg/e3916480a0f9e8abbe0d89ad90570d55 0 0 0 0 0 1
train_jpeg/e3a3fabfa4658426a68e4c82b57c9598 0 0 0 0 0 1
train_jpeg/e3ceb9b83afd35a505e319807e42338d 0 0 0 0 0 1
train_jpeg/e3f054384d26f6562798414225bcb1e5 0 0 0 0 0 1
train_jpeg/e44c4522979ee8d8b50977b9af91db58 0 0 0 0 0 1
train_jpeg/e4567043806b7d282bedd6893502b9ff 0 0 0 0 0 1
train_jpeg/e4b12e030788bbd71f7ad72fa1ee5a71 0 0 0 0 0 1
train_jpeg/e4dec9c7cb04e431f5c3b41430030184 0 0 0 0 0 1
train_jpeg/e51f4e56fc5e970b796959961c10ce26 0 0 0 0 0 1
train_jpeg/e52c68900be6a7d6e720d24fdaa3ebcd 0 0 0 0 0 1
train_jpeg/e564b890742dc08de367c1fe879fc80d 0 0 0 0 0 1
train_jpeg/e56fcab38fcea191e1f7d6338e59eaaf 0 0 0 0 0 1
train_jpeg/e579b4886d0bebf35ee3a4d05f7f5b1e 0 0 0 0 0 1
train_jpeg/e57bcc111a9632e03d191307d5ffbdde 0 0 0 0 0 1
train_jpeg/e59951085f8df82d8bd283779a88b442 0 0 0 0 0 1
train_jpeg/e599f41be58ccfc30931ace6f0623b1b 0 0 0 0 0 1
train_jpeg/e5b7f3d74b043850943f8ae9caab8c9d 0 0 0 0 0 1
train_jpeg/e5cdc4d2a9eb934f910c60de2f068fee 0 0 0 0 0 1
train_jpeg/e5e87589e79c3431da6e89518703f6aa 0 0 0 0 0 1
train_jpeg/e611ab3c27188264cd29c22edff59b3d 0 0 0 0 0 1
train_jpeg/e6356b32f656516b3655559f16470b19 0 0 0 0 0 1
train_jpeg/e64050af7fe32762427a8f0b80c62ce8 0 0 0 0 0 1
train_jpeg/e653bcbc027754e61652cd1393cd8667 0 0 0 0 0 1
train_jpeg/e67a5abf75aaa55c14008f1816b303e2 0 0 0 0 0 1
train_jpeg/e68d59b64350acbd47e5a05d03ba1e0a 0 0 0 0 0 1
train_jpeg/e72ad108b8f16c10b78e326641db2f9f 0 0 0 0 0 1
train_jpeg/e73e82283653c6fe2fdf5f86ca46c87d 0 0 0 0 0 1
train_jpeg/e8fe564964eab3b12d145c30555dd3f4 0 0 0 0 0 1
train_jpeg/e925b5b0b88c9d5cfbced3b3552fa456 0 0 0 0 0 1
train_jpeg/e92c72255c583ecd16ef62066a98b92a 0 0 0 0 0 1
train_jpeg/e9421022f833055f58fbc88768d9c1c5 0 0 0 0 0 1
train_jpeg/e9551d1fd6c74945b0e2a2d7822e011f 0 0 0 0 0 1
train_jpeg/e96565c7cec737184a458002aa47e1fb 0 0 0 0 0 1
train_jpeg/e97c51492b67d4cde0e3189d1843cedf 0 0 0 0 0 1
train_jpeg/e9830ce7a4a5adfbd50f18a25572bb33 0 0 0 0 0 1
train_jpeg/ea56b3455c844f324b8c9323ebf2ddb2 0 0 0 0 0 1
train_jpeg/ea5735aba75173f7030d51e31165d92b 0 0 0 0 0 1
train_jpeg/ea5c6bccc392343d3508aae5bb6f536e 0 0 0 0 0 1
train_jpeg/ea71fcd207bbfdace181b1fc939cfcbf 0 0 0 0 0 1
train_jpeg/ea75acfbc06cc048ce370a920f3411a7 0 0 0 0 0 1
train_jpeg/eafea84c5c3a51cd4c1b78be06ffee08 0 0 0 0 0 1
train_jpeg/eb188e7237f54b20d08bac35b961c3c9 0 0 0 0 0 1
train_jpeg/eb2fbabd1c9407a78bcca90e70c3a3ac 0 0 0 0 0 1
train_jpeg/eb4ed15fb49f79d129c44f2033282419 0 0 0 0 0 1
train_jpeg/eb7f447b553bc604e9e69ba12fa15b9c 0 0 0 0 0 1
train_jpeg/eb86bc4569e409b905262d207a29e40f 0 0 0 0 0 1
train_jpeg/ebaaf1d69d6b58e08be6b5ad0dd1a6d1 0 0 0 0 0 1
train_jpeg/ebcab549c5d07527233f9e25cbd9efd4 0 0 0 0 0 1
train_jpeg/ebd5fa572171c87d828315e0aa9ceb91 0 0 0 0 0 1
train_jpeg/ec0871209b1793349aa870487286276b 0 0 0 0 0 1
train_jpeg/ec0d8913ff9030adb35299f746685ef3 0 0 0 0 0 1
train_jpeg/ec47671f5f99c48fe542b3b9b237a721 0 0 0 0 0 1
train_jpeg/ec50aa95bd69eacf7b639c580a4f8bb0 0 0 0 0 0 1
train_jpeg/ec50f4e31b95d1bd6ea1e3fc42687c1f 0 0 0 0 0 1
train_jpeg/ec884724f0b98bbbde4b4bbeaf98f0e1 0 0 0 0 0 1
train_jpeg/ec894538e2a26e90ccb20e4f1fa568e9 0 0 0 0 0 1
train_jpeg/ecab6e4508ae3d260d77c125c1636e75 0 0 0 0 0 1
train_jpeg/ecbacb5e591dfa3ed48c414221c813c7 0 0 0 0 0 1
train_jpeg/ed00acb8b50144488f604c86e9589388 0 0 0 0 0 1
train_jpeg/ed22220de1dad24c60f4fe28dedbff6d 0 0 0 0 0 1
train_jpeg/ed4171f1a99ec4a60874ce52ab07393a 0 0 0 0 0 1
train_jpeg/ed431222ef5a3addea4f1970136117ea 0 0 0 0 0 1
train_jpeg/eda23140c7a820d76c89bc994768888d 0 0 0 0 0 1
train_jpeg/eda50be538fe17c4f5e36050a8fbcc86 0 0 0 0 0 1
train_jpeg/ee6eeaf541a305708e7a477a9def0488 0 0 0 0 0 1
train_jpeg/ee796364982e62149d890edc1d1fc460 0 0 0 0 0 1
train_jpeg/ee8667bf305060492f6cee7766e9fae1 0 0 0 0 0 1
train_jpeg/ee95d8e76fdd29bed4667b4dcd4b2206 0 0 0 0 0 1
train_jpeg/ee95ee6e14be7283afbcf7a9595556ec 0 0 0 0 0 1
train_jpeg/eebd21e9562c007fc858858968165a0e 0 0 0 0 0 1
train_jpeg/ef34c7c7f4fafcdf61b75dd5bf5b4ea4 0 0 0 0 0 1
train_jpeg/ef37d7a7fd9bd68d57f54abb96628fac 0 0 0 0 0 1
train_jpeg/ef3f321dd20cafeadceadbb9ecb08b98 0 0 0 0 0 1
train_jpeg/ef5dce0a3240176beba188d822159648 0 0 0 0 0 1
train_jpeg/ef695c75dbf0fe8ffe113ffd78d10bfc 0 0 0 0 0 1
train_jpeg/ef785e487e967f53c331f06ff46a6067 0 0 0 0 0 1
train_jpeg/efc353efad9cc999b549750f771a1d2d 0 0 0 0 0 1
train_jpeg/efe888c50df6a2b0c00a55985b58badf 0 0 0 0 0 1
train_jpeg/f04c6687c5179de2c61c1dd4ae20c758 0 0 0 0 0 1
train_jpeg/f0606afa8d17fb693392c033b82a8a89 0 0 0 0 0 1
train_jpeg/f0bfb5a22f56789a0474184af747bc8d 0 0 0 0 0 1
train_jpeg/f0dcd248629236188dbc4c3767b40e69 0 0 0 0 0 1
train_jpeg/f1288fb0096e55153058cde7e7519f5a 0 0 0 0 0 1
train_jpeg/f1766e364a8af02b085c82eabc7950db 0 0 0 0 0 1
train_jpeg/f18c89973850bc27910dcdbc30c68fe6 0 0 0 0 0 1
train_jpeg/f18efbc5f0e380cf80f8c07d7c139e64 0 0 0 0 0 1
train_jpeg/f1c71b5b6bc920cec1f6d0e08086b7f0 0 0 0 0 0 1
train_jpeg/f1cc23ec4bcfdb2cea60a249d3ecae6d 0 0 0 0 0 1
train_jpeg/f1cc6ecd5562c49f2c25d539722fa074 0 0 0 0 0 1
train_jpeg/f1fd27cbbce1593e6b8c9c2c1e168e26 0 0 0 0 0 1
train_jpeg/f23603293e7a6bb7166cd493d2da2f77 0 0 0 0 0 1
train_jpeg/f23997e9de9e4cb2b3df4b28da34c87f 0 0 0 0 0 1
train_jpeg/f2458e4577d8b480f0380dcd93505b15 0 0 0 0 0 1
train_jpeg/f25ec631ffb49b8bff836ba317dad42a 0 0 0 0 0 1
train_jpeg/f26e10c0a054980a7522ae538f71c731 0 0 0 0 0 1
train_jpeg/f27211729f43d69b1162fc2d5f1881a1 0 0 0 0 0 1
train_jpeg/f2c24b0ee5fc1d417923650b5a7c5532 0 0 0 0 0 1
train_jpeg/f2cbad33f407df585912df819234ee51 0 0 0 0 0 1
train_jpeg/f2ddce533c317954c50f4e1107d2b7a4 0 0 0 0 0 1
train_jpeg/f2e441ac70b4634bfbf704ba82e028a0 0 0 0 0 0 1
train_jpeg/f303e9ce4317b94d1559237e6e9e0643 0 0 0 0 0 1
train_jpeg/f3a84940a5a63947852fd915062fed1d 0 0 0 0 0 1
train_jpeg/f3ab9bfbc5d7ebe903029eed048e6bfb 0 0 0 0 0 1
train_jpeg/f427a602bd5118f325550a3f00320551 0 0 0 0 0 1
train_jpeg/f449ad15a8db7fed86bb169e264234b4 0 0 0 0 0 1
train_jpeg/f458843968166ba8c5af491035ce1651 0 0 0 0 0 1
train_jpeg/f464e0ea2814ed7954f97ef1fde06e58 0 0 0 0 0 1
train_jpeg/f47483f452d7cb023479690d3cb338c2 0 0 0 0 0 1
train_jpeg/f4873f71afeb7c3211236542e1f3b631 0 0 0 0 0 1
train_jpeg/f499cf7f9ff6c7beeabf1669a201c866 0 0 0 0 0 1
train_jpeg/f4dbbcc82af4455c1cd4411d37ef28c6 0 0 0 0 0 1
train_jpeg/f4f673fae6b00cc4c2210882b73555b3 0 0 0 0 0 1
train_jpeg/f4fcacd5c7e9d885ca45382b35797561 0 0 0 0 0 1
train_jpeg/f4ffbc6f8ced17c735923931d73cd9cd 0 0 0 0 0 1
train_jpeg/f502958f6f74c0859ef5e13bac4cc6c0 0 0 0 0 0 1
train_jpeg/f51916f71b80c0c8cbc02fe313c5ac86 0 0 0 0 0 1
train_jpeg/f522dce3b773264ce49c0904a14f5392 0 0 0 0 0 1
train_jpeg/f54020dccd3bbf5de3e728dd3e84cf94 0 0 0 0 0 1
train_jpeg/f5d9c5489679e74808549aeb0f21c7e0 0 0 0 0 0 1
train_jpeg/f601b6cafd0bf714b32638324cd8ad82 0 0 0 0 0 1
train_jpeg/f61449cc6425aaa9a62a422592f31aec 0 0 0 0 0 1
train_jpeg/f629fda93a2c6bcebb4f6bb2f19ed417 0 0 0 0 0 1
train_jpeg/f6aa0e6d5328c6d50d39231e17a84a86 0 0 0 0 0 1
train_jpeg/f6af2a5e063c579c60c35a75d2f1eaf2 0 0 0 0 0 1
train_jpeg/f6ee38b0c52f354da0a6cb2bf106533e 0 0 0 0 0 1
train_jpeg/f6fd89755a088368bc637389af0b3823 0 0 0 0 0 1
train_jpeg/f7035a18be2e45b719e82054b259ae17 0 0 0 0 0 1
train_jpeg/f70e3e8c1f86aff6d70d64e03c111994 0 0 0 0 0 1
train_jpeg/f715f41073c221efb6f0ffa2bed61629 0 0 0 0 0 1
train_jpeg/f71641309f591c6ccd3e0c98ff3d60c6 0 0 0 0 0 1
train_jpeg/f745f8829300c21e0f393c76fb2eaf65 0 0 0 0 0 1
train_jpeg/f74bd9bb6973dc5b599bfc339a004c67 0 0 0 0 0 1
train_jpeg/f7eb7ddcd2c60184f6e6b5e363e83aea 0 0 0 0 0 1
train_jpeg/f7f2a896c9e1c4537c4818e87b0394ef 0 0 0 0 0 1
train_jpeg/f7f6d5575afad78bc5811f2174b2311e 0 0 0 0 0 1
train_jpeg/f833690b5491c387aa490bba3321c98b 0 0 0 0 0 1
train_jpeg/f83881e1c123c169fe44b25644515b9e 0 0 0 0 0 1
train_jpeg/f8e4d37e293ab0b5122e50c291ae10ee 0 0 0 0 0 1
train_jpeg/f91454c7ea3f4c9f6754d8c0807f0861 0 0 0 0 0 1
train_jpeg/f951c8270c9c3ef2640def1874f5c348 0 0 0 0 0 1
train_jpeg/f968e70acdec121268a37f3b4676b735 0 0 0 0 0 1
train_jpeg/f97bdcee181e46c4a5acce8ec6c36c02 0 0 0 0 0 1
train_jpeg/f998ddf451a859e6ccbfc835d0f67389 0 0 0 0 0 1
train_jpeg/f9a5d584dd6faefc58653b19b2656104 0 0 0 0 0 1
train_jpeg/fa0ae4ec6e3d740de70401dd7b0652ee 0 0 0 0 0 1
train_jpeg/fa10bf7b75f3148eab1a777f632db131 0 0 0 0 0 1
train_jpeg/fa1b5304d0d3e86ae73ee2a286f3e08b 0 0 0 0 0 1
train_jpeg/fa8a619dcb85f74699af1582fdb5d80a 0 0 0 0 0 1
train_jpeg/fa9b00efe5d0ecb21d10219151b95c56 0 0 0 0 0 1
train_jpeg/fad7d9b912b9cd36ea45ba0c4ac51060 0 0 0 0 0 1
train_jpeg/fae791842eae77f2f91594b46f219382 0 0 0 0 0 1
train_jpeg/fb2e0545a43945076168917b21785001 0 0 0 0 0 1
train_jpeg/fb73232953e52c7b01d26681f5094b39 0 0 0 0 0 1
train_jpeg/fbb03bc06ead448a618f9040b1932196 0 0 0 0 0 1
train_jpeg/fc279b59645916b579298b5cb9790321 0 0 0 0 0 1
train_jpeg/fc70dfaae8c1a8873b8e1043542e491a 0 0 0 0 0 1
train_jpeg/fc96d4be137f6141c87826b536eaae17 0 0 0 0 0 1
train_jpeg/fca6c1b549ef5dacbdd009e188cc65b5 0 0 0 0 0 1
train_jpeg/fce8ed512837977d28876bd24e3f8c85 0 0 0 0 0 1
train_jpeg/fd0101d5a41b3c0a8743502692690bdb 0 0 0 0 0 1
train_jpeg/fd3d0487b4f4ee21cbaa2cf3b9fae8f5 0 0 0 0 0 1
train_jpeg/fd78c7d8b42f7d4c6c12e1ab79efbc65 0 0 0 0 0 1
train_jpeg/fd8b4cd2cef008b9fff719a170e9b32d 0 0 0 0 0 1
train_jpeg/fe095046c8e69bfe5d169425c73b3135 0 0 0 0 0 1
train_jpeg/fe0dcf9316baf361c09475973155976a 0 0 0 0 0 1
train_jpeg/fe427237f1d67a70e50ead16abdec79f 0 0 0 0 0 1
train_jpeg/fe6ffeafdba822278096b943236af88c 0 0 0 0 0 1
train_jpeg/fe7ae3274e29f67ed1aab93d54c0c2d2 0 0 0 0 0 1
train_jpeg/fe84b42ec9a773a7b37d50fdc5249ebc 0 0 0 0 0 1
train_jpeg/fe9ea4cc5d0c98dfb4590931b5a0e672 0 0 0 0 0 1
train_jpeg/feb2e0a1b33a4b19ec5d47cdb9fd907e 0 0 0 0 0 1
train_jpeg/fefdc7cd6e1db66bcacf35b1bf68aa47 0 0 0 0 0 1
train_jpeg/ff177d5fef1586b58fc89b1bf9cc5095 0 0 0 0 0 1
train_jpeg/ff23ccee56502576223bd8b8c70b6027 0 0 0 0 0 1
train_jpeg/ff30dbb59e633044661f968022eea1ef 0 0 0 0 0 1
train_jpeg/ff343db6538b6a6a043a5ec108df37dd 0 0 0 0 0 1
train_jpeg/ff73eeab69514f82ad611c0177b2813f 0 0 0 0 0 1
train_jpeg/ffe0131765a4c58a0f59abb68b192dbd 0 0 0 0 0 1
